playerName,teammate,teamId,count
A'Shawn Robinson,Chau Smith-Wade,0750,12
A'Shawn Robinson,Christian Rozeboom,0750,18
A'Shawn Robinson,Corey Thornton,0750,9
A'Shawn Robinson,D.J. Wonnum,0750,18
A'Shawn Robinson,Derrick Brown,0750,1
A'Shawn Robinson,Mike Jackson,0750,18
A'Shawn Robinson,Nick Scott,0750,18
A'Shawn Robinson,Patrick Jones II,0750,18
A'Shawn Robinson,Shemar Bartholomew,0750,9
A'Shawn Robinson,Shy Tuttle,0750,5
A'Shawn Robinson,Tershawn Wharton,0750,18
A'Shawn Robinson,Tre'von Moehrig,0750,18
A'Shawn Robinson,Trevin Wallace,0750,18
A.J. Arcuri,Anthony Torres,2510,22
A.J. Arcuri,Beaux Limmer,2510,48
A.J. Arcuri,Ben Dooley,2510,64
A.J. Arcuri,Blake Corum,2510,19
A.J. Arcuri,Brennan Presley,2510,66
A.J. Arcuri,Britain Covey,2510,79
A.J. Arcuri,Cody Schrader,2510,56
A.J. Arcuri,David Quessenberry,2510,24
A.J. Arcuri,Davis Allen,2510,11
A.J. Arcuri,Drake Stoops,2510,65
A.J. Arcuri,Dresser Winn,2510,28
A.J. Arcuri,Jarquez Hunter,2510,48
A.J. Arcuri,Justin Dedich,2510,62
A.J. Arcuri,KT Leveston,2510,102
A.J. Arcuri,Konata Mumpfield,2510,37
A.J. Arcuri,Mario Williams,2510,46
A.J. Arcuri,Mark Redman,2510,69
A.J. Arcuri,McCallan Castles,2510,8
A.J. Arcuri,Ronnie Rivers,2510,3
A.J. Arcuri,Stetson Bennett,2510,98
A.J. Arcuri,Terrance Ferguson,2510,20
A.J. Arcuri,Trey Wedig,2510,54
A.J. Arcuri,Tru Edwards,2510,54
A.J. Arcuri,Willie Lampkin,2510,36
A.J. Arcuri,Wyatt Bowles,2510,114
A.J. Arcuri,Xavier Smith,2510,27
A.J. Epenesa,Brandon Codrington,0610,14
A.J. Epenesa,Cam Lewis,0610,13
A.J. Epenesa,Christian Benford,0610,7
A.J. Epenesa,Cole Bishop,0610,13
A.J. Epenesa,DaQuan Jones,0610,1
A.J. Epenesa,Daequan Hardy,0610,6
A.J. Epenesa,Damar Hamlin,0610,33
A.J. Epenesa,Dane Jackson,0610,35
A.J. Epenesa,Darrick Forrest,0610,9
A.J. Epenesa,DeWayne Carter,0610,21
A.J. Epenesa,Deone Walker,0610,20
A.J. Epenesa,Dorian Strong,0610,32
A.J. Epenesa,Dorian Williams,0610,20
A.J. Epenesa,Ed Oliver,0610,1
A.J. Epenesa,Edefuan Ulofoshio,0610,3
A.J. Epenesa,Ja'Marcus Ingram,0610,3
A.J. Epenesa,Javon Solomon,0610,7
A.J. Epenesa,Joe Andreessen,0610,42
A.J. Epenesa,Jordan Hancock,0610,15
A.J. Epenesa,Keonta Jenkins,0610,12
A.J. Epenesa,Landon Jackson,0610,13
A.J. Epenesa,Larry Ogunjobi,0610,21
A.J. Epenesa,Matt Milano,0610,7
A.J. Epenesa,Michael Hoecht,0610,22
A.J. Epenesa,T.J. Sanders,0610,20
A.J. Epenesa,Taron Johnson,0610,6
A.J. Epenesa,Te'Cory Couch,0610,16
A.J. Epenesa,Tre'Davious White,0610,7
A.J. Epenesa,Wande Owens,0610,1
A.J. Green,Bill Norton,2510,10
A.J. Green,Brennan Jackson,2510,27
A.J. Green,Cam Lampkin,2510,10
A.J. Green,Charles Woods,2510,20
A.J. Green,Da'Jon Terry,2510,12
A.J. Green,Decarius Hawthorne,2510,6
A.J. Green,Derion Kendrick,2510,41
A.J. Green,Desjuan Johnson,2510,26
A.J. Green,Elias Neal,2510,22
A.J. Green,Jack Heflin,2510,27
A.J. Green,Jamil Muhammad,2510,16
A.J. Green,Josaiah Stewart,2510,12
A.J. Green,Josh Pearcy,2510,23
A.J. Green,Josh Wallace,2510,24
A.J. Green,Keir Thomas,2510,16
A.J. Green,Larrell Murchison,2510,21
A.J. Green,Malik Dixon-Williams,2510,28
A.J. Green,Nate Valcarcel,2510,35
A.J. Green,Nick Hampton,2510,20
A.J. Green,Pooh Paul Jr.,2510,25
A.J. Green,Shaun Dolac,2510,34
A.J. Green,Shaun Jolly,2510,34
A.J. Green,Tanner Ingle,2510,29
A.J. Green,Tony Fields II,2510,31
A.J. Green,Ty Hamilton,2510,21
A.J. Henning,Aaron Shampklin,2700,13
A.J. Henning,Addison West,2700,38
A.J. Henning,Alexander Mattison,2700,4
A.J. Henning,Andrew Armstrong,2700,29
A.J. Henning,Braeden Daniels,2700,36
A.J. Henning,Chris Myarick,2700,17
A.J. Henning,Daniel Brunskill,2700,1
A.J. Henning,Dee Eskridge,2700,1
A.J. Henning,Erik Ezukanma,2700,2
A.J. Henning,Hayden Rucci,2700,19
A.J. Henning,Jackson Carman,2700,4
A.J. Henning,Jalen McKenzie,2700,25
A.J. Henning,Josh Priebe,2700,38
A.J. Henning,Kion Smith,2700,25
A.J. Henning,Mason Brooks,2700,2
A.J. Henning,Mike Boone,2700,6
A.J. Henning,Monaray Baldwin,2700,5
A.J. Henning,Ollie Gordon II,2700,16
A.J. Henning,Pharaoh Brown,2700,5
A.J. Henning,Quinn Ewers,2700,38
A.J. Henning,Ryan Hayes,2700,26
A.J. Henning,Tahj Washington,2700,2
A.J. Henning,Tanner Conner,2700,1
A.J. Henning,Tarik Black,2700,6
A.J. Henning,Theo Wease Jr.,2700,30
A.J. Henning,Zach Wilson,2700,1
A.J. Woods,Andre' Sam,3700,1
A.J. Woods,Antwaun Powell-Ryland,3700,11
A.J. Woods,Dallas Gant,3700,12
A.J. Woods,Eli Ricks,3700,8
A.J. Woods,Gabe Hall,3700,1
A.J. Woods,Jacob Sykes,3700,11
A.J. Woods,Joe Evans,3700,11
A.J. Woods,Lance Dixon,3700,12
A.J. Woods,Lewis Cine,3700,12
A.J. Woods,Maxen Hook,3700,11
A.J. Woods,Ochaun Mathis,3700,11
A.J. Woods,Ogbo Okoronkwo,3700,1
A.J. Woods,Parry Nickerson,3700,12
A.J. Woods,Patrick Johnson,3700,1
A.J. Woods,Tariq Castro-Fields,3700,4
A.J. Woods,Ty Robinson,3700,1
A.T. Perry,Adam Prentice,1400,3
A.T. Perry,Alex Forsyth,1400,3
A.T. Perry,Alex Palczewski,1400,3
A.T. Perry,Audric EstimÃ©,1400,2
A.T. Perry,Blake Watson,1400,3
A.T. Perry,Caden Prieskorn,1400,5
A.T. Perry,Caleb Lohner,1400,6
A.T. Perry,Calvin Throckmorton,1400,3
A.T. Perry,Clay Webb,1400,6
A.T. Perry,Courtney Jackson,1400,4
A.T. Perry,Frank Crum,1400,3
A.T. Perry,Jerjuan Newton,1400,3
A.T. Perry,Joseph Michalski,1400,6
A.T. Perry,Kyrese Rowan,1400,3
A.T. Perry,Lucas Krull,1400,2
A.T. Perry,Marques Cox,1400,6
A.T. Perry,Matt Peart,1400,3
A.T. Perry,Michael Bandy,1400,1
A.T. Perry,Sam Ehlinger,1400,9
A.T. Perry,Tyler Badie,1400,4
A.T. Perry,Will Sherman,1400,6
A.T. Perry,Xavier Truss,1400,6
AJ Barner,Abraham Lucas,4600,10
AJ Barner,Anthony Bradford,4600,10
AJ Barner,Brady Russell,4600,1
AJ Barner,Cooper Kupp,4600,6
AJ Barner,Damien Martinez,4600,1
AJ Barner,Drew Lock,4600,2
AJ Barner,Elijah Arroyo,4600,2
AJ Barner,Eric Saubert,4600,4
AJ Barner,George Holani,4600,1
AJ Barner,Grey Zabel,4600,10
AJ Barner,Jalen Milroe,4600,1
AJ Barner,Jalen Sundell,4600,10
AJ Barner,Jaxon Smith-Njigba,4600,6
AJ Barner,Josh Jones,4600,10
AJ Barner,Marquez Valdes-Scantling,4600,3
AJ Barner,Robbie Ouzts,4600,4
AJ Barner,Sam Darnold,4600,8
AJ Barner,Tory Horton,4600,3
AJ Barner,Zach Charbonnet,4600,8
AJ Dillon,Ainias Smith,3700,15
AJ Dillon,Ben VanSumeren,3700,2
AJ Dillon,Brett Toth,3700,22
AJ Dillon,Darian Kinnard,3700,22
AJ Dillon,Darius Cooper,3700,21
AJ Dillon,Dorian Thompson-Robinson,3700,6
AJ Dillon,Drew Kendall,3700,22
AJ Dillon,E.J. Jenkins,3700,3
AJ Dillon,Elijah Cooks,3700,1
AJ Dillon,Harrison Bryant,3700,13
AJ Dillon,Johnny Wilson,3700,19
AJ Dillon,Kendall Lamm,3700,6
AJ Dillon,Kylen Granson,3700,11
AJ Dillon,Matt Pryor,3700,22
AJ Dillon,Myles Hinton,3700,16
AJ Dillon,Tanner McKee,3700,16
AJ Dillon,Terrace Marshall Jr.,3700,3
Aaron Banks,Chris Brooks,1800,9
Aaron Banks,Elgton Jenkins,1800,10
Aaron Banks,Jordan Love,1800,10
Aaron Banks,Jordan Morgan,1800,10
Aaron Banks,Josh Jacobs,1800,1
Aaron Banks,Luke Musgrave,1800,7
Aaron Banks,Malik Heath,1800,5
Aaron Banks,Matthew Golden,1800,10
Aaron Banks,Romeo Doubs,1800,10
Aaron Banks,Sean Rhyan,1800,10
Aaron Banks,Tucker Kraft,1800,8
Aaron Banks,Zach Tom,1800,10
Aaron Brewer,De'Von Achane,2700,8
Aaron Brewer,Dee Eskridge,2700,21
Aaron Brewer,James Daniels,2700,28
Aaron Brewer,Jaylen Waddle,2700,5
Aaron Brewer,Jaylen Wright,2700,7
Aaron Brewer,Jonah Savaiinaea,2700,28
Aaron Brewer,Julian Hill,2700,11
Aaron Brewer,Larry Borom,2700,28
Aaron Brewer,Malik Washington,2700,17
Aaron Brewer,Nick Westbrook-Ikhine,2700,25
Aaron Brewer,Ollie Gordon II,2700,13
Aaron Brewer,Patrick Paul,2700,28
Aaron Brewer,Pharaoh Brown,2700,17
Aaron Brewer,Tahj Washington,2700,1
Aaron Brewer,Tanner Conner,2700,15
Aaron Brewer,Tua Tagovailoa,2700,28
Aaron Shampklin,A.J. Henning,2700,13
Aaron Shampklin,Addison West,2700,16
Aaron Shampklin,Andrew Armstrong,2700,16
Aaron Shampklin,Braeden Daniels,2700,16
Aaron Shampklin,Chris Myarick,2700,10
Aaron Shampklin,Hayden Rucci,2700,9
Aaron Shampklin,Jalen McKenzie,2700,10
Aaron Shampklin,Josh Priebe,2700,16
Aaron Shampklin,Kion Smith,2700,12
Aaron Shampklin,Mason Brooks,2700,4
Aaron Shampklin,Quinn Ewers,2700,16
Aaron Shampklin,Ryan Hayes,2700,6
Aaron Shampklin,Tahj Washington,2700,1
Aaron Shampklin,Theo Wease Jr.,2700,15
Aaron Smith,Braiden McGregor,3430,23
Aaron Smith,Dean Clark,3430,65
Aaron Smith,Derrick Nnadi,3430,24
Aaron Smith,Eric Watts,3430,20
Aaron Smith,Fatorma Mulbah,3430,23
Aaron Smith,Isaiah Oliver,3430,26
Aaron Smith,Ja'Markis Weston n,3430,10
Aaron Smith,Jackson Sirmon,3430,25
Aaron Smith,Jamin Davis,3430,2
Aaron Smith,Jarius Monroe,3430,19
Aaron Smith,Jarrick Bernard-Converse,3430,38
Aaron Smith,Jay Tufele,3430,10
Aaron Smith,Jordan Clark,3430,23
Aaron Smith,Kingsley Jonathan,3430,35
Aaron Smith,Leonard Taylor III,3430,29
Aaron Smith,Malachi Moore,3430,26
Aaron Smith,Marcelino McCrary-Ball,3430,14
Aaron Smith,Mario Goodrich,3430,41
Aaron Smith,Michael Fletcher,3430,18
Aaron Smith,Payton Page,3430,35
Aaron Smith,Phidarian Mathis,3430,10
Aaron Smith,Qwan'tez Stiggers,3430,10
Aaron Smith,Rashad Weaver,3430,8
Aaron Smith,Ryan Cooper Jr.,3430,26
Aaron Smith,Tanner McCalister,3430,41
Aaron Smith,Tyler Baron,3430,33
Aaron Smith,Zaire Barnes,3430,36
Aaron Stinnie,Antwane Wells Jr.,3410,27
Aaron Stinnie,Austin Schlottmann,3410,71
Aaron Stinnie,Beaux Collins,3410,18
Aaron Stinnie,Bryan Hudson,3410,38
Aaron Stinnie,Cam Skattebo,3410,10
Aaron Stinnie,Chris Manhertz,3410,2
Aaron Stinnie,Da'Quan Felton,3410,20
Aaron Stinnie,Dalen Cambre,3410,34
Aaron Stinnie,Daniel Bellinger,3410,3
Aaron Stinnie,Dante Miller,3410,48
Aaron Stinnie,Devin Singletary,3410,4
Aaron Stinnie,Elijah Chatman,3410,3
Aaron Stinnie,Evan Neal,3410,19
Aaron Stinnie,Greg Dulcich,3410,36
Aaron Stinnie,Gunner Olszewski,3410,37
Aaron Stinnie,Ihmir Smith-Marsette,3410,15
Aaron Stinnie,Jake Kubas,3410,46
Aaron Stinnie,Jalin Hyatt,3410,17
Aaron Stinnie,Jameis Winston,3410,34
Aaron Stinnie,Jaxson Dart,3410,48
Aaron Stinnie,Jermaine Terry,3410,26
Aaron Stinnie,Jimmy Morrissey,3410,10
Aaron Stinnie,Jonathan Ward,3410,30
Aaron Stinnie,Jordan Bly,3410,9
Aaron Stinnie,Joshua Ezeudu,3410,51
Aaron Stinnie,Lil'Jordan Humphrey,3410,35
Aaron Stinnie,Marcus Mbow,3410,82
Aaron Stinnie,Montrell Washington,3410,25
Aaron Stinnie,Stone Forsythe,3410,51
Aaron Stinnie,Thomas Fidone II,3410,39
Aaron Stinnie,Tommy DeVito,3410,10
Aaron Stinnie,Zach Pascal,3410,22
Abdul Carter,Andru Phillips,3410,17
Abdul Carter,Art Green,3410,10
Abdul Carter,Bobby Okereke,3410,18
Abdul Carter,Brian Burns,3410,10
Abdul Carter,Chauncey Golston,3410,6
Abdul Carter,Chris Board,3410,1
Abdul Carter,Cordale Flott,3410,12
Abdul Carter,DJ Davidson,3410,5
Abdul Carter,Dane Belton,3410,19
Abdul Carter,Darius Alexander,3410,3
Abdul Carter,Darius Muasau,3410,8
Abdul Carter,Deonte Banks,3410,6
Abdul Carter,Dyontae Johnson,3410,3
Abdul Carter,Elijah Chatman,3410,13
Abdul Carter,Elijah Garcia,3410,1
Abdul Carter,Jevon Holland,3410,17
Abdul Carter,K'Von Wallace,3410,3
Abdul Carter,K.J. Cloyd,3410,2
Abdul Carter,Kayvon Thibodeaux,3410,14
Abdul Carter,Korie Black,3410,8
Abdul Carter,Makari Paige,3410,3
Abdul Carter,Micah McFadden,3410,19
Abdul Carter,Nic Jones,3410,3
Abdul Carter,O'Donnell Fortune,3410,1
Abdul Carter,Paulson Adebo,3410,17
Abdul Carter,Raheem Layne,3410,9
Abdul Carter,Rakeem Nunez-Roches,3410,16
Abdul Carter,Roy Robertson-Harris,3410,17
Abdul Carter,Tomon Fox,3410,2
Abdul Carter,Trace Ford,3410,1
Abdul Carter,Tyler Nubin,3410,6
Abraham Lucas,AJ Barner,4600,10
Abraham Lucas,Anthony Bradford,4600,37
Abraham Lucas,Brady Russell,4600,5
Abraham Lucas,Cody White,4600,2
Abraham Lucas,Cooper Kupp,4600,7
Abraham Lucas,Damien Martinez,4600,7
Abraham Lucas,Dareke Young,4600,9
Abraham Lucas,Drew Lock,4600,27
Abraham Lucas,Elijah Arroyo,4600,15
Abraham Lucas,Eric Saubert,4600,27
Abraham Lucas,George Holani,4600,20
Abraham Lucas,Grey Zabel,4600,37
Abraham Lucas,Jake Bobo,4600,18
Abraham Lucas,Jalen Milroe,4600,1
Abraham Lucas,Jalen Sundell,4600,37
Abraham Lucas,Jaxon Smith-Njigba,4600,8
Abraham Lucas,Josh Jones,4600,37
Abraham Lucas,Marquez Valdes-Scantling,4600,10
Abraham Lucas,Robbie Ouzts,4600,12
Abraham Lucas,Sam Darnold,4600,10
Abraham Lucas,Tory Horton,4600,24
Abraham Lucas,Zach Charbonnet,4600,10
Adam Butler,Chris Smith II,2520,7
Adam Butler,Darien Porter,2520,15
Adam Butler,Darnay Holmes,2520,2
Adam Butler,Devin White,2520,25
Adam Butler,Elandon Roberts,2520,14
Adam Butler,Eric Stokes,2520,25
Adam Butler,Germaine Pratt,2520,22
Adam Butler,Isaiah Pola-Mao,2520,25
Adam Butler,JJ Pegues,2520,4
Adam Butler,Jamal Adams,2520,3
Adam Butler,Jeremy Chinn,2520,22
Adam Butler,Jonah Laulu,2520,11
Adam Butler,Kyu Kelly,2520,10
Adam Butler,Malcolm Koonce,2520,13
Adam Butler,Maxx Crosby,2520,22
Adam Butler,Terrell Edmunds,2520,5
Adam Butler,Thomas Booker,2520,13
Adam Butler,Tonka Hemingway,2520,3
Adam Butler,Tyree Wilson,2520,9
Adam Gotsis,Anthony Nelson,4900,8
Adam Gotsis,Antonio Grier Jr.,4900,3
Adam Gotsis,Bryce Hall,4900,7
Adam Gotsis,C.J. Brewer,4900,18
Adam Gotsis,Chris Braswell,4900,20
Adam Gotsis,Christian Izien,4900,8
Adam Gotsis,Deion Jones,4900,21
Adam Gotsis,Elijah Roberts,4900,2
Adam Gotsis,Eric Banks,4900,14
Adam Gotsis,Greg Gaines,4900,16
Adam Gotsis,JJ Roberts,4900,1
Adam Gotsis,Jacob Parrish,4900,13
Adam Gotsis,JayVian Farr,4900,9
Adam Gotsis,John Bullock,4900,14
Adam Gotsis,Jose Ramirez,4900,15
Adam Gotsis,Josh Hayes,4900,8
Adam Gotsis,Kaevon Merriweather,4900,29
Adam Gotsis,Kindle Vildor,4900,24
Adam Gotsis,Markees Watts,4900,22
Adam Gotsis,Mike Greene,4900,16
Adam Gotsis,Nick Jackson,4900,26
Adam Gotsis,Rashad Wisdom,4900,20
Adam Gotsis,Roman Parodie,4900,7
Adam Gotsis,Shilo Sanders,4900,10
Adam Gotsis,SirVocea Dennis,4900,8
Adam Gotsis,Tre Avery,4900,7
Adam Gotsis,Warren Peeples,4900,7
Adam Gotsis,Will Brooks,4900,7
Adam Prentice,A.T. Perry,1400,3
Adam Prentice,Adam Trautman,1400,2
Adam Prentice,Alex Forsyth,1400,6
Adam Prentice,Alex Palczewski,1400,6
Adam Prentice,Audric EstimÃ©,1400,6
Adam Prentice,Ben Powers,1400,2
Adam Prentice,Blake Watson,1400,1
Adam Prentice,Bo Nix,1400,2
Adam Prentice,Caden Prieskorn,1400,7
Adam Prentice,Caleb Lohner,1400,2
Adam Prentice,Calvin Throckmorton,1400,6
Adam Prentice,Clay Webb,1400,5
Adam Prentice,Courtland Sutton,1400,2
Adam Prentice,Courtney Jackson,1400,3
Adam Prentice,Frank Crum,1400,7
Adam Prentice,Garett Bolles,1400,2
Adam Prentice,Jerjuan Newton,1400,6
Adam Prentice,Joaquin Davis,1400,2
Adam Prentice,Joseph Michalski,1400,6
Adam Prentice,Lucas Krull,1400,6
Adam Prentice,Luke Wattenberg,1400,2
Adam Prentice,Marques Cox,1400,6
Adam Prentice,Marvin Mims Jr.,1400,2
Adam Prentice,Matt Peart,1400,6
Adam Prentice,Mike McGlinchey,1400,2
Adam Prentice,Pat Bryant,1400,7
Adam Prentice,Quinn Meinerz,1400,2
Adam Prentice,RJ Harvey,1400,2
Adam Prentice,Sam Ehlinger,1400,12
Adam Prentice,Tyler Badie,1400,5
Adam Prentice,Will Sherman,1400,6
Adam Prentice,Xavier Truss,1400,6
Adam Thielen,Austin Corbett,0750,12
Adam Thielen,Bryce Young,0750,12
Adam Thielen,Brycen Tremayne,0750,2
Adam Thielen,Cade Mays,0750,4
Adam Thielen,Chuba Hubbard,0750,7
Adam Thielen,David Moore,0750,1
Adam Thielen,Ikem Ekwonu,0750,12
Adam Thielen,Ja'Tavion Sanders,0750,8
Adam Thielen,Ja'Tyre Carter,0750,8
Adam Thielen,Jalen Coker,0750,5
Adam Thielen,Mitchell Evans,0750,4
Adam Thielen,Rico Dowdle,0750,5
Adam Thielen,Robert Hunt,0750,12
Adam Thielen,Taylor Moton,0750,12
Adam Thielen,Tetairoa McMillan,0750,11
Adam Thielen,Xavier Legette,0750,5
Adam Trautman,Adam Prentice,1400,2
Adam Trautman,Alex Forsyth,1400,5
Adam Trautman,Alex Palczewski,1400,6
Adam Trautman,Ben Powers,1400,19
Adam Trautman,Bo Nix,1400,19
Adam Trautman,Caden Prieskorn,1400,1
Adam Trautman,Calvin Throckmorton,1400,5
Adam Trautman,Courtland Sutton,1400,17
Adam Trautman,Devaughn Vele,1400,4
Adam Trautman,Evan Engram,1400,6
Adam Trautman,Garett Bolles,1400,19
Adam Trautman,J.K. Dobbins,1400,1
Adam Trautman,Jarrett Stidham,1400,5
Adam Trautman,Lucas Krull,1400,1
Adam Trautman,Luke Wattenberg,1400,19
Adam Trautman,Marvin Mims Jr.,1400,17
Adam Trautman,Matt Peart,1400,5
Adam Trautman,Mike McGlinchey,1400,19
Adam Trautman,Pat Bryant,1400,7
Adam Trautman,Quinn Meinerz,1400,19
Adam Trautman,RJ Harvey,1400,19
Adam Trautman,Trent Sherfield,1400,4
Adam Trautman,Troy Franklin,1400,12
Adam Trautman,Tyler Badie,1400,4
Adam Trautman,Will Sherman,1400,5
Addison West,A.J. Henning,2700,38
Addison West,Aaron Shampklin,2700,16
Addison West,Alexander Mattison,2700,6
Addison West,Andrew Armstrong,2700,60
Addison West,Braeden Daniels,2700,67
Addison West,Chris Myarick,2700,40
Addison West,Erik Ezukanma,2700,2
Addison West,Hayden Rucci,2700,50
Addison West,Jackson Carman,2700,5
Addison West,Jalen McKenzie,2700,50
Addison West,Josh Priebe,2700,72
Addison West,Kion Smith,2700,46
Addison West,Mason Brooks,2700,4
Addison West,Mike Boone,2700,15
Addison West,Monaray Baldwin,2700,12
Addison West,Ollie Gordon II,2700,35
Addison West,Pharaoh Brown,2700,12
Addison West,Quinn Ewers,2700,72
Addison West,Ryan Hayes,2700,44
Addison West,Tahj Washington,2700,1
Addison West,Tarik Black,2700,9
Addison West,Theo Wease Jr.,2700,64
Adedayo Odeleye,Adisa Isaac,0325,1
Adedayo Odeleye,Aeneas Peebles,0325,6
Adedayo Odeleye,Basil Okoye,0325,13
Adedayo Odeleye,Beau Brade,0325,16
Adedayo Odeleye,C.J. Ravenell,0325,3
Adedayo Odeleye,Chandler Martin,0325,26
Adedayo Odeleye,David Ojabo,0325,5
Adedayo Odeleye,Desmond Igbinosun,0325,15
Adedayo Odeleye,Jacob Hummel,0325,1
Adedayo Odeleye,Jalyn Armour-Davis,0325,8
Adedayo Odeleye,Jay Higgins,0325,25
Adedayo Odeleye,Jayson Jones,0325,20
Adedayo Odeleye,Kaimon Rucker,0325,30
Adedayo Odeleye,Keondre Jackson,0325,18
Adedayo Odeleye,Keyon Martin,0325,16
Adedayo Odeleye,MJ Devonshire,0325,12
Adedayo Odeleye,Malik Hamm,0325,32
Adedayo Odeleye,Marquise Robinson,0325,25
Adedayo Odeleye,Mike Green,0325,2
Adedayo Odeleye,Reuben Lowery,0325,21
Adedayo Odeleye,Sanoussi Kane,0325,9
Adedayo Odeleye,T.J. Tampa,0325,23
Adedayo Odeleye,Teddye Buchanan,0325,9
Adedayo Odeleye,Thomas Graham Jr.,0325,5
Adedayo Odeleye,Trenton Simpson,0325,8
Adedayo Odeleye,William Kwenkeu,0325,1
Adetomiwa Adebawore,Alex Johnson,2200,9
Adetomiwa Adebawore,Austin Ajiake,2200,26
Adetomiwa Adebawore,Cameron McGrone,2200,24
Adetomiwa Adebawore,Camryn Bynum,2200,8
Adetomiwa Adebawore,Charvarius Ward,2200,8
Adetomiwa Adebawore,Chris Lammons,2200,37
Adetomiwa Adebawore,Daniel Scott,2200,32
Adetomiwa Adebawore,DeForest Buckner,2200,5
Adetomiwa Adebawore,Desmond Little,2200,5
Adetomiwa Adebawore,Devonta Davis,2200,1
Adetomiwa Adebawore,Duke Shelley,2200,18
Adetomiwa Adebawore,Durell Nchami,2200,33
Adetomiwa Adebawore,Eric Johnson,2200,6
Adetomiwa Adebawore,Grover Stewart,2200,3
Adetomiwa Adebawore,Hunter Wohler,2200,20
Adetomiwa Adebawore,Isaiah Land,2200,16
Adetomiwa Adebawore,JT Tuimoloau,2200,40
Adetomiwa Adebawore,Jacob Phillips,2200,1
Adetomiwa Adebawore,Joe Bachie,2200,22
Adetomiwa Adebawore,Johnathan Edwards,2200,36
Adetomiwa Adebawore,Josh Tupou,2200,6
Adetomiwa Adebawore,Julius Brents,2200,14
Adetomiwa Adebawore,Kwity Paye,2200,1
Adetomiwa Adebawore,Laiatu Latu,2200,11
Adetomiwa Adebawore,Neville Gallimore,2200,23
Adetomiwa Adebawore,Rodney Thomas,2200,40
Adetomiwa Adebawore,Samuel Womack,2200,19
Adetomiwa Adebawore,Segun Olubi,2200,20
Adetomiwa Adebawore,Solomon DeShields,2200,6
Adetomiwa Adebawore,Tim Smith,2200,6
Adetomiwa Adebawore,Tre Herndon,2200,5
Adetomiwa Adebawore,Trey Washington,2200,9
Adetomiwa Adebawore,Tyquan Lewis,2200,10
Adin Huntington,Cameron Mitchell,1050,9
Adin Huntington,Cameron Thomas,1050,19
Adin Huntington,Carson Schwesinger,1050,1
Adin Huntington,Charlie Thomas,1050,19
Adin Huntington,Chigozie Anusiem,1050,10
Adin Huntington,Chris Edmonds,1050,55
Adin Huntington,Christian Holmes,1050,12
Adin Huntington,Damontae Kazee,1050,14
Adin Huntington,Darius Rush,1050,18
Adin Huntington,David Njoku,1050,1
Adin Huntington,Dawand Jones,1050,1
Adin Huntington,Devin Bush,1050,1
Adin Huntington,Dom Jones,1050,16
Adin Huntington,Donovan McMillon,1050,45
Adin Huntington,Dylan Sampson,1050,1
Adin Huntington,Easton Mascarenas-Arnold,1050,46
Adin Huntington,Ethan Pocic,1050,1
Adin Huntington,Isaiah McGuire,1050,1
Adin Huntington,Jack Conklin,1050,1
Adin Huntington,Jerome Baker,1050,6
Adin Huntington,Jerry Jeudy,1050,1
Adin Huntington,Joe Flacco,1050,1
Adin Huntington,Joe Tryon-Shoyinka,1050,3
Adin Huntington,Jowon Briggs,1050,8
Adin Huntington,Julian Okwara,1050,27
Adin Huntington,KJ Henry,1050,42
Adin Huntington,Kaden Davis,1050,1
Adin Huntington,Keenan Isaac,1050,26
Adin Huntington,LaMareon James,1050,14
Adin Huntington,Marvin Moody,1050,4
Adin Huntington,Mason Graham,1050,1
Adin Huntington,Myles Harden,1050,11
Adin Huntington,Nathaniel Watson,1050,30
Adin Huntington,Nik Needham,1050,35
Adin Huntington,Ralph Holley,1050,43
Adin Huntington,Rayshawn Jenkins,1050,2
Adin Huntington,Ronnie Hickman Jr.,1050,1
Adin Huntington,Sam Kamara,1050,8
Adin Huntington,Titus Leo,1050,24
Adin Huntington,Tony Brown,1050,19
Adin Huntington,Winston Reid,1050,10
Adin Huntington,Wyatt Teller,1050,1
Adin Huntington,Zak Zinter,1050,1
Adisa Isaac,Adedayo Odeleye,0325,1
Adisa Isaac,Aeneas Peebles,0325,13
Adisa Isaac,Basil Okoye,0325,11
Adisa Isaac,Beau Brade,0325,19
Adisa Isaac,Bilhal Kone,0325,5
Adisa Isaac,Brent Urban,0325,10
Adisa Isaac,C.J. Ravenell,0325,15
Adisa Isaac,Chandler Martin,0325,3
Adisa Isaac,David Ojabo,0325,17
Adisa Isaac,Jacob Hummel,0325,6
Adisa Isaac,Jalyn Armour-Davis,0325,21
Adisa Isaac,Jay Higgins,0325,3
Adisa Isaac,Jayson Jones,0325,12
Adisa Isaac,John Jenkins,0325,6
Adisa Isaac,Keondre Jackson,0325,3
Adisa Isaac,Keyon Martin,0325,18
Adisa Isaac,Malaki Starks,0325,7
Adisa Isaac,Marquise Robinson,0325,4
Adisa Isaac,Mike Green,0325,12
Adisa Isaac,Reuben Lowery,0325,9
Adisa Isaac,Sanoussi Kane,0325,20
Adisa Isaac,T.J. Tampa,0325,29
Adisa Isaac,Teddye Buchanan,0325,20
Adisa Isaac,Trenton Simpson,0325,20
Adisa Isaac,William Kwenkeu,0325,6
Adonai Mitchell,Andrew Ogletree,2200,36
Adonai Mitchell,Anthony Gould,2200,61
Adonai Mitchell,Anthony Richardson,2200,24
Adonai Mitchell,Ashton Dulin,2200,52
Adonai Mitchell,Blake Freeland,2200,37
Adonai Mitchell,Braden Smith,2200,12
Adonai Mitchell,DJ Giddens,2200,51
Adonai Mitchell,Dalton Tucker,2200,66
Adonai Mitchell,Daniel Jones,2200,41
Adonai Mitchell,Danny Pinter,2200,14
Adonai Mitchell,Jalen Travis,2200,79
Adonai Mitchell,Jonathan Taylor,2200,10
Adonai Mitchell,Laquon Treadwell,2200,14
Adonai Mitchell,Luke Tenuta,2200,30
Adonai Mitchell,Matt Goncalves,2200,79
Adonai Mitchell,Michael Pittman,2200,13
Adonai Mitchell,Mo Alie-Cox,2200,4
Adonai Mitchell,Quenton Nelson,2200,13
Adonai Mitchell,Riley Leonard,2200,14
Adonai Mitchell,Tanor Bortolini,2200,65
Adonai Mitchell,Tyler Goodson,2200,18
Adonai Mitchell,Tyler Warren,2200,29
Adonai Mitchell,Will Mallory,2200,28
Adoree' Jackson,Andre' Sam,3700,6
Adoree' Jackson,Andrew Mukuba,3700,18
Adoree' Jackson,Azeez Ojulari,3700,26
Adoree' Jackson,Brandon Johnson,3700,10
Adoree' Jackson,Byron Young,3700,14
Adoree' Jackson,Gabe Hall,3700,28
Adoree' Jackson,Jacob Sykes,3700,11
Adoree' Jackson,Jakorian Bennett,3700,6
Adoree' Jackson,Jeremiah Trotter Jr.,3700,33
Adoree' Jackson,Jihaad Campbell,3700,29
Adoree' Jackson,Joe Evans,3700,10
Adoree' Jackson,Joshua Uche,3700,26
Adoree' Jackson,Kelee Ringo,3700,33
Adoree' Jackson,Mac McWilliams,3700,14
Adoree' Jackson,Ogbo Okoronkwo,3700,13
Adoree' Jackson,Patrick Johnson,3700,13
Adoree' Jackson,Smael Mondon Jr.,3700,16
Adoree' Jackson,Sydney Brown,3700,39
Adoree' Jackson,Tristin McCollum,3700,15
Adoree' Jackson,Ty Robinson,3700,30
Adrian Martinez,Andrew Beck,3430,7
Adrian Martinez,Arian Smith,3430,49
Adrian Martinez,Armand Membou,3430,5
Adrian Martinez,Braelon Allen,3430,5
Adrian Martinez,Brandon Smith,3430,40
Adrian Martinez,Carter Warren,3430,68
Adrian Martinez,Chukwuma Okorafor,3430,18
Adrian Martinez,Donovan Edwards,3430,38
Adrian Martinez,Dymere Miller,3430,23
Adrian Martinez,Jamaal Pritchett,3430,64
Adrian Martinez,Jeremy Ruckert,3430,5
Adrian Martinez,Josh Myers,3430,24
Adrian Martinez,Kene Nwangwu,3430,27
Adrian Martinez,Kohl Levao,3430,91
Adrian Martinez,Lawrance Toafili,3430,21
Adrian Martinez,Liam Fornadel,3430,55
Adrian Martinez,Malachi Corley,3430,4
Adrian Martinez,Marquis Hayes,3430,64
Adrian Martinez,Max Mitchell,3430,39
Adrian Martinez,Neal Johnson,3430,30
Adrian Martinez,Pokey Wilson,3430,31
Adrian Martinez,Quentin Skinner,3430,40
Adrian Martinez,Samuel Jackson,3430,52
Adrian Martinez,Stone Smartt,3430,28
Adrian Martinez,Xavier Newman-Johnson,3430,39
Adrian Martinez,Zack Kuntz,3430,43
Aeneas Peebles,Adedayo Odeleye,0325,6
Aeneas Peebles,Adisa Isaac,0325,13
Aeneas Peebles,Basil Okoye,0325,26
Aeneas Peebles,Beau Brade,0325,37
Aeneas Peebles,Bilhal Kone,0325,8
Aeneas Peebles,Brent Urban,0325,4
Aeneas Peebles,C.J. Ravenell,0325,35
Aeneas Peebles,Chandler Martin,0325,36
Aeneas Peebles,David Ojabo,0325,32
Aeneas Peebles,Desmond Igbinosun,0325,16
Aeneas Peebles,Jacob Hummel,0325,7
Aeneas Peebles,Jalyn Armour-Davis,0325,32
Aeneas Peebles,Jay Higgins,0325,36
Aeneas Peebles,Jayson Jones,0325,16
Aeneas Peebles,John Jenkins,0325,1
Aeneas Peebles,Kaimon Rucker,0325,32
Aeneas Peebles,Keondre Jackson,0325,30
Aeneas Peebles,Keyon Martin,0325,45
Aeneas Peebles,MJ Devonshire,0325,9
Aeneas Peebles,Malaki Starks,0325,4
Aeneas Peebles,Malik Hamm,0325,39
Aeneas Peebles,Marquise Robinson,0325,39
Aeneas Peebles,Mike Green,0325,36
Aeneas Peebles,Reuben Lowery,0325,49
Aeneas Peebles,Sanoussi Kane,0325,37
Aeneas Peebles,T.J. Tampa,0325,63
Aeneas Peebles,Teddye Buchanan,0325,36
Aeneas Peebles,Thomas Graham Jr.,0325,5
Aeneas Peebles,Trenton Simpson,0325,35
Aeneas Peebles,William Kwenkeu,0325,4
Ahmani Marshall,Blake Whiteheart,1050,11
Ahmani Marshall,Brenden Bates,1050,35
Ahmani Marshall,Bucky Williams,1050,26
Ahmani Marshall,Cade McDonald,1050,24
Ahmani Marshall,Cedric Tillman,1050,2
Ahmani Marshall,Chase Cota,1050,16
Ahmani Marshall,Cornelius Lucas,1050,8
Ahmani Marshall,Dartanyan Tinsley,1050,13
Ahmani Marshall,Dawand Jones,1050,4
Ahmani Marshall,Dillon Gabriel,1050,15
Ahmani Marshall,Diontae Johnson,1050,14
Ahmani Marshall,Gage Larvadain,1050,29
Ahmani Marshall,Isaiah Bond,1050,1
Ahmani Marshall,Jackson Barton,1050,29
Ahmani Marshall,Jamari Thrash,1050,11
Ahmani Marshall,Jason Ivey,1050,37
Ahmani Marshall,Javion Cohen,1050,31
Ahmani Marshall,Kaden Davis,1050,30
Ahmani Marshall,Kilian Zierer,1050,16
Ahmani Marshall,Kisean Johnson,1050,12
Ahmani Marshall,Lorenzo Thompson,1050,29
Ahmani Marshall,Luke Floriea,1050,5
Ahmani Marshall,Luke Wypler,1050,29
Ahmani Marshall,Mitch Van Vooren,1050,4
Ahmani Marshall,Mitchell Van Vooren,1050,1
Ahmani Marshall,Sal Cannella,1050,25
Ahmani Marshall,Sebastian Gutierrez,1050,16
Ahmani Marshall,Shedeur Sanders,1050,29
Ahmani Marshall,Teven Jenkins,1050,22
Ahmani Marshall,Tyler Huntley,1050,11
Ahmani Marshall,Zak Zinter,1050,15
Ahmed Hassanein,Al-Quadin Muhammad,1540,9
Ahmed Hassanein,Allan George,1540,5
Ahmed Hassanein,Anthony Pittman,1540,12
Ahmed Hassanein,Avonte Maddox,1540,21
Ahmed Hassanein,Brodric Martin,1540,6
Ahmed Hassanein,Chris Smith,1540,16
Ahmed Hassanein,D.J. Miller,1540,3
Ahmed Hassanein,DaRon Gilbert,1540,5
Ahmed Hassanein,Dan Jackson,1540,8
Ahmed Hassanein,Dicaprio Bootle,1540,17
Ahmed Hassanein,Ennis Rakestraw Jr.,1540,11
Ahmed Hassanein,Erick Hallett,1540,24
Ahmed Hassanein,Ezekiel Turner,1540,23
Ahmed Hassanein,Grant Stuard,1540,15
Ahmed Hassanein,Ian Kennelly,1540,26
Ahmed Hassanein,Isaac Ukwu,1540,10
Ahmed Hassanein,Keith Cooper,1540,20
Ahmed Hassanein,Loren Strickland,1540,17
Ahmed Hassanein,Luq Barcoo,1540,1
Ahmed Hassanein,Mitchell Agude,1540,5
Ahmed Hassanein,Morice Norris Jr.,1540,3
Ahmed Hassanein,Myles Adams,1540,27
Ahmed Hassanein,Nate Lynn,1540,8
Ahmed Hassanein,Nick Whiteside,1540,11
Ahmed Hassanein,Pat O'Connor,1540,9
Ahmed Hassanein,Raequan Williams,1540,4
Ahmed Hassanein,Rock Ya-Sin,1540,22
Ahmed Hassanein,Trevor Nowaske,1540,20
Ahmed Hassanein,Tyson Russell,1540,12
Ahmed Hassanein,Zach Cunningham,1540,10
Aidan O'Connell,Alex Bachman,2520,52
Aidan O'Connell,Alex Cappa,2520,10
Aidan O'Connell,Ashton Jeanty,2520,4
Aidan O'Connell,Atonio Mafi,2520,27
Aidan O'Connell,Caleb Rogers,2520,82
Aidan O'Connell,Carter Runyon,2520,26
Aidan O'Connell,Charles Grant,2520,76
Aidan O'Connell,Chris Collier,2520,13
Aidan O'Connell,Collin Johnson,2520,41
Aidan O'Connell,DJ Glaze,2520,6
Aidan O'Connell,Dont'e Thornton Jr.,2520,17
Aidan O'Connell,Dylan Laube,2520,8
Aidan O'Connell,Gottlieb Ayedze,2520,14
Aidan O'Connell,Ian Thomas,2520,29
Aidan O'Connell,Jack Bech,2520,49
Aidan O'Connell,Jackson Powers-Johnson,2520,31
Aidan O'Connell,Jordan Meredith,2520,31
Aidan O'Connell,Justin Shorter,2520,24
Aidan O'Connell,Ketron Jackson Jr.,2520,1
Aidan O'Connell,Michael Mayer,2520,5
Aidan O'Connell,Phillip Dorsett,2520,34
Aidan O'Connell,Qadir Ismail,2520,24
Aidan O'Connell,Raheem Mostert,2520,18
Aidan O'Connell,Shedrick Jackson,2520,26
Aidan O'Connell,Sincere McCormick,2520,21
Aidan O'Connell,Thayer Munford Jr.,2520,82
Aidan O'Connell,Will Putnam,2520,51
Aidan O'Connell,Zamir White,2520,18
Aiden Williams,Andrus Peat,3900,19
Aiden Williams,Brandon Johnson,3900,15
Aiden Williams,Connor Heyward,3900,22
Aiden Williams,Doug Nester,3900,50
Aiden Williams,Dylan Cook,3900,31
Aiden Williams,Evan Hull,3900,13
Aiden Williams,Gareth Warren,3900,23
Aiden Williams,JJ Galbreath,3900,39
Aiden Williams,Kaleb Johnson,3900,13
Aiden Williams,Ke'Shawn Williams,3900,25
Aiden Williams,Lance McCutcheon,3900,18
Aiden Williams,Lew Nichols III,3900,11
Aiden Williams,Logan Woodside,3900,3
Aiden Williams,Max Hurleman,3900,32
Aiden Williams,Max Scharping,3900,50
Aiden Williams,Robert Woods,3900,18
Aiden Williams,Roc Taylor,3900,24
Aiden Williams,Scott Miller,3900,3
Aiden Williams,Skylar Thompson,3900,47
Aiden Williams,Steven Jones,3900,31
Aiden Williams,Trey Sermon,3900,13
Ainias Smith,AJ Dillon,3700,15
Ainias Smith,Brett Toth,3700,67
Ainias Smith,Cameron Latu,3700,3
Ainias Smith,Cameron Williams,3700,26
Ainias Smith,Darian Kinnard,3700,61
Ainias Smith,Darius Cooper,3700,59
Ainias Smith,Dorian Thompson-Robinson,3700,8
Ainias Smith,Drew Kendall,3700,60
Ainias Smith,E.J. Jenkins,3700,21
Ainias Smith,Elijah Cooks,3700,14
Ainias Smith,Grant Calcaterra,3700,7
Ainias Smith,Harrison Bryant,3700,10
Ainias Smith,Hollin Pierce,3700,5
Ainias Smith,Jahan Dotson,3700,4
Ainias Smith,John Metchie III,3700,10
Ainias Smith,Johnny Wilson,3700,36
Ainias Smith,Keilan Robinson,3700,27
Ainias Smith,Kendall Lamm,3700,26
Ainias Smith,Kenyon Green,3700,20
Ainias Smith,Kyle McCord,3700,41
Ainias Smith,Kylen Granson,3700,33
Ainias Smith,Matt Pryor,3700,38
Ainias Smith,Montrell Johnson Jr.,3700,28
Ainias Smith,Myles Hinton,3700,54
Ainias Smith,Nick Muse,3700,7
Ainias Smith,ShunDerrick Powell,3700,2
Ainias Smith,Tanner McKee,3700,31
Ainias Smith,Terrace Marshall Jr.,3700,35
Ainias Smith,Trevor Keegan,3700,39
Ainias Smith,Tyler Steen,3700,4
Ainias Smith,Will Shipley,3700,8
Aireontae Ersery,Blake Fisher,2120,33
Aireontae Ersery,Braxton Berrios,2120,2
Aireontae Ersery,Brevin Jordan,2120,6
Aireontae Ersery,C.J. Stroud,2120,13
Aireontae Ersery,Cade Stover,2120,20
Aireontae Ersery,Christian Kirk,2120,9
Aireontae Ersery,Dalton Schultz,2120,17
Aireontae Ersery,Dare Ogunbowale,2120,12
Aireontae Ersery,Davis Mills,2120,20
Aireontae Ersery,Ed Ingram,2120,33
Aireontae Ersery,Jake Andrews,2120,33
Aireontae Ersery,Jakob Johnson,2120,6
Aireontae Ersery,Jawhar Jordan,2120,2
Aireontae Ersery,Jayden Higgins,2120,17
Aireontae Ersery,Jaylin Noel,2120,10
Aireontae Ersery,John Metchie III,2120,5
Aireontae Ersery,Juice Scruggs,2120,10
Aireontae Ersery,Justin Watson,2120,5
Aireontae Ersery,Laken Tomlinson,2120,23
Aireontae Ersery,Nick Chubb,2120,11
Aireontae Ersery,Nico Collins,2120,11
Aireontae Ersery,Woody Marks,2120,8
Aireontae Ersery,Xavier Hutchinson,2120,24
Ajani Carter,Azizi Hearn,2310,26
Ajani Carter,Brandon George,2310,32
Ajani Carter,Christian Roland-Wallace,2310,8
Ajani Carter,Cole Christiansen,2310,2
Ajani Carter,Cooper McDonald,2310,20
Ajani Carter,Coziah Izzard,2310,33
Ajani Carter,Fabien Lovett Sr.,2310,24
Ajani Carter,Felix Anudike-Uzomah,2310,6
Ajani Carter,Glendon Miller,2310,26
Ajani Carter,Jacobe Covington,2310,18
Ajani Carter,Janarius Robinson,2310,4
Ajani Carter,Jeffrey Bassa,2310,21
Ajani Carter,Joshua Williams,2310,8
Ajani Carter,Kevin Knowles,2310,15
Ajani Carter,Major Williams,2310,18
Ajani Carter,Malik Herring,2310,33
Ajani Carter,Marlon Tuipulotu,2310,8
Ajani Carter,Nate Matlack,2310,23
Ajani Carter,Owen Carney,2310,5
Ajani Carter,Xander Mueller,2310,10
Ajani Cornelius,Asim Richards,1200,60
Ajani Cornelius,Brock Hoffman,1200,87
Ajani Cornelius,Deuce Vaughn,1200,23
Ajani Cornelius,Geron Christian,1200,57
Ajani Cornelius,Jalen Brooks,1200,85
Ajani Cornelius,Jalen Cropper,1200,23
Ajani Cornelius,Jaydon Blue,1200,17
Ajani Cornelius,Joe Milton III,1200,79
Ajani Cornelius,John Stephens Jr.,1200,3
Ajani Cornelius,Josh Kelly,1200,32
Ajani Cornelius,Malik Davis,1200,12
Ajani Cornelius,Nick Broeker,1200,46
Ajani Cornelius,Phil Mafah,1200,35
Ajani Cornelius,Princeton Fant,1200,24
Ajani Cornelius,Rivaldo Fairweather,1200,58
Ajani Cornelius,Ryan Flournoy,1200,63
Ajani Cornelius,Saahdiq Charles,1200,19
Ajani Cornelius,TJ Bass,1200,79
Ajani Cornelius,Traeshon Holden,1200,42
Ajani Cornelius,Tyler Neville,1200,18
Ajani Cornelius,Will Grier,1200,8
Ajou Ajou,Blake Freeland,2200,13
Ajou Ajou,Blayne Taylor,2200,18
Ajou Ajou,Coleman Owen,2200,36
Ajou Ajou,Jalen Travis,2200,11
Ajou Ajou,Jason Bean,2200,17
Ajou Ajou,Jelani Woods,2200,25
Ajou Ajou,Josh Sills,2200,42
Ajou Ajou,Khalil Herbert,2200,4
Ajou Ajou,Landon Parker,2200,24
Ajou Ajou,Luke Tenuta,2200,24
Ajou Ajou,Marcellus Johnson,2200,18
Ajou Ajou,Marshall Foerner,2200,18
Ajou Ajou,Maximilian Mang,2200,5
Ajou Ajou,Mose Vavao,2200,42
Ajou Ajou,Nate Noel,2200,3
Ajou Ajou,Nay'Quan Wright,2200,15
Ajou Ajou,Riley Leonard,2200,25
Ajou Ajou,Sean McKeon,2200,16
Ajou Ajou,Tyler Kahmann,2200,2
Ajou Ajou,Ulysses Bentley IV,2200,20
Ajou Ajou,Wesley French,2200,42
Akayleb Evans,Bam Martin-Scott,0750,17
Akayleb Evans,Cam Jackson,0750,12
Akayleb Evans,Carlos Basham,0750,26
Akayleb Evans,Claudin Cherelus,0750,14
Akayleb Evans,Corey Thornton,0750,23
Akayleb Evans,Demani Richardson,0750,44
Akayleb Evans,Isaac Gifford,0750,4
Akayleb Evans,J.J. Weaver,0750,8
Akayleb Evans,Jacoby Windmon,0750,11
Akayleb Evans,Jaden Crumedy,0750,26
Akayleb Evans,Jared Harrison-Hunte,0750,26
Akayleb Evans,Jon Rhattigan,0750,11
Akayleb Evans,Krys Barnes,0750,31
Akayleb Evans,Lathan Ransom,0750,44
Akayleb Evans,Michael Reid,0750,6
Akayleb Evans,Princely Umanmielen,0750,28
Akayleb Evans,Sam Roberts,0750,33
Akayleb Evans,Shemar Bartholomew,0750,15
Akayleb Evans,Shy Tuttle,0750,8
Akayleb Evans,Thomas Incoom,0750,26
Akayleb Evans,Tre Swilling,0750,21
Akayleb Evans,Trevian Thomas,0750,6
Akeem Davis-Gaither,Anthony Goodlow,3800,7
Akeem Davis-Gaither,Baron Browning,3800,8
Akeem Davis-Gaither,Benton Whitley,3800,3
Akeem Davis-Gaither,Budda Baker,3800,8
Akeem Davis-Gaither,Cody Simon,3800,10
Akeem Davis-Gaither,Dadrion Taylor-Demerson,3800,23
Akeem Davis-Gaither,Dalvin Tomlinson,3800,4
Akeem Davis-Gaither,Dante Stills,3800,11
Akeem Davis-Gaither,Darius Robinson,3800,7
Akeem Davis-Gaither,Darren Hall,3800,16
Akeem Davis-Gaither,Denzel Burke,3800,16
Akeem Davis-Gaither,Elijah Simmons,3800,5
Akeem Davis-Gaither,Elliott Brown,3800,5
Akeem Davis-Gaither,Garrett Williams,3800,8
Akeem Davis-Gaither,Jalen Thompson,3800,8
Akeem Davis-Gaither,Joey Blount,3800,11
Akeem Davis-Gaither,Jordan Burch,3800,21
Akeem Davis-Gaither,Kei'Trel Clark,3800,8
Akeem Davis-Gaither,Kitan Crawford,3800,12
Akeem Davis-Gaither,Kyon Barrs,3800,3
Akeem Davis-Gaither,L.J. Collier,3800,22
Akeem Davis-Gaither,Mack Wilson,3800,8
Akeem Davis-Gaither,Max Melton,3800,15
Akeem Davis-Gaither,Owen Pappoe,3800,11
Akeem Davis-Gaither,PJ Mustipher,3800,11
Akeem Davis-Gaither,Patrick Jenkins,3800,1
Akeem Davis-Gaither,Will Johnson,3800,23
Akeem Davis-Gaither,Xavier Thomas,3800,17
Akeem Davis-Gaither,Zaven Collins,3800,8
Al-Quadin Muhammad,Ahmed Hassanein,1540,9
Al-Quadin Muhammad,Allan George,1540,14
Al-Quadin Muhammad,Anthony Pittman,1540,5
Al-Quadin Muhammad,Avonte Maddox,1540,47
Al-Quadin Muhammad,Chris Smith,1540,53
Al-Quadin Muhammad,D.J. Miller,1540,23
Al-Quadin Muhammad,Dicaprio Bootle,1540,8
Al-Quadin Muhammad,Ennis Rakestraw Jr.,1540,13
Al-Quadin Muhammad,Erick Hallett,1540,43
Al-Quadin Muhammad,Grant Stuard,1540,67
Al-Quadin Muhammad,Ian Kennelly,1540,31
Al-Quadin Muhammad,Isaac Ukwu,1540,2
Al-Quadin Muhammad,Keith Cooper,1540,19
Al-Quadin Muhammad,Loren Strickland,1540,13
Al-Quadin Muhammad,Luq Barcoo,1540,2
Al-Quadin Muhammad,Mitchell Agude,1540,6
Al-Quadin Muhammad,Myles Adams,1540,27
Al-Quadin Muhammad,Nate Lynn,1540,26
Al-Quadin Muhammad,Nick Whiteside,1540,21
Al-Quadin Muhammad,Pat O'Connor,1540,41
Al-Quadin Muhammad,Raequan Williams,1540,4
Al-Quadin Muhammad,Rock Ya-Sin,1540,67
Al-Quadin Muhammad,Trevor Nowaske,1540,32
Al-Quadin Muhammad,Tyleik Williams,1540,14
Al-Quadin Muhammad,Tyson Russell,1540,29
Al-Quadin Muhammad,Zach Cunningham,1540,54
Albert Okwuegbunam,Alex Bachman,2520,4
Albert Okwuegbunam,Atonio Mafi,2520,24
Albert Okwuegbunam,Caleb Rogers,2520,8
Albert Okwuegbunam,Cam Miller,2520,33
Albert Okwuegbunam,Charles Grant,2520,8
Albert Okwuegbunam,Chris Collier,2520,17
Albert Okwuegbunam,Collin Johnson,2520,8
Albert Okwuegbunam,Dalton Wagner,2520,25
Albert Okwuegbunam,Dont'e Thornton Jr.,2520,4
Albert Okwuegbunam,Dylan Laube,2520,11
Albert Okwuegbunam,Gottlieb Ayedze,2520,17
Albert Okwuegbunam,Jack Bech,2520,4
Albert Okwuegbunam,Jarrod Hufford,2520,25
Albert Okwuegbunam,Justin Shorter,2520,11
Albert Okwuegbunam,Kawaan Baker,2520,3
Albert Okwuegbunam,Ketron Jackson Jr.,2520,17
Albert Okwuegbunam,Laki Tasi,2520,17
Albert Okwuegbunam,Marquez Callaway,2520,10
Albert Okwuegbunam,Parker Clements,2520,25
Albert Okwuegbunam,Phillip Dorsett,2520,11
Albert Okwuegbunam,Raheem Mostert,2520,2
Albert Okwuegbunam,Shedrick Jackson,2520,12
Albert Okwuegbunam,Sincere McCormick,2520,1
Albert Okwuegbunam,Thayer Munford Jr.,2520,8
Albert Okwuegbunam,Tommy Mellott,2520,15
Albert Okwuegbunam,Will Putnam,2520,8
Albert Okwuegbunam,Zamir White,2520,2
Ale Kaho,Allan George,5110,9
Ale Kaho,Andre Jones Jr.,5110,46
Ale Kaho,Antonio Hamilton,5110,28
Ale Kaho,Ben Nikkel,5110,46
Ale Kaho,Bobby Price,5110,38
Ale Kaho,Car'lin Vigers,5110,72
Ale Kaho,Carl Davis,5110,27
Ale Kaho,Clelin Ferrell,5110,44
Ale Kaho,Daron Payne,5110,1
Ale Kaho,Daryl Worley,5110,28
Ale Kaho,Deatrich Wise,5110,7
Ale Kaho,Dominique Hampton,5110,1
Ale Kaho,Duke Riley,5110,28
Ale Kaho,Eddie Goldman,5110,30
Ale Kaho,Essang Bassey,5110,12
Ale Kaho,Jacob Martin,5110,14
Ale Kaho,Jalyn Holmes,5110,50
Ale Kaho,Jer'Zhan Newton,5110,26
Ale Kaho,Jeremy Reaves,5110,21
Ale Kaho,Kain Medrano,5110,44
Ale Kaho,Kam Arnold,5110,14
Ale Kaho,Mike Sainristil,5110,2
Ale Kaho,Noah Igbinoghene,5110,50
Ale Kaho,Norell Pollard,5110,16
Ale Kaho,Percy Butler,5110,25
Ale Kaho,Quan Martin,5110,2
Ale Kaho,Ricky Barber,5110,15
Ale Kaho,Robert McDaniel,5110,39
Ale Kaho,Sheldon Day,5110,41
Ale Kaho,T.J. Maguranyanga,5110,13
Ale Kaho,Tyler Owens,5110,18
Ale Kaho,Will Harris,5110,2
Alec Lindstrom,Ben Wooldridge,3200,66
Alec Lindstrom,CJ Dippre,3200,40
Alec Lindstrom,Caedan Wallace,3200,26
Alec Lindstrom,Cole Fotheringham,3200,34
Alec Lindstrom,Demontrey Jacobs,3200,62
Alec Lindstrom,Efton Chism III,3200,13
Alec Lindstrom,Gee Scott Jr.,3200,19
Alec Lindstrom,JaMycal Hasty,3200,16
Alec Lindstrom,Jack Conley,3200,66
Alec Lindstrom,Jack Westover,3200,3
Alec Lindstrom,Jaheim Bell,3200,11
Alec Lindstrom,Javon Baker,3200,25
Alec Lindstrom,Jeremiah Webb,3200,53
Alec Lindstrom,John Jiles,3200,45
Alec Lindstrom,Kyle Williams,3200,6
Alec Lindstrom,Lan Larison,3200,13
Alec Lindstrom,Layden Robinson,3200,34
Alec Lindstrom,Marcus Bryant,3200,4
Alec Lindstrom,Mehki Butler,3200,50
Alec Lindstrom,Micah Bernard,3200,7
Alec Lindstrom,Phil Lutz,3200,15
Alec Lindstrom,Shane Watts,3200,19
Alec Lindstrom,Terrell Jennings,3200,11
Alec Lindstrom,Tyrese Robinson,3200,22
Alex Austin,Anfernee Jennings,3200,26
Alex Austin,Bradyn Swinson,3200,10
Alex Austin,Brenden Schooler,3200,6
Alex Austin,Cam Riley,3200,8
Alex Austin,Carlton Davis III,3200,6
Alex Austin,Christian Elliss,3200,14
Alex Austin,Craig Woodson,3200,52
Alex Austin,DJ James,3200,29
Alex Austin,David Olajiga,3200,3
Alex Austin,Dell Pettus,3200,8
Alex Austin,Elijah Ponder,3200,19
Alex Austin,Harold Landry III,3200,6
Alex Austin,Isaiah Iton,3200,18
Alex Austin,Jabrill Peppers,3200,16
Alex Austin,Jack Gibbens,3200,40
Alex Austin,Jahvaree Ritzie,3200,2
Alex Austin,Jaylinn Hawkins,3200,23
Alex Austin,Jeremiah Pharms Jr.,3200,22
Alex Austin,Joshua Farmer,3200,36
Alex Austin,K'Lavon Chaisson,3200,5
Alex Austin,Keion White,3200,28
Alex Austin,Khyiris Tonga,3200,14
Alex Austin,Kobee Minor,3200,20
Alex Austin,Kyle Dugger,3200,18
Alex Austin,Kyle Peko,3200,15
Alex Austin,Marcus Epps,3200,10
Alex Austin,Marcus Jones,3200,12
Alex Austin,Marte Mapu,3200,29
Alex Austin,Miles Battle,3200,44
Alex Austin,Milton Williams,3200,15
Alex Austin,Monty Rice,3200,5
Alex Austin,Robert Spillane,3200,15
Alex Austin,Truman Jones,3200,26
Alex Bachman,Aidan O'Connell,2520,52
Alex Bachman,Albert Okwuegbunam,2520,4
Alex Bachman,Alex Cappa,2520,10
Alex Bachman,Ashton Jeanty,2520,4
Alex Bachman,Atonio Mafi,2520,31
Alex Bachman,Caleb Rogers,2520,66
Alex Bachman,Cam Miller,2520,14
Alex Bachman,Carter Runyon,2520,7
Alex Bachman,Charles Grant,2520,60
Alex Bachman,Chris Collier,2520,1
Alex Bachman,Collin Johnson,2520,39
Alex Bachman,DJ Glaze,2520,6
Alex Bachman,Dont'e Thornton Jr.,2520,27
Alex Bachman,Dylan Laube,2520,2
Alex Bachman,Ian Thomas,2520,34
Alex Bachman,Jack Bech,2520,61
Alex Bachman,Jackson Powers-Johnson,2520,25
Alex Bachman,Jordan Meredith,2520,25
Alex Bachman,Michael Mayer,2520,5
Alex Bachman,Phillip Dorsett,2520,5
Alex Bachman,Qadir Ismail,2520,16
Alex Bachman,Raheem Mostert,2520,20
Alex Bachman,Sincere McCormick,2520,20
Alex Bachman,Thayer Munford Jr.,2520,66
Alex Bachman,Will Putnam,2520,41
Alex Bachman,Zamir White,2520,19
Alex Cappa,Aidan O'Connell,2520,10
Alex Cappa,Alex Bachman,2520,10
Alex Cappa,Caleb Rogers,2520,10
Alex Cappa,Charles Grant,2520,10
Alex Cappa,Dont'e Thornton Jr.,2520,10
Alex Cappa,Ian Thomas,2520,8
Alex Cappa,Jack Bech,2520,10
Alex Cappa,Qadir Ismail,2520,2
Alex Cappa,Raheem Mostert,2520,5
Alex Cappa,Thayer Munford Jr.,2520,10
Alex Cappa,Will Putnam,2520,10
Alex Cappa,Zamir White,2520,5
Alex Cook,Amen Ogbongbemiga,0810,13
Alex Cook,Andrew Billings,0810,25
Alex Cook,Austin Booker,0810,15
Alex Cook,Carl Jones,0810,45
Alex Cook,Chris Williams,0810,22
Alex Cook,Daniel Hardy,0810,56
Alex Cook,Dominique Robinson,0810,20
Alex Cook,Jamree Kromah,0810,54
Alex Cook,Jeremiah Walker,0810,61
Alex Cook,Jonathan Ford,0810,64
Alex Cook,Jonathan Owens,0810,41
Alex Cook,Josh Blackwell,0810,15
Alex Cook,Kaleb Hayes,0810,23
Alex Cook,Mark Perry,0810,29
Alex Cook,Mekhi Garner,0810,49
Alex Cook,Nick McCloud,0810,31
Alex Cook,Noah Sewell,0810,25
Alex Cook,Power Echols,0810,51
Alex Cook,Ruben Hyppolite II,0810,42
Alex Cook,Swayze Bozeman,0810,38
Alex Cook,Tanoh Kpassagnon,0810,24
Alex Cook,Terell Smith,0810,20
Alex Cook,Tre Flowers,0810,72
Alex Cook,Tysheem Johnson,0810,27
Alex Cook,Xavier Carlton,0810,45
Alex Cook,Zacch Pickens,0810,63
Alex Forsyth,A.T. Perry,1400,3
Alex Forsyth,Adam Prentice,1400,6
Alex Forsyth,Adam Trautman,1400,5
Alex Forsyth,Alex Palczewski,1400,82
Alex Forsyth,Audric EstimÃ©,1400,9
Alex Forsyth,Blake Watson,1400,27
Alex Forsyth,Caden Prieskorn,1400,18
Alex Forsyth,Caleb Lohner,1400,7
Alex Forsyth,Calvin Throckmorton,1400,80
Alex Forsyth,Devaughn Vele,1400,10
Alex Forsyth,Evan Engram,1400,9
Alex Forsyth,Frank Crum,1400,52
Alex Forsyth,Jaleel McLaughlin,1400,13
Alex Forsyth,Jarrett Stidham,1400,64
Alex Forsyth,Jerjuan Newton,1400,33
Alex Forsyth,Kyrese Rowan,1400,4
Alex Forsyth,Lucas Krull,1400,74
Alex Forsyth,Marvin Mims Jr.,1400,1
Alex Forsyth,Matt Peart,1400,94
Alex Forsyth,Michael Bandy,1400,39
Alex Forsyth,Nick Gargiulo,1400,34
Alex Forsyth,Pat Bryant,1400,82
Alex Forsyth,RJ Harvey,1400,10
Alex Forsyth,Sam Ehlinger,1400,30
Alex Forsyth,Trent Sherfield,1400,38
Alex Forsyth,Troy Franklin,1400,47
Alex Forsyth,Tyler Badie,1400,35
Alex Forsyth,Will Sherman,1400,34
Alex Huntley,BJ Adams,2700,23
Alex Huntley,Ben Stille,2700,14
Alex Huntley,Cam Smith,2700,17
Alex Huntley,Cameron Dantzler,2700,11
Alex Huntley,Cameron Goode,2700,24
Alex Huntley,Channing Tindall,2700,29
Alex Huntley,Cornell Armstrong,2700,8
Alex Huntley,Dequan Jackson,2700,23
Alex Huntley,Derrick McLendon,2700,25
Alex Huntley,Elijah Campbell,2700,6
Alex Huntley,Ethan Robinson,2700,8
Alex Huntley,Eugene Asante,2700,17
Alex Huntley,Grayson Murphy,2700,16
Alex Huntley,Isaiah Johnson,2700,27
Alex Huntley,Jack Jones,2700,1
Alex Huntley,Jason Marshall Jr.,2700,7
Alex Huntley,John Saunders Jr.,2700,25
Alex Huntley,Jordan Colbert,2700,31
Alex Huntley,K.J. Britt,2700,3
Alex Huntley,Matt Dickerson,2700,20
Alex Huntley,Matthew Butler,2700,7
Alex Huntley,Mike Hilton,2700,4
Alex Huntley,Mohamed Kamara,2700,5
Alex Huntley,Patrick McMorris,2700,14
Alex Huntley,Quinton Bell,2700,10
Alex Huntley,Zeek Biggers,2700,25
Alex Johnson,Adetomiwa Adebawore,2200,9
Alex Johnson,Austin Ajiake,2200,26
Alex Johnson,BJ Mayes,2200,49
Alex Johnson,Cameron McGrone,2200,5
Alex Johnson,Chris Lammons,2200,7
Alex Johnson,Daniel Scott,2200,74
Alex Johnson,Desmond Little,2200,47
Alex Johnson,Devonta Davis,2200,39
Alex Johnson,Duke Shelley,2200,24
Alex Johnson,Durell Nchami,2200,22
Alex Johnson,Eric Johnson,2200,39
Alex Johnson,Hunter Wohler,2200,13
Alex Johnson,Isaiah Land,2200,44
Alex Johnson,JT Tuimoloau,2200,39
Alex Johnson,Jacob Phillips,2200,12
Alex Johnson,Jake Chaney,2200,12
Alex Johnson,Joe Bachie,2200,5
Alex Johnson,Johnathan Edwards,2200,30
Alex Johnson,Joseph Vaughn,2200,12
Alex Johnson,Josh Tupou,2200,41
Alex Johnson,Kwity Paye,2200,1
Alex Johnson,Ladarius Tennison,2200,29
Alex Johnson,Laiatu Latu,2200,1
Alex Johnson,Marcus Haynes,2200,26
Alex Johnson,Neville Gallimore,2200,10
Alex Johnson,Rodney Thomas,2200,13
Alex Johnson,Samuel Womack,2200,25
Alex Johnson,Segun Olubi,2200,62
Alex Johnson,Solomon DeShields,2200,42
Alex Johnson,Tim Smith,2200,44
Alex Johnson,Trey Washington,2200,75
Alex Palczewski,A.T. Perry,1400,3
Alex Palczewski,Adam Prentice,1400,6
Alex Palczewski,Adam Trautman,1400,6
Alex Palczewski,Alex Forsyth,1400,82
Alex Palczewski,Audric EstimÃ©,1400,9
Alex Palczewski,Ben Powers,1400,1
Alex Palczewski,Blake Watson,1400,21
Alex Palczewski,Bo Nix,1400,1
Alex Palczewski,Caden Prieskorn,1400,18
Alex Palczewski,Caleb Lohner,1400,7
Alex Palczewski,Calvin Throckmorton,1400,80
Alex Palczewski,Courtland Sutton,1400,1
Alex Palczewski,Devaughn Vele,1400,10
Alex Palczewski,Evan Engram,1400,9
Alex Palczewski,Frank Crum,1400,40
Alex Palczewski,Garett Bolles,1400,1
Alex Palczewski,Jaleel McLaughlin,1400,13
Alex Palczewski,Jarrett Stidham,1400,52
Alex Palczewski,Jerjuan Newton,1400,31
Alex Palczewski,Kyrese Rowan,1400,2
Alex Palczewski,Lucas Krull,1400,62
Alex Palczewski,Luke Wattenberg,1400,1
Alex Palczewski,Marvin Mims Jr.,1400,2
Alex Palczewski,Matt Peart,1400,82
Alex Palczewski,Michael Bandy,1400,37
Alex Palczewski,Mike McGlinchey,1400,1
Alex Palczewski,Nick Gargiulo,1400,22
Alex Palczewski,Pat Bryant,1400,73
Alex Palczewski,Quinn Meinerz,1400,1
Alex Palczewski,RJ Harvey,1400,11
Alex Palczewski,Sam Ehlinger,1400,30
Alex Palczewski,Trent Sherfield,1400,28
Alex Palczewski,Troy Franklin,1400,36
Alex Palczewski,Tyler Badie,1400,29
Alex Palczewski,Will Sherman,1400,22
Alex Singleton,Brandon Jones,1400,10
Alex Singleton,D.J. Jones,1400,3
Alex Singleton,Dondrea Tillman,1400,3
Alex Singleton,Eyioma Uwazurike,1400,1
Alex Singleton,Ja'Quan McMillian,1400,5
Alex Singleton,Jahdae Barron,1400,4
Alex Singleton,John Franklin-Myers,1400,4
Alex Singleton,Jonah Elliss,1400,7
Alex Singleton,Jonathon Cooper,1400,10
Alex Singleton,Justin Strnad,1400,9
Alex Singleton,Malcolm Roach,1400,7
Alex Singleton,Pat Surtain II,1400,10
Alex Singleton,Riley Moss,1400,10
Alex Singleton,Talanoa Hufanga,1400,10
Alex Singleton,Zach Allen,1400,7
Alex Wright,Cameron Mitchell,1050,22
Alex Wright,Carson Schwesinger,1050,15
Alex Wright,Chigozie Anusiem,1050,7
Alex Wright,Damontae Kazee,1050,10
Alex Wright,Devin Bush,1050,20
Alex Wright,Dom Jones,1050,8
Alex Wright,Grant Delpit,1050,8
Alex Wright,Isaiah McGuire,1050,15
Alex Wright,Jerome Baker,1050,11
Alex Wright,Joe Tryon-Shoyinka,1050,8
Alex Wright,Maliek Collins,1050,8
Alex Wright,Mason Graham,1050,15
Alex Wright,Myles Harden,1050,16
Alex Wright,Nathaniel Watson,1050,2
Alex Wright,Rayshawn Jenkins,1050,6
Alex Wright,Ronnie Hickman Jr.,1050,22
Alex Wright,Sam Kamara,1050,14
Alex Wright,Shelby Harris,1050,6
Alex Wright,Tony Brown,1050,7
Alexander Mattison,A.J. Henning,2700,4
Alexander Mattison,Addison West,2700,6
Alexander Mattison,Andrew Armstrong,2700,6
Alexander Mattison,Braeden Daniels,2700,1
Alexander Mattison,Daniel Brunskill,2700,3
Alexander Mattison,Dee Eskridge,2700,3
Alexander Mattison,Hayden Rucci,2700,5
Alexander Mattison,Jackson Carman,2700,5
Alexander Mattison,Jalen McKenzie,2700,1
Alexander Mattison,Jonah Savaiinaea,2700,3
Alexander Mattison,Josh Priebe,2700,6
Alexander Mattison,Julian Hill,2700,3
Alexander Mattison,Kion Smith,2700,8
Alexander Mattison,Larry Borom,2700,3
Alexander Mattison,Nick Westbrook-Ikhine,2700,3
Alexander Mattison,Patrick Paul,2700,3
Alexander Mattison,Pharaoh Brown,2700,3
Alexander Mattison,Quinn Ewers,2700,6
Alexander Mattison,Ryan Hayes,2700,6
Alexander Mattison,Tanner Conner,2700,3
Alexander Mattison,Theo Wease Jr.,2700,6
Alexander Mattison,Zach Wilson,2700,3
Alfred Collins,Bradlee Anae,4500,14
Alfred Collins,Bruce Hector,4500,4
Alfred Collins,Bryce Huff,4500,14
Alfred Collins,CJ West,4500,15
Alfred Collins,Chase Lucas,4500,33
Alfred Collins,Chazz Surratt,4500,25
Alfred Collins,Dallis Flowers,4500,67
Alfred Collins,Darrell Luter Jr.,4500,49
Alfred Collins,Dee Winters,4500,16
Alfred Collins,Deommodore Lenoir,4500,8
Alfred Collins,Derrick Canteen,4500,34
Alfred Collins,Evan Anderson,4500,12
Alfred Collins,Jalen Graham,4500,25
Alfred Collins,Jason Pinnock,4500,6
Alfred Collins,Jaylen Mahoney,4500,6
Alfred Collins,Jaylon Allen,4500,4
Alfred Collins,Ji'Ayir Brown,4500,43
Alfred Collins,Jonathan Garvin,4500,41
Alfred Collins,Jordan Elliott,4500,9
Alfred Collins,Kalia Davis,4500,15
Alfred Collins,Luke Gifford,4500,18
Alfred Collins,Marques Sigle,4500,61
Alfred Collins,Nick Martin,4500,26
Alfred Collins,Renardo Green,4500,8
Alfred Collins,Robert Beal Jr.,4500,34
Alfred Collins,Sam Okuayinonu,4500,7
Alfred Collins,Sebastian Valdez,4500,14
Alfred Collins,Stone Blanton,4500,2
Alfred Collins,Tatum Bethune,4500,40
Alfred Collins,Trevis Gipson,4500,20
Ali Gaye,Amani Oruwariye,2100,53
Ali Gaye,Amari Burney,2100,38
Ali Gaye,Blake Lynch,2100,19
Ali Gaye,Brian Asamoah II,2100,17
Ali Gaye,Cam Horsley,2100,61
Ali Gaye,Carlos Watkins,2100,19
Ali Gaye,Cedric Gray,2100,39
Ali Gaye,Clarence Lewis,2100,26
Ali Gaye,Curtis Jacobs,2100,36
Ali Gaye,David Gbenda,2100,12
Ali Gaye,Davion Ross,2100,35
Ali Gaye,Desmond Evans,2100,19
Ali Gaye,Gabe Jeudy-Lally,2100,61
Ali Gaye,Isaiah Raikes,2100,14
Ali Gaye,Jalen Kimber,2100,33
Ali Gaye,James Lynch,2100,27
Ali Gaye,James Williams,2100,41
Ali Gaye,Jaylen Harrell,2100,39
Ali Gaye,Jermari Harris,2100,21
Ali Gaye,Jihad Ward,2100,21
Ali Gaye,Joe Gaziano,2100,32
Ali Gaye,Joshuah Bledsoe,2100,48
Ali Gaye,Josiah Bronson,2100,13
Ali Gaye,Julius Wood,2100,56
Ali Gaye,Kendell Brooks,2100,39
Ali Gaye,Marcus Harris,2100,61
Ali Gaye,Mike Brown,2100,57
Ali Gaye,Oluwafemi Oladejo,2100,5
Ali Gaye,Philip Blidi,2100,5
Ali Gaye,Quandre Diggs,2100,1
Ali Gaye,T.J. Smith,2100,1
Ali Gaye,Timmy Horne,2100,60
Ali Gaye,Xavier Woods,2100,1
Alijah Clark,Andrew Booth,1200,10
Alijah Clark,Bruce Harmon,1200,14
Alijah Clark,Buddy Johnson,1200,48
Alijah Clark,Christian Matthew,1200,21
Alijah Clark,Damone Clark,1200,2
Alijah Clark,Darius Harris,1200,39
Alijah Clark,Denzel Daxon,1200,20
Alijah Clark,Donovan Ezeiruaku,1200,10
Alijah Clark,Earnest Brown IV,1200,23
Alijah Clark,Israel Mukuamu,1200,34
Alijah Clark,James Houston,1200,44
Alijah Clark,Jay Toia,1200,35
Alijah Clark,Justin Barron,1200,6
Alijah Clark,Kemon Hall,1200,25
Alijah Clark,Marist Liufau,1200,12
Alijah Clark,Markquese Bell,1200,7
Alijah Clark,Mazi Smith,1200,17
Alijah Clark,Michael Ojemudia,1200,11
Alijah Clark,Mike Smith Jr.,1200,49
Alijah Clark,Payton Turner,1200,24
Alijah Clark,Perrion Winfrey,1200,25
Alijah Clark,Robert Rochell,1200,19
Alijah Clark,Shemar James,1200,41
Alijah Clark,Tommy Akingbesote,1200,21
Alijah Clark,Troy Pride,1200,44
Alijah Clark,Tyrus Wheat,1200,57
Alijah Clark,Zion Childress,1200,32
Alijah Vera-Tucker,Allen Lazard,3430,2
Alijah Vera-Tucker,Andrew Beck,3430,5
Alijah Vera-Tucker,Arian Smith,3430,2
Alijah Vera-Tucker,Armand Membou,3430,28
Alijah Vera-Tucker,Braelon Allen,3430,10
Alijah Vera-Tucker,Breece Hall,3430,16
Alijah Vera-Tucker,Garrett Wilson,3430,28
Alijah Vera-Tucker,Isaiah Davis,3430,3
Alijah Vera-Tucker,Jeremy Ruckert,3430,20
Alijah Vera-Tucker,Joe Tippmann,3430,28
Alijah Vera-Tucker,John Simpson,3430,18
Alijah Vera-Tucker,Josh Myers,3430,10
Alijah Vera-Tucker,Josh Reynolds,3430,26
Alijah Vera-Tucker,Justin Fields,3430,28
Alijah Vera-Tucker,Mason Taylor,3430,13
Alijah Vera-Tucker,Olumuyiwa Fashanu,3430,28
Alijah Vera-Tucker,Tyler Johnson,3430,13
Alijah Vera-Tucker,Zack Kuntz,3430,2
Allan George,Ahmed Hassanein,1540,5
Allan George,Al-Quadin Muhammad,1540,14
Allan George,Ale Kaho,5110,9
Allan George,Andre Jones Jr.,5110,28
Allan George,Anthony Pittman,1540,33
Allan George,Avonte Maddox,1540,17
Allan George,Ben Nikkel,5110,28
Allan George,Bobby Price,5110,2
Allan George,Brodric Martin,1540,18
Allan George,Car'lin Vigers,5110,28
Allan George,Carl Davis,5110,10
Allan George,Chris Smith,1540,32
Allan George,D.J. Miller,1540,6
Allan George,DaRon Gilbert,1540,31
Allan George,Dominique Hampton,5110,15
Allan George,Eddie Goldman,5110,6
Allan George,Erick Hallett,1540,33
Allan George,Ezekiel Turner,1540,12
Allan George,Grant Stuard,1540,24
Allan George,Ian Kennelly,1540,34
Allan George,Isaac Ukwu,1540,38
Allan George,Jalyn Holmes,5110,13
Allan George,Kain Medrano,5110,28
Allan George,Kam Arnold,5110,13
Allan George,Keith Cooper,1540,42
Allan George,Loren Strickland,1540,28
Allan George,Luq Barcoo,1540,3
Allan George,Mitchell Agude,1540,18
Allan George,Myles Adams,1540,39
Allan George,Nate Lynn,1540,25
Allan George,Nick Whiteside,1540,51
Allan George,Noah Igbinoghene,5110,6
Allan George,Norell Pollard,5110,17
Allan George,Pat O'Connor,1540,9
Allan George,Ricky Barber,5110,20
Allan George,Robert McDaniel,5110,28
Allan George,Rock Ya-Sin,1540,26
Allan George,Sheldon Day,5110,5
Allan George,T.J. Maguranyanga,5110,15
Allan George,Trevor Nowaske,1540,27
Allan George,Tyler Owens,5110,5
Allan George,Tyson Russell,1540,16
Allan George,Viliami Fehoko Jr.,5110,4
Allan George,Zach Cunningham,1540,19
Allen Lazard,Alijah Vera-Tucker,3430,2
Allen Lazard,Andrew Beck,3430,5
Allen Lazard,Armand Membou,3430,10
Allen Lazard,Brady Cook,3430,8
Allen Lazard,Braelon Allen,3430,5
Allen Lazard,Breece Hall,3430,1
Allen Lazard,Garrett Wilson,3430,2
Allen Lazard,Isaiah Davis,3430,4
Allen Lazard,Jeremy Ruckert,3430,10
Allen Lazard,Joe Tippmann,3430,2
Allen Lazard,Josh Myers,3430,10
Allen Lazard,Josh Reynolds,3430,2
Allen Lazard,Justin Fields,3430,2
Allen Lazard,Kohl Levao,3430,8
Allen Lazard,Malachi Corley,3430,3
Allen Lazard,Max Mitchell,3430,8
Allen Lazard,Olumuyiwa Fashanu,3430,2
Allen Lazard,Tyler Johnson,3430,8
Allen Lazard,Xavier Newman-Johnson,3430,8
Alohi Gilman,Benjamin St-Juste,4400,8
Alohi Gilman,Bud Dupree,4400,6
Alohi Gilman,Caleb Murphy,4400,2
Alohi Gilman,Da'Shawn Hand,4400,2
Alohi Gilman,Daiyan Henley,4400,8
Alohi Gilman,Denzel Perryman,4400,8
Alohi Gilman,Donte Jackson,4400,8
Alohi Gilman,Elijah Molden,4400,8
Alohi Gilman,Naquan Jones,4400,2
Alohi Gilman,Otito Ogbonnia,4400,6
Alohi Gilman,Tarheeb Still,4400,8
Alohi Gilman,Teair Tart,4400,6
Alohi Gilman,Tre'Mon Morris-Brash,4400,2
Alohi Gilman,Tuli Tuipulotu,4400,6
Alphonzo Tuputala,Anthony Campbell,4600,9
Alphonzo Tuputala,Connor O'Toole,4600,16
Alphonzo Tuputala,D'Anthony Bell,4600,15
Alphonzo Tuputala,D'Eryk Jackson,4600,22
Alphonzo Tuputala,Damarion Williams,4600,22
Alphonzo Tuputala,Isas Waxter,4600,4
Alphonzo Tuputala,J.R. Singleton,4600,14
Alphonzo Tuputala,Jamie Sheriff,4600,5
Alphonzo Tuputala,Jared Ivey,4600,17
Alphonzo Tuputala,Jerrick Reed II,4600,17
Alphonzo Tuputala,Keydrain Calligan,4600,22
Alphonzo Tuputala,Seth Coleman,4600,17
Alphonzo Tuputala,Ty Okada,4600,18
Alphonzo Tuputala,Tyler Hall,4600,4
Alphonzo Tuputala,Wy'Kevious Thomas,4600,18
Alvin Kamara,Brandin Cooks,3300,1
Alvin Kamara,Cesar Ruiz,3300,1
Alvin Kamara,Chris Olave,3300,1
Alvin Kamara,Dillon Radunz,3300,1
Alvin Kamara,Erik McCoy,3300,1
Alvin Kamara,Juwan Johnson,3300,1
Alvin Kamara,Kelvin Banks Jr.,3300,1
Alvin Kamara,Landon Young,3300,1
Alvin Kamara,Rashid Shaheed,3300,1
Alvin Kamara,Spencer Rattler,3300,1
Amani Hooker,Arden Key,2100,20
Amani Hooker,Carlos Watkins,2100,6
Amani Hooker,Cedric Gray,2100,21
Amani Hooker,Cody Barton,2100,27
Amani Hooker,Darrell Baker Jr.,2100,27
Amani Hooker,Dre'Mont Jones,2100,22
Amani Hooker,James Lynch,2100,14
Amani Hooker,James Williams,2100,6
Amani Hooker,Jarvis Brownlee Jr.,2100,27
Amani Hooker,Jeffery Simmons,2100,13
Amani Hooker,Jihad Ward,2100,2
Amani Hooker,Oluwafemi Oladejo,2100,16
Amani Hooker,Roger McCreary,2100,17
Amani Hooker,Sebastian Joseph-Day,2100,15
Amani Hooker,Timmy Horne,2100,10
Amani Hooker,Xavier Woods,2100,27
Amani Oruwariye,Ali Gaye,2100,53
Amani Oruwariye,Amari Burney,2100,29
Amani Oruwariye,Blake Lynch,2100,14
Amani Oruwariye,Brian Asamoah II,2100,11
Amani Oruwariye,Cam Horsley,2100,37
Amani Oruwariye,Carlos Watkins,2100,36
Amani Oruwariye,Cedric Gray,2100,31
Amani Oruwariye,Clarence Lewis,2100,14
Amani Oruwariye,Curtis Jacobs,2100,21
Amani Oruwariye,David Gbenda,2100,15
Amani Oruwariye,Davion Ross,2100,14
Amani Oruwariye,Desmond Evans,2100,29
Amani Oruwariye,Gabe Jeudy-Lally,2100,61
Amani Oruwariye,Isaiah Raikes,2100,3
Amani Oruwariye,James Lynch,2100,41
Amani Oruwariye,James Williams,2100,43
Amani Oruwariye,Jaylen Harrell,2100,26
Amani Oruwariye,Jermari Harris,2100,7
Amani Oruwariye,Jihad Ward,2100,36
Amani Oruwariye,Joe Gaziano,2100,12
Amani Oruwariye,Joshuah Bledsoe,2100,28
Amani Oruwariye,Josiah Bronson,2100,9
Amani Oruwariye,Julius Wood,2100,32
Amani Oruwariye,Kendell Brooks,2100,39
Amani Oruwariye,Marcus Harris,2100,61
Amani Oruwariye,Mike Brown,2100,57
Amani Oruwariye,Oluwafemi Oladejo,2100,20
Amani Oruwariye,Philip Blidi,2100,9
Amani Oruwariye,Quandre Diggs,2100,4
Amani Oruwariye,Timmy Horne,2100,24
Amani Oruwariye,Xavier Woods,2100,4
Amar Johnson,Anthony Belton,1800,38
Amar Johnson,Ben Sims,1800,16
Amar Johnson,Brant Banks,1800,17
Amar Johnson,Cornelius Johnson,1800,29
Amar Johnson,Donovan Jennings,1800,31
Amar Johnson,Isaiah Neyor,1800,20
Amar Johnson,J.J. Lippe,1800,17
Amar Johnson,Jacob Monk,1800,14
Amar Johnson,John FitzPatrick,1800,4
Amar Johnson,Johnny Lumpkin,1800,15
Amar Johnson,Jordan Morgan,1800,7
Amar Johnson,Julian Hicks,1800,30
Amar Johnson,Kadeem Telfort,1800,34
Amar Johnson,Kawaan Baker,1800,7
Amar Johnson,Lecitus Smith,1800,24
Amar Johnson,Malik Heath,1800,10
Amar Johnson,Malik Willis,1800,7
Amar Johnson,Mecole Hardman,1800,15
Amar Johnson,Messiah Swinson,1800,29
Amar Johnson,Sean Clifford,1800,21
Amar Johnson,Sean Rhyan,1800,7
Amar Johnson,Taylor Elgersma,1800,20
Amar Johnson,Trey Hill,1800,28
Amar Johnson,Tyler Cooper,1800,23
Amar Johnson,Will Sheppard,1800,17
Amari Burney,Ali Gaye,2100,38
Amari Burney,Amani Oruwariye,2100,29
Amari Burney,Cam Horsley,2100,40
Amari Burney,Carlos Watkins,2100,8
Amari Burney,Clarence Lewis,2100,11
Amari Burney,Curtis Jacobs,2100,22
Amari Burney,David Gbenda,2100,10
Amari Burney,Davion Ross,2100,21
Amari Burney,Desmond Evans,2100,17
Amari Burney,Gabe Jeudy-Lally,2100,23
Amari Burney,Jalen Kimber,2100,11
Amari Burney,James Lynch,2100,11
Amari Burney,James Williams,2100,19
Amari Burney,Jaylen Harrell,2100,7
Amari Burney,Jermari Harris,2100,24
Amari Burney,Jihad Ward,2100,11
Amari Burney,Joe Gaziano,2100,30
Amari Burney,Joshuah Bledsoe,2100,35
Amari Burney,Josiah Bronson,2100,4
Amari Burney,Julius Wood,2100,28
Amari Burney,Kendell Brooks,2100,16
Amari Burney,Marcus Harris,2100,23
Amari Burney,Mike Brown,2100,23
Amari Burney,Oluwafemi Oladejo,2100,11
Amari Burney,Philip Blidi,2100,4
Amari Burney,Timmy Horne,2100,34
Amari Gainer,Andre Carter II,2520,4
Amari Gainer,Anthony Booker,2520,3
Amari Gainer,Charles Snowden,2520,3
Amari Gainer,Cody Lindenberg,2520,2
Amari Gainer,Darien Porter,2520,2
Amari Gainer,Decamerion Richardson,2520,2
Amari Gainer,Greedy Vance,2520,1
Amari Gainer,Hudson Clark,2520,8
Amari Gainer,JJ Pegues,2520,5
Amari Gainer,JT Woods,2520,5
Amari Gainer,Jah Joyner,2520,4
Amari Gainer,John Humphrey,2520,4
Amari Gainer,Keondre Coburn,2520,1
Amari Gainer,Leki Fotu,2520,2
Amari Gainer,Matt Jones,2520,4
Amari Gainer,Michael Barrett,2520,4
Amari Gainer,Ovie Oghoufo,2520,1
Amari Gainer,Sam Webb,2520,3
Amari Gainer,Tommy Eichenberg,2520,2
Amari Gainer,Tonka Hemingway,2520,4
Amari Gainer,Treven Ma'ae,2520,6
Amari Gainer,Trey Taylor,2520,8
Amari Gainer,Zachary Carter,2520,2
Amari Kight,Anthony Tyus III,4600,15
Amari Kight,Brady Russell,4600,33
Amari Kight,Bryce Cabeldue,4600,58
Amari Kight,Christian Haynes,4600,52
Amari Kight,Cody White,4600,42
Amari Kight,Damien Martinez,4600,53
Amari Kight,Dareke Young,4600,57
Amari Kight,Drew Lock,4600,44
Amari Kight,Elijah Arroyo,4600,41
Amari Kight,Eric Saubert,4600,7
Amari Kight,Federico Maranges,4600,41
Amari Kight,George Holani,4600,6
Amari Kight,Jacardia Wright,4600,20
Amari Kight,Jake Bobo,4600,39
Amari Kight,Jalen Milroe,4600,51
Amari Kight,Jalen Sundell,4600,30
Amari Kight,John Rhys Plumlee,4600,2
Amari Kight,Josh Jones,4600,30
Amari Kight,Luke Felix-Fualalo,4600,7
Amari Kight,Marquez Valdes-Scantling,4600,19
Amari Kight,Marshall Lang,4600,29
Amari Kight,Mason Richman,4600,39
Amari Kight,Michael Jerrell,4600,44
Amari Kight,Nick Kallerup,4600,40
Amari Kight,Ricky White III,4600,22
Amari Kight,Sataoa Laumea,4600,80
Amari Kight,Tory Horton,4600,21
Amari Kight,Tyrone Broden,4600,28
Amarius Mims,Andrei Iosivas,0920,29
Amarius Mims,Cam Grandy,0920,6
Amarius Mims,Charlie Jones,0920,15
Amarius Mims,Chase Brown,0920,19
Amarius Mims,Drew Sample,0920,23
Amarius Mims,Dylan Fairchild,0920,38
Amarius Mims,Ja'Marr Chase,0920,24
Amarius Mims,Jalen Rivers,0920,7
Amarius Mims,Joe Burrow,0920,38
Amarius Mims,Lucas Patrick,0920,31
Amarius Mims,Mitchell Tinsley,0920,14
Amarius Mims,Noah Fant,0920,14
Amarius Mims,Orlando Brown,0920,38
Amarius Mims,Samaje Perine,0920,9
Amarius Mims,Tahj Brooks,0920,10
Amarius Mims,Tanner Hudson,0920,7
Amarius Mims,Ted Karras,0920,38
Amarius Mims,Tee Higgins,0920,20
Ambry Thomas,Austin Keys,3000,34
Ambry Thomas,Cam Gill,3000,40
Ambry Thomas,Chaz Chambliss,3000,50
Ambry Thomas,Dorian Mausi,3000,31
Ambry Thomas,Dwight McGlothern,3000,9
Ambry Thomas,Elijah Williams,3000,29
Ambry Thomas,Gervarrius Owens,3000,25
Ambry Thomas,Jonathan Harris,3000,30
Ambry Thomas,Kahlef Hailassie,3000,31
Ambry Thomas,Keenan Garber,3000,12
Ambry Thomas,Kobe King,3000,30
Ambry Thomas,Levi Drake Rodriguez,3000,22
Ambry Thomas,Mishael Powell,3000,52
Ambry Thomas,Reddy Steward,3000,39
Ambry Thomas,Taki Taimani,3000,8
Ambry Thomas,Travis Bell,3000,32
Ambry Thomas,Tyler Batty,3000,8
Ambry Thomas,Tyrion Ingram-Dawkins,3000,17
Ambry Thomas,Zemaiah Vaughn,3000,21
Ameer Abdullah,Brayden Willis,4500,5
Ameer Abdullah,Carter Bradley,4500,5
Ameer Abdullah,Connor Colby,4500,5
Ameer Abdullah,Drake Nugent,4500,5
Ameer Abdullah,Drew Moss,4500,5
Ameer Abdullah,Isaac Alarcon,4500,5
Ameer Abdullah,Isaiah Hodgins,4500,4
Ameer Abdullah,Isaiah Prince,4500,5
Ameer Abdullah,Jake Tonges,4500,4
Ameer Abdullah,Jordan Watkins,4500,1
Ameer Abdullah,Junior Bergen,4500,1
Ameer Abdullah,Robbie Chosen,4500,5
Amen Ogbongbemiga,Alex Cook,0810,13
Amen Ogbongbemiga,Austin Booker,0810,10
Amen Ogbongbemiga,Chris Williams,0810,10
Amen Ogbongbemiga,Daniel Hardy,0810,11
Amen Ogbongbemiga,Dominique Robinson,0810,10
Amen Ogbongbemiga,Elijah Hicks,0810,11
Amen Ogbongbemiga,Jamree Kromah,0810,5
Amen Ogbongbemiga,Jeremiah Walker,0810,12
Amen Ogbongbemiga,Jonathan Ford,0810,19
Amen Ogbongbemiga,Jonathan Owens,0810,17
Amen Ogbongbemiga,Kaleb Hayes,0810,8
Amen Ogbongbemiga,Major Burns,0810,4
Amen Ogbongbemiga,Mark Perry,0810,11
Amen Ogbongbemiga,Mekhi Garner,0810,11
Amen Ogbongbemiga,Nahshon Wright,0810,10
Amen Ogbongbemiga,Noah Sewell,0810,15
Amen Ogbongbemiga,Power Echols,0810,13
Amen Ogbongbemiga,Ruben Hyppolite II,0810,18
Amen Ogbongbemiga,Tanoh Kpassagnon,0810,10
Amen Ogbongbemiga,Terell Smith,0810,5
Amen Ogbongbemiga,Tre Flowers,0810,10
Amen Ogbongbemiga,Tyrique Stevenson,0810,10
Amen Ogbongbemiga,Xavier Carlton,0810,12
Amen Ogbongbemiga,Zacch Pickens,0810,25
Andre Baccellia,Bam Knight,3800,10
Andre Baccellia,Bryson Green,3800,6
Andre Baccellia,Christian Jones,3800,5
Andre Baccellia,Clayton Tune,3800,35
Andre Baccellia,DeeJay Dallas,3800,2
Andre Baccellia,Elijah Higgins,3800,11
Andre Baccellia,Emari Demercado,3800,15
Andre Baccellia,Hayden Conner,3800,20
Andre Baccellia,Jacoby Brissett,3800,12
Andre Baccellia,Jake Curhan,3800,20
Andre Baccellia,Jeremiah Byers,3800,36
Andre Baccellia,Jon Gaines II,3800,17
Andre Baccellia,Josh Fryar,3800,33
Andre Baccellia,Josiah Deguara,3800,23
Andre Baccellia,McClendon Curtis,3800,7
Andre Baccellia,Michael Carter,3800,20
Andre Baccellia,Nate McCollum,3800,2
Andre Baccellia,Nick Leverett,3800,40
Andre Baccellia,Oscar Cardenas,3800,2
Andre Baccellia,Royce Newman,3800,23
Andre Baccellia,Simi Fehoko,3800,18
Andre Baccellia,Sincere Haynesworth,3800,34
Andre Baccellia,Tejhaun Palmer,3800,23
Andre Baccellia,Travis Vokolek,3800,14
Andre Baccellia,Trishton Jackson,3800,3
Andre Baccellia,Xavier Weaver,3800,39
Andre Carter II,Amari Gainer,2520,4
Andre Carter II,Anthony Booker,2520,5
Andre Carter II,Charles Snowden,2520,34
Andre Carter II,Chris Smith II,2520,30
Andre Carter II,Cody Lindenberg,2520,21
Andre Carter II,Darien Porter,2520,12
Andre Carter II,Darnay Holmes,2520,12
Andre Carter II,Decamerion Richardson,2520,28
Andre Carter II,Greedy Vance,2520,13
Andre Carter II,Hudson Clark,2520,21
Andre Carter II,Isaiah Pola-Mao,2520,6
Andre Carter II,JJ Pegues,2520,25
Andre Carter II,JT Woods,2520,21
Andre Carter II,Jah Joyner,2520,6
Andre Carter II,Jahfari Harvey,2520,3
Andre Carter II,Jamal Adams,2520,4
Andre Carter II,Jaylon Smith,2520,11
Andre Carter II,John Humphrey,2520,16
Andre Carter II,Jonah Laulu,2520,3
Andre Carter II,Keondre Coburn,2520,6
Andre Carter II,Kyu Kelly,2520,9
Andre Carter II,Leki Fotu,2520,4
Andre Carter II,Matt Jones,2520,33
Andre Carter II,Michael Barrett,2520,20
Andre Carter II,Ovie Oghoufo,2520,5
Andre Carter II,Sam Webb,2520,14
Andre Carter II,Terrell Edmunds,2520,15
Andre Carter II,Thomas Booker,2520,5
Andre Carter II,Tommy Eichenberg,2520,11
Andre Carter II,Tonka Hemingway,2520,25
Andre Carter II,Treven Ma'ae,2520,16
Andre Carter II,Trey Taylor,2520,29
Andre Carter II,Tyree Wilson,2520,3
Andre Carter II,Zachary Carter,2520,30
Andre Cisco,Braiden McGregor,3430,9
Andre Cisco,Brandon Stephens,3430,22
Andre Cisco,Derrick Nnadi,3430,14
Andre Cisco,Eric Watts,3430,3
Andre Cisco,Jamien Sherwood,3430,22
Andre Cisco,Jamin Davis,3430,13
Andre Cisco,Jay Tufele,3430,16
Andre Cisco,Leonard Taylor III,3430,8
Andre Cisco,Michael Carter II,3430,9
Andre Cisco,Micheal Clemons,3430,20
Andre Cisco,Phidarian Mathis,3430,6
Andre Cisco,Quincy Williams,3430,22
Andre Cisco,Qwan'tez Stiggers,3430,12
Andre Cisco,Rashad Weaver,3430,1
Andre Cisco,Sauce Gardner,3430,10
Andre Cisco,Tony Adams,3430,22
Andre Cisco,Tyler Baron,3430,3
Andre Cisco,Will McDonald IV,3430,8
Andre James,Branson Taylor,4400,41
Andre James,Brenden Rice,4400,6
Andre James,Corey Stewart,4400,72
Andre James,DJ Uiagalelei,4400,5
Andre James,Dalevon Campbell,4400,9
Andre James,David Sharpe,4400,27
Andre James,Derius Davis,4400,6
Andre James,Dez Fitzpatrick,4400,2
Andre James,Hassan Haskins,4400,7
Andre James,JaQuae Jackson,4400,11
Andre James,Jamaree Salyer,4400,10
Andre James,Jaret Patterson,4400,1
Andre James,Jaylen Johnson,4400,37
Andre James,Josh Kaltenberger,4400,5
Andre James,Karsen Barnhart,4400,67
Andre James,KeAndre Lambert-Smith,4400,50
Andre James,Kimani Vidal,4400,27
Andre James,Nash Jones,4400,21
Andre James,Nyheim Hines,4400,26
Andre James,Oronde Gadsden II,4400,45
Andre James,Raheim Sanders,4400,11
Andre James,Ryan Nelson,4400,35
Andre James,Scott Matlock,4400,20
Andre James,Stevo Klotz,4400,6
Andre James,Taylor Heinicke,4400,31
Andre James,Thomas Yassmin,4400,5
Andre James,Tre Harris,4400,62
Andre James,Trey Lance,4400,36
Andre James,Tucker Fisk,4400,27
Andre James,Tyler Conklin,4400,2
Andre James,Zion Johnson,4400,10
Andre Jones Jr.,Ale Kaho,5110,46
Andre Jones Jr.,Allan George,5110,28
Andre Jones Jr.,Antonio Hamilton,5110,39
Andre Jones Jr.,Ben Nikkel,5110,71
Andre Jones Jr.,Bobby Price,5110,42
Andre Jones Jr.,Car'lin Vigers,5110,92
Andre Jones Jr.,Carl Davis,5110,37
Andre Jones Jr.,Clelin Ferrell,5110,23
Andre Jones Jr.,Daryl Worley,5110,42
Andre Jones Jr.,Dominique Hampton,5110,26
Andre Jones Jr.,Duke Riley,5110,38
Andre Jones Jr.,Eddie Goldman,5110,26
Andre Jones Jr.,Essang Bassey,5110,25
Andre Jones Jr.,Jacob Martin,5110,5
Andre Jones Jr.,Jalyn Holmes,5110,42
Andre Jones Jr.,Javontae Jean-Baptiste,5110,2
Andre Jones Jr.,Jer'Zhan Newton,5110,20
Andre Jones Jr.,Jeremy Reaves,5110,14
Andre Jones Jr.,Jordan Magee,5110,4
Andre Jones Jr.,Kain Medrano,5110,75
Andre Jones Jr.,Kam Arnold,5110,40
Andre Jones Jr.,Noah Igbinoghene,5110,49
Andre Jones Jr.,Norell Pollard,5110,46
Andre Jones Jr.,Percy Butler,5110,25
Andre Jones Jr.,Ricky Barber,5110,45
Andre Jones Jr.,Robert McDaniel,5110,80
Andre Jones Jr.,Sheldon Day,5110,53
Andre Jones Jr.,T.J. Maguranyanga,5110,43
Andre Jones Jr.,Trey Amos,5110,8
Andre Jones Jr.,Tyler Owens,5110,25
Andre Jones Jr.,Viliami Fehoko Jr.,5110,9
Andre' Sam,A.J. Woods,3700,1
Andre' Sam,Adoree' Jackson,3700,6
Andre' Sam,Antwaun Powell-Ryland,3700,28
Andre' Sam,Azeez Ojulari,3700,27
Andre' Sam,Brandon Johnson,3700,18
Andre' Sam,Byron Young,3700,33
Andre' Sam,Chance Campbell,3700,15
Andre' Sam,Dallas Gant,3700,44
Andre' Sam,Eli Ricks,3700,54
Andre' Sam,Gabe Hall,3700,57
Andre' Sam,Jacob Sykes,3700,45
Andre' Sam,Jakorian Bennett,3700,45
Andre' Sam,Jereme Robinson,3700,4
Andre' Sam,Jeremiah Trotter Jr.,3700,30
Andre' Sam,Jihaad Campbell,3700,13
Andre' Sam,Joe Evans,3700,22
Andre' Sam,Joshua Uche,3700,9
Andre' Sam,Justin Rogers,3700,18
Andre' Sam,Kelee Ringo,3700,12
Andre' Sam,Lance Dixon,3700,34
Andre' Sam,Lewis Cine,3700,1
Andre' Sam,Mac McWilliams,3700,92
Andre' Sam,Maxen Hook,3700,15
Andre' Sam,Ochaun Mathis,3700,52
Andre' Sam,Ogbo Okoronkwo,3700,44
Andre' Sam,Parry Nickerson,3700,45
Andre' Sam,Patrick Johnson,3700,44
Andre' Sam,Smael Mondon Jr.,3700,72
Andre' Sam,Sydney Brown,3700,10
Andre' Sam,Tariq Castro-Fields,3700,8
Andre' Sam,Tristin McCollum,3700,78
Andre' Sam,Ty Robinson,3700,64
Andrei Iosivas,Amarius Mims,0920,29
Andrei Iosivas,Cam Grandy,0920,2
Andrei Iosivas,Charlie Jones,0920,15
Andrei Iosivas,Chase Brown,0920,10
Andrei Iosivas,Drew Sample,0920,14
Andrei Iosivas,Dylan Fairchild,0920,29
Andrei Iosivas,Ja'Marr Chase,0920,15
Andrei Iosivas,Jalen Rivers,0920,7
Andrei Iosivas,Joe Burrow,0920,29
Andrei Iosivas,Lucas Patrick,0920,22
Andrei Iosivas,Mitchell Tinsley,0920,14
Andrei Iosivas,Noah Fant,0920,10
Andrei Iosivas,Orlando Brown,0920,29
Andrei Iosivas,Samaje Perine,0920,9
Andrei Iosivas,Tahj Brooks,0920,10
Andrei Iosivas,Tanner Hudson,0920,6
Andrei Iosivas,Ted Karras,0920,29
Andrei Iosivas,Tee Higgins,0920,11
Andrew Armstrong,A.J. Henning,2700,29
Andrew Armstrong,Aaron Shampklin,2700,16
Andrew Armstrong,Addison West,2700,60
Andrew Armstrong,Alexander Mattison,2700,6
Andrew Armstrong,Braeden Daniels,2700,55
Andrew Armstrong,Chris Myarick,2700,31
Andrew Armstrong,Daniel Brunskill,2700,1
Andrew Armstrong,Hayden Rucci,2700,43
Andrew Armstrong,Jackson Carman,2700,6
Andrew Armstrong,Jalen McKenzie,2700,43
Andrew Armstrong,Jaylen Wright,2700,1
Andrew Armstrong,Jonah Savaiinaea,2700,1
Andrew Armstrong,Josh Priebe,2700,60
Andrew Armstrong,Kion Smith,2700,40
Andrew Armstrong,Larry Borom,2700,1
Andrew Armstrong,Mason Brooks,2700,4
Andrew Armstrong,Mike Boone,2700,15
Andrew Armstrong,Monaray Baldwin,2700,9
Andrew Armstrong,Ollie Gordon II,2700,23
Andrew Armstrong,Pharaoh Brown,2700,11
Andrew Armstrong,Quinn Ewers,2700,60
Andrew Armstrong,Ryan Hayes,2700,34
Andrew Armstrong,Tahj Washington,2700,2
Andrew Armstrong,Tarik Black,2700,1
Andrew Armstrong,Theo Wease Jr.,2700,57
Andrew Armstrong,Zach Wilson,2700,1
Andrew Beck,Adrian Martinez,3430,7
Andrew Beck,Alijah Vera-Tucker,3430,5
Andrew Beck,Allen Lazard,3430,5
Andrew Beck,Arian Smith,3430,12
Andrew Beck,Armand Membou,3430,14
Andrew Beck,Brady Cook,3430,23
Andrew Beck,Braelon Allen,3430,6
Andrew Beck,Brandon Smith,3430,15
Andrew Beck,Breece Hall,3430,3
Andrew Beck,Carter Warren,3430,14
Andrew Beck,Chukwuma Okorafor,3430,7
Andrew Beck,Donovan Edwards,3430,5
Andrew Beck,Dymere Miller,3430,2
Andrew Beck,Garrett Wilson,3430,5
Andrew Beck,Isaiah Davis,3430,5
Andrew Beck,Jeremy Ruckert,3430,13
Andrew Beck,Joe Tippmann,3430,5
Andrew Beck,John Simpson,3430,1
Andrew Beck,Josh Myers,3430,13
Andrew Beck,Josh Reynolds,3430,4
Andrew Beck,Justin Fields,3430,5
Andrew Beck,Kene Nwangwu,3430,12
Andrew Beck,Kohl Levao,3430,23
Andrew Beck,Lawrance Toafili,3430,4
Andrew Beck,Leander Wiegand,3430,7
Andrew Beck,Liam Fornadel,3430,19
Andrew Beck,Marquis Hayes,3430,16
Andrew Beck,Mason Taylor,3430,1
Andrew Beck,Max Mitchell,3430,16
Andrew Beck,Neal Johnson,3430,10
Andrew Beck,Olumuyiwa Fashanu,3430,5
Andrew Beck,Pokey Wilson,3430,7
Andrew Beck,Quentin Skinner,3430,14
Andrew Beck,Samuel Jackson,3430,14
Andrew Beck,Tyler Johnson,3430,6
Andrew Beck,Xavier Newman-Johnson,3430,16
Andrew Beck,Zack Kuntz,3430,11
Andrew Billings,Alex Cook,0810,25
Andrew Billings,Austin Booker,0810,10
Andrew Billings,Chris Williams,0810,25
Andrew Billings,Dayo Odeyingbo,0810,10
Andrew Billings,Dominique Robinson,0810,21
Andrew Billings,Gervon Dexter Sr.,0810,8
Andrew Billings,Jaquan Brisker,0810,11
Andrew Billings,Jeremiah Walker,0810,2
Andrew Billings,Jonathan Owens,0810,25
Andrew Billings,Kevin Byard,0810,11
Andrew Billings,Mekhi Garner,0810,15
Andrew Billings,Montez Sweat,0810,6
Andrew Billings,Nahshon Wright,0810,11
Andrew Billings,Nick McCloud,0810,27
Andrew Billings,Noah Sewell,0810,31
Andrew Billings,Power Echols,0810,3
Andrew Billings,Ruben Hyppolite II,0810,32
Andrew Billings,Swayze Bozeman,0810,2
Andrew Billings,T.J. Edwards,0810,11
Andrew Billings,Tanoh Kpassagnon,0810,25
Andrew Billings,Terell Smith,0810,10
Andrew Billings,Tre Flowers,0810,25
Andrew Billings,Tyrique Stevenson,0810,11
Andrew Billings,Zacch Pickens,0810,3
Andrew Booth,Alijah Clark,1200,10
Andrew Booth,Buddy Johnson,1200,8
Andrew Booth,Damone Clark,1200,25
Andrew Booth,Darius Harris,1200,24
Andrew Booth,Denzel Daxon,1200,11
Andrew Booth,Donovan Ezeiruaku,1200,22
Andrew Booth,Earnest Brown IV,1200,34
Andrew Booth,Israel Mukuamu,1200,29
Andrew Booth,Jack Sanborn,1200,18
Andrew Booth,James Houston,1200,30
Andrew Booth,Jay Toia,1200,34
Andrew Booth,Juanyeh Thomas,1200,32
Andrew Booth,Justin Barron,1200,26
Andrew Booth,Kaiir Elam,1200,16
Andrew Booth,Kemon Hall,1200,24
Andrew Booth,Marist Liufau,1200,37
Andrew Booth,Markquese Bell,1200,29
Andrew Booth,Marshawn Kneeland,1200,15
Andrew Booth,Mazi Smith,1200,21
Andrew Booth,Mike Smith Jr.,1200,36
Andrew Booth,Payton Turner,1200,20
Andrew Booth,Perrion Winfrey,1200,21
Andrew Booth,Robert Rochell,1200,6
Andrew Booth,Sam Williams,1200,13
Andrew Booth,Shemar James,1200,24
Andrew Booth,Tommy Akingbesote,1200,20
Andrew Booth,Troy Pride,1200,46
Andrew Booth,Tyrus Wheat,1200,31
Andrew Booth,Zion Childress,1200,18
Andrew Coker,Andrew Raym,0920,71
Andrew Coker,Andrew Stueber,0920,96
Andrew Coker,Caleb Etienne,0920,63
Andrew Coker,Cam Grandy,0920,37
Andrew Coker,Charlie Jones,0920,8
Andrew Coker,Cole Burgess,0920,42
Andrew Coker,Desmond Ridder,0920,59
Andrew Coker,Gary Brightwell,0920,35
Andrew Coker,Isaiah Williams,0920,47
Andrew Coker,Jake Browning,0920,40
Andrew Coker,Jalen Rivers,0920,58
Andrew Coker,Jamoi Mayes,0920,44
Andrew Coker,Jaxson Kirkland,0920,114
Andrew Coker,Jermaine Burton,0920,15
Andrew Coker,Jordan Moore,0920,46
Andrew Coker,Kendall Milton,0920,38
Andrew Coker,Kendric Pryor,0920,60
Andrew Coker,Matt Lee,0920,29
Andrew Coker,Mitchell Tinsley,0920,14
Andrew Coker,Payton Thorne,0920,15
Andrew Coker,Quali Conley,0920,14
Andrew Coker,Rashod Owens,0920,50
Andrew Coker,Seth McLaughlin,0920,25
Andrew Coker,Tahj Brooks,0920,27
Andrew Coker,Tanner Hudson,0920,28
Andrew Coker,Tanner McLachlan,0920,65
Andrew Farmer,Damarri Mathis,1400,3
Andrew Farmer,Delarrin Turner-Yell,1400,34
Andrew Farmer,Eyioma Uwazurike,1400,7
Andrew Farmer,Garret Wallow,1400,16
Andrew Farmer,Garrett Nelson,1400,31
Andrew Farmer,J.B. Brown,1400,10
Andrew Farmer,JL Skinner,1400,5
Andrew Farmer,Jaden Robinson,1400,38
Andrew Farmer,Jordan Jackson,1400,7
Andrew Farmer,Jordan Miller,1400,14
Andrew Farmer,Jordan Turner,1400,31
Andrew Farmer,Joshua Pickett,1400,27
Andrew Farmer,Karene Reid,1400,17
Andrew Farmer,Keidron Smith,1400,5
Andrew Farmer,Kris Abrams-Draine,1400,2
Andrew Farmer,Kristian Williams,1400,18
Andrew Farmer,Micah Abraham,1400,24
Andrew Farmer,Michael Dwumfour,1400,11
Andrew Farmer,Que Robinson,1400,8
Andrew Farmer,Quinton Newsome,1400,20
Andrew Farmer,Sai'vion Jones,1400,28
Andrew Farmer,Sam Franklin Jr.,1400,34
Andrew Mukuba,Adoree' Jackson,3700,18
Andrew Mukuba,Azeez Ojulari,3700,13
Andrew Mukuba,Brandon Johnson,3700,13
Andrew Mukuba,Byron Young,3700,15
Andrew Mukuba,Gabe Hall,3700,12
Andrew Mukuba,Jacob Sykes,3700,11
Andrew Mukuba,Jakorian Bennett,3700,12
Andrew Mukuba,Jeremiah Trotter Jr.,3700,23
Andrew Mukuba,Jihaad Campbell,3700,19
Andrew Mukuba,Joe Evans,3700,3
Andrew Mukuba,Joshua Uche,3700,16
Andrew Mukuba,Justin Rogers,3700,4
Andrew Mukuba,Kelee Ringo,3700,17
Andrew Mukuba,Mac McWilliams,3700,1
Andrew Mukuba,Ochaun Mathis,3700,1
Andrew Mukuba,Ogbo Okoronkwo,3700,8
Andrew Mukuba,Parry Nickerson,3700,1
Andrew Mukuba,Patrick Johnson,3700,10
Andrew Mukuba,Smael Mondon Jr.,3700,6
Andrew Mukuba,Sydney Brown,3700,23
Andrew Mukuba,Tristin McCollum,3700,1
Andrew Mukuba,Ty Robinson,3700,13
Andrew Ogletree,Adonai Mitchell,2200,36
Andrew Ogletree,Anthony Gould,2200,22
Andrew Ogletree,Anthony Richardson,2200,15
Andrew Ogletree,Ashton Dulin,2200,26
Andrew Ogletree,Blake Freeland,2200,16
Andrew Ogletree,D.J. Montgomery,2200,1
Andrew Ogletree,DJ Giddens,2200,29
Andrew Ogletree,Dalton Tucker,2200,37
Andrew Ogletree,Daniel Jones,2200,11
Andrew Ogletree,Danny Pinter,2200,11
Andrew Ogletree,Jalen Travis,2200,37
Andrew Ogletree,Laquon Treadwell,2200,11
Andrew Ogletree,Luke Tenuta,2200,21
Andrew Ogletree,Matt Goncalves,2200,37
Andrew Ogletree,Riley Leonard,2200,11
Andrew Ogletree,Tanor Bortolini,2200,26
Andrew Ogletree,Tyler Goodson,2200,8
Andrew Ogletree,Tyler Warren,2200,3
Andrew Ogletree,Will Mallory,2200,12
Andrew Raym,Andrew Coker,0920,71
Andrew Raym,Andrew Stueber,0920,72
Andrew Raym,Caleb Etienne,0920,20
Andrew Raym,Cam Grandy,0920,35
Andrew Raym,Charlie Jones,0920,27
Andrew Raym,Cody Ford,0920,16
Andrew Raym,Cole Burgess,0920,29
Andrew Raym,Cordell Volson,0920,22
Andrew Raym,Desmond Ridder,0920,20
Andrew Raym,Devin Cochran,0920,23
Andrew Raym,Gary Brightwell,0920,23
Andrew Raym,Isaiah Williams,0920,31
Andrew Raym,Jake Browning,0920,63
Andrew Raym,Jalen Rivers,0920,63
Andrew Raym,Jamoi Mayes,0920,30
Andrew Raym,Jaxson Kirkland,0920,78
Andrew Raym,Jermaine Burton,0920,17
Andrew Raym,Jordan Moore,0920,38
Andrew Raym,Kendall Milton,0920,11
Andrew Raym,Kendric Pryor,0920,35
Andrew Raym,Mitchell Tinsley,0920,28
Andrew Raym,Payton Thorne,0920,11
Andrew Raym,Quali Conley,0920,11
Andrew Raym,Rashod Owens,0920,36
Andrew Raym,Samaje Perine,0920,3
Andrew Raym,Seth McLaughlin,0920,11
Andrew Raym,Tahj Brooks,0920,47
Andrew Raym,Tanner Hudson,0920,36
Andrew Raym,Tanner McLachlan,0920,33
Andrew Rupcich,Blake Hance,2100,18
Andrew Rupcich,Brandon Allen,2100,63
Andrew Rupcich,Brandon Crenshaw-Dickson,2100,39
Andrew Rupcich,Brenden Jaimes,2100,71
Andrew Rupcich,Bryce Oliver,2100,50
Andrew Rupcich,Calvin Ridley,2100,10
Andrew Rupcich,Cameron Ward,2100,14
Andrew Rupcich,Chig Okonkwo,2100,14
Andrew Rupcich,Chimere Dike,2100,31
Andrew Rupcich,Corey Levin,2100,14
Andrew Rupcich,Dan Moore Jr.,2100,14
Andrew Rupcich,David Martin-Robinson,2100,33
Andrew Rupcich,Drake Dabney,2100,14
Andrew Rupcich,Elic Ayomanor,2100,29
Andrew Rupcich,Gunnar Helm,2100,34
Andrew Rupcich,JC Latham,2100,14
Andrew Rupcich,Jackson Slater,2100,87
Andrew Rupcich,Jaelyn Duncan,2100,55
Andrew Rupcich,James Proche,2100,42
Andrew Rupcich,Jermar Jefferson,2100,19
Andrew Rupcich,Jha'Quan Jackson,2100,30
Andrew Rupcich,John Ojukwu,2100,66
Andrew Rupcich,Jordan Mims,2100,44
Andrew Rupcich,Josh Whyle,2100,33
Andrew Rupcich,Julius Chestnut,2100,22
Andrew Rupcich,Kalel Mullings,2100,17
Andrew Rupcich,Mason Kinsey,2100,45
Andrew Rupcich,Matt Landers,2100,3
Andrew Rupcich,Olisaemeka Udoh,2100,50
Andrew Rupcich,Peter Skoronski,2100,14
Andrew Rupcich,Sam Mustipher,2100,34
Andrew Rupcich,T.J. Sheffield,2100,20
Andrew Rupcich,Thomas Odukoya,2100,29
Andrew Rupcich,Tim Boyle,2100,10
Andrew Rupcich,Tony Pollard,2100,11
Andrew Rupcich,Trevor Siemian,2100,32
Andrew Rupcich,Tyjae Spears,2100,6
Andrew Rupcich,Tyler Lockett,2100,9
Andrew Rupcich,Van Jefferson,2100,18
Andrew Rupcich,Xavier Restrepo,2100,32
Andrew Stueber,Andrew Coker,0920,96
Andrew Stueber,Andrew Raym,0920,72
Andrew Stueber,Caleb Etienne,0920,45
Andrew Stueber,Cam Grandy,0920,34
Andrew Stueber,Charlie Jones,0920,8
Andrew Stueber,Cole Burgess,0920,43
Andrew Stueber,Desmond Ridder,0920,41
Andrew Stueber,Devin Cochran,0920,1
Andrew Stueber,Gary Brightwell,0920,29
Andrew Stueber,Isaiah Williams,0920,30
Andrew Stueber,Jake Browning,0920,41
Andrew Stueber,Jalen Rivers,0920,41
Andrew Stueber,Jamoi Mayes,0920,42
Andrew Stueber,Jaxson Kirkland,0920,97
Andrew Stueber,Jordan Moore,0920,46
Andrew Stueber,Kendall Milton,0920,26
Andrew Stueber,Kendric Pryor,0920,43
Andrew Stueber,Matt Lee,0920,11
Andrew Stueber,Mitchell Tinsley,0920,15
Andrew Stueber,Payton Thorne,0920,15
Andrew Stueber,Quali Conley,0920,14
Andrew Stueber,Rashod Owens,0920,50
Andrew Stueber,Seth McLaughlin,0920,25
Andrew Stueber,Tahj Brooks,0920,28
Andrew Stueber,Tanner Hudson,0920,28
Andrew Stueber,Tanner McLachlan,0920,49
Andrew Vorhees,Charlie Kolar,0325,27
Andrew Vorhees,Cooper Rush,0325,28
Andrew Vorhees,Corey Bullock,0325,28
Andrew Vorhees,D'Ernest Johnson,0325,8
Andrew Vorhees,Daniel Faalele,0325,28
Andrew Vorhees,Dayton Wade,0325,4
Andrew Vorhees,Devontez Walker,0325,27
Andrew Vorhees,Joe Noteboom,0325,28
Andrew Vorhees,Keaton Mitchell,0325,7
Andrew Vorhees,Keith Kirkwood,0325,2
Andrew Vorhees,LaJohntay Wester,0325,16
Andrew Vorhees,Lucas Scott,0325,14
Andrew Vorhees,Rasheen Ali,0325,13
Andrew Vorhees,Roger Rosengarten,0325,28
Andrew Vorhees,Scotty Washington,0325,5
Andrew Vorhees,Tylan Wallace,0325,15
Andrew Vorhees,Zaire Mitchell-Paden,0325,2
Andrew Wingard,Antonio Johnson,2250,10
Andrew Wingard,Austin Johnson,2250,14
Andrew Wingard,Chad Muma,2250,13
Andrew Wingard,Christian Braswell,2250,15
Andrew Wingard,DaVon Hamilton,2250,12
Andrew Wingard,Daniel Thomas,2250,3
Andrew Wingard,Danny Striggow,2250,1
Andrew Wingard,Darnell Savage,2250,17
Andrew Wingard,Dawuane Smoot,2250,19
Andrew Wingard,Deantre Prince,2250,11
Andrew Wingard,Devin Lloyd,2250,22
Andrew Wingard,Emmanuel Ogbah,2250,17
Andrew Wingard,Eric Murray,2250,14
Andrew Wingard,Foye Oluokun,2250,14
Andrew Wingard,Jack Kiser,2250,2
Andrew Wingard,Jarrian Jones,2250,15
Andrew Wingard,Jordan Jefferson,2250,9
Andrew Wingard,Josh Hines-Allen,2250,13
Andrew Wingard,Jourdan Lewis,2250,14
Andrew Wingard,Travis Hunter,2250,4
Andrew Wingard,Travon Walker,2250,12
Andrew Wingard,Tyler Lacy,2250,18
Andrew Wingard,Tyson Campbell,2250,9
Andrew Wingard,Ventrell Miller,2250,2
Andrew Wingard,Yasir Abdullah,2250,9
Andrew Wylie,Ben Sinnott,5110,1
Andrew Wylie,Chris Paul,5110,7
Andrew Wylie,Chris Rodriguez Jr.,5110,4
Andrew Wylie,Deebo Samuel Sr.,5110,4
Andrew Wylie,Jacory Croskey-Merritt,5110,3
Andrew Wylie,Jayden Daniels,5110,4
Andrew Wylie,Jaylin Lane,5110,6
Andrew Wylie,John Bates,5110,7
Andrew Wylie,Josh Conerly Jr.,5110,7
Andrew Wylie,Josh Johnson,5110,3
Andrew Wylie,K.J. Osborn,5110,3
Andrew Wylie,Luke McCaffrey,5110,7
Andrew Wylie,Nick Allegretti,5110,7
Andrew Wylie,Tyler Biadasz,5110,7
Andru Phillips,Abdul Carter,3410,17
Andru Phillips,Art Green,3410,12
Andru Phillips,Bobby Okereke,3410,15
Andru Phillips,Brian Burns,3410,11
Andru Phillips,Chauncey Golston,3410,8
Andru Phillips,Chris Board,3410,1
Andru Phillips,Cordale Flott,3410,13
Andru Phillips,DJ Davidson,3410,8
Andru Phillips,Dane Belton,3410,18
Andru Phillips,Darius Alexander,3410,5
Andru Phillips,Darius Muasau,3410,7
Andru Phillips,Deonte Banks,3410,3
Andru Phillips,Dyontae Johnson,3410,6
Andru Phillips,Elijah Chatman,3410,9
Andru Phillips,Jevon Holland,3410,14
Andru Phillips,K'Von Wallace,3410,6
Andru Phillips,K.J. Cloyd,3410,5
Andru Phillips,Kayvon Thibodeaux,3410,15
Andru Phillips,Korie Black,3410,7
Andru Phillips,Makari Paige,3410,6
Andru Phillips,Micah McFadden,3410,14
Andru Phillips,O'Donnell Fortune,3410,3
Andru Phillips,Paulson Adebo,3410,14
Andru Phillips,Raheem Layne,3410,8
Andru Phillips,Rakeem Nunez-Roches,3410,12
Andru Phillips,Roy Robertson-Harris,3410,13
Andru Phillips,Tomon Fox,3410,4
Andru Phillips,Trace Ford,3410,3
Andru Phillips,Tyler Nubin,3410,3
Andrus Peat,Aiden Williams,3900,19
Andrus Peat,Brandon Johnson,3900,10
Andrus Peat,Connor Heyward,3900,24
Andrus Peat,Darnell Washington,3900,9
Andrus Peat,Doug Nester,3900,48
Andrus Peat,Dylan Cook,3900,44
Andrus Peat,Evan Hull,3900,11
Andrus Peat,Gareth Warren,3900,22
Andrus Peat,JJ Galbreath,3900,48
Andrus Peat,Kaleb Johnson,3900,29
Andrus Peat,Ke'Shawn Williams,3900,25
Andrus Peat,Kevin Foelsch,3900,15
Andrus Peat,Lance McCutcheon,3900,33
Andrus Peat,Lew Nichols III,3900,2
Andrus Peat,Logan Woodside,3900,3
Andrus Peat,Max Hurleman,3900,25
Andrus Peat,Max Scharping,3900,66
Andrus Peat,Robert Woods,3900,31
Andrus Peat,Roc Taylor,3900,18
Andrus Peat,Roman Wilson,3900,15
Andrus Peat,Ryan McCollum,3900,18
Andrus Peat,Scott Miller,3900,11
Andrus Peat,Skylar Thompson,3900,63
Andrus Peat,Steven Jones,3900,47
Andrus Peat,Trey Sermon,3900,24
Andy Dalton,Brady Christensen,0750,27
Andy Dalton,Brandon Walton,0750,21
Andy Dalton,Brycen Tremayne,0750,2
Andy Dalton,Cade Mays,0750,27
Andy Dalton,David Moore,0750,8
Andy Dalton,Dominique Dafney,0750,4
Andy Dalton,Hunter Renfrow,0750,4
Andy Dalton,Ja'Tyre Carter,0750,19
Andy Dalton,Jalen Coker,0750,19
Andy Dalton,James Mitchell,0750,17
Andy Dalton,Jarrett Kingston,0750,14
Andy Dalton,Jimmy Horn Jr.,0750,15
Andy Dalton,Mitchell Evans,0750,13
Andy Dalton,Raheem Blackshear,0750,7
Andy Dalton,Rico Dowdle,0750,11
Andy Dalton,Tetairoa McMillan,0750,19
Andy Dalton,Trevor Etienne,0750,10
Andy Dalton,Xavier Legette,0750,6
Andy Dalton,Yosh Nijman,0750,27
Anfernee Jennings,Alex Austin,3200,26
Anfernee Jennings,Bradyn Swinson,3200,17
Anfernee Jennings,Brandon Crossley,3200,10
Anfernee Jennings,Brenden Schooler,3200,4
Anfernee Jennings,Bryce Ganious,3200,8
Anfernee Jennings,Cam Riley,3200,21
Anfernee Jennings,Craig Woodson,3200,31
Anfernee Jennings,DJ James,3200,13
Anfernee Jennings,David Olajiga,3200,12
Anfernee Jennings,Dell Pettus,3200,15
Anfernee Jennings,Elijah Ponder,3200,13
Anfernee Jennings,Isaiah Bolden,3200,4
Anfernee Jennings,Isaiah Iton,3200,17
Anfernee Jennings,Jack Gibbens,3200,25
Anfernee Jennings,Jahvaree Ritzie,3200,5
Anfernee Jennings,Jaylinn Hawkins,3200,9
Anfernee Jennings,Jeremiah Pharms Jr.,3200,26
Anfernee Jennings,Jordan Polk,3200,17
Anfernee Jennings,Josh Minkins,3200,10
Anfernee Jennings,Joshua Farmer,3200,27
Anfernee Jennings,Kobee Minor,3200,25
Anfernee Jennings,Kyle Dugger,3200,9
Anfernee Jennings,Kyle Peko,3200,12
Anfernee Jennings,Marcus Epps,3200,27
Anfernee Jennings,Marte Mapu,3200,22
Anfernee Jennings,Miles Battle,3200,36
Anfernee Jennings,Monty Rice,3200,16
Anfernee Jennings,R.J. Moten,3200,11
Anfernee Jennings,Tre Avery,3200,12
Anfernee Jennings,Truman Jones,3200,20
Anthony Belton,Amar Johnson,1800,38
Anthony Belton,Ben Sims,1800,55
Anthony Belton,Brant Banks,1800,23
Anthony Belton,Chris Brooks,1800,8
Anthony Belton,Cornelius Johnson,1800,58
Anthony Belton,Donovan Jennings,1800,103
Anthony Belton,Emanuel Wilson,1800,17
Anthony Belton,Isaiah Neyor,1800,46
Anthony Belton,Israel Abanikanda,1800,45
Anthony Belton,J.J. Lippe,1800,23
Anthony Belton,Jacob Monk,1800,56
Anthony Belton,Jalen White,1800,2
Anthony Belton,John FitzPatrick,1800,31
Anthony Belton,Johnny Lumpkin,1800,32
Anthony Belton,Jordan Morgan,1800,41
Anthony Belton,Julian Hicks,1800,79
Anthony Belton,Kadeem Telfort,1800,62
Anthony Belton,Kawaan Baker,1800,9
Anthony Belton,Lecitus Smith,1800,44
Anthony Belton,Luke Musgrave,1800,2
Anthony Belton,Malik Heath,1800,42
Anthony Belton,Malik Willis,1800,41
Anthony Belton,MarShawn Lloyd,1800,11
Anthony Belton,Mecole Hardman,1800,53
Anthony Belton,Messiah Swinson,1800,54
Anthony Belton,Sean Clifford,1800,20
Anthony Belton,Sean Rhyan,1800,41
Anthony Belton,Taylor Elgersma,1800,65
Anthony Belton,Trey Hill,1800,70
Anthony Belton,Tyler Cooper,1800,41
Anthony Belton,Tyrion Davis-Price,1800,5
Anthony Belton,Will Sheppard,1800,43
Anthony Booker,Amari Gainer,2520,3
Anthony Booker,Andre Carter II,2520,5
Anthony Booker,Charles Snowden,2520,10
Anthony Booker,Chris Smith II,2520,1
Anthony Booker,Cody Lindenberg,2520,15
Anthony Booker,Decamerion Richardson,2520,1
Anthony Booker,Greedy Vance,2520,2
Anthony Booker,Hudson Clark,2520,18
Anthony Booker,JJ Pegues,2520,17
Anthony Booker,JT Woods,2520,6
Anthony Booker,Jah Joyner,2520,12
Anthony Booker,Jahfari Harvey,2520,2
Anthony Booker,Jaylon Smith,2520,1
Anthony Booker,John Humphrey,2520,18
Anthony Booker,Keondre Coburn,2520,7
Anthony Booker,Matt Jones,2520,5
Anthony Booker,Michael Barrett,2520,14
Anthony Booker,Ovie Oghoufo,2520,9
Anthony Booker,Sam Webb,2520,13
Anthony Booker,Terrell Edmunds,2520,1
Anthony Booker,Treven Ma'ae,2520,12
Anthony Booker,Trey Taylor,2520,18
Anthony Bradford,AJ Barner,4600,10
Anthony Bradford,Abraham Lucas,4600,37
Anthony Bradford,Brady Russell,4600,5
Anthony Bradford,Cody White,4600,2
Anthony Bradford,Cooper Kupp,4600,7
Anthony Bradford,Damien Martinez,4600,7
Anthony Bradford,Dareke Young,4600,9
Anthony Bradford,Drew Lock,4600,27
Anthony Bradford,Elijah Arroyo,4600,15
Anthony Bradford,Eric Saubert,4600,27
Anthony Bradford,George Holani,4600,20
Anthony Bradford,Grey Zabel,4600,37
Anthony Bradford,Jake Bobo,4600,18
Anthony Bradford,Jalen Milroe,4600,1
Anthony Bradford,Jalen Sundell,4600,37
Anthony Bradford,Jaxon Smith-Njigba,4600,8
Anthony Bradford,Josh Jones,4600,37
Anthony Bradford,Marquez Valdes-Scantling,4600,10
Anthony Bradford,Robbie Ouzts,4600,12
Anthony Bradford,Sam Darnold,4600,10
Anthony Bradford,Tory Horton,4600,24
Anthony Bradford,Zach Charbonnet,4600,10
Anthony Campbell,Alphonzo Tuputala,4600,9
Anthony Campbell,Connor O'Toole,4600,12
Anthony Campbell,D'Anthony Bell,4600,11
Anthony Campbell,D'Eryk Jackson,4600,15
Anthony Campbell,Damarion Williams,4600,19
Anthony Campbell,Drake Thomas,4600,7
Anthony Campbell,Isas Waxter,4600,6
Anthony Campbell,J.R. Singleton,4600,4
Anthony Campbell,Jalan Gaines,4600,3
Anthony Campbell,Jamie Sheriff,4600,7
Anthony Campbell,Jared Ivey,4600,12
Anthony Campbell,Jerrick Reed II,4600,11
Anthony Campbell,Kam Alexander,4600,3
Anthony Campbell,Keydrain Calligan,4600,13
Anthony Campbell,Michael Dowell,4600,3
Anthony Campbell,Nehemiah Pritchett,4600,2
Anthony Campbell,Patrick O'Connell,4600,4
Anthony Campbell,Quinton Bohanna,4600,2
Anthony Campbell,Seth Coleman,4600,9
Anthony Campbell,Ty Okada,4600,14
Anthony Campbell,Tyler Hall,4600,8
Anthony Campbell,Wy'Kevious Thomas,4600,16
Anthony Goodlow,Akeem Davis-Gaither,3800,7
Anthony Goodlow,Benton Whitley,3800,36
Anthony Goodlow,Cody Simon,3800,46
Anthony Goodlow,Dadrion Taylor-Demerson,3800,10
Anthony Goodlow,Darren Hall,3800,63
Anthony Goodlow,Denzel Burke,3800,43
Anthony Goodlow,Ekow Boye-Doe,3800,34
Anthony Goodlow,Elijah Jones,3800,41
Anthony Goodlow,Elijah Simmons,3800,28
Anthony Goodlow,Elliott Brown,3800,59
Anthony Goodlow,Jammie Robinson,3800,58
Anthony Goodlow,Jaylon Jones,3800,52
Anthony Goodlow,Joey Blount,3800,26
Anthony Goodlow,Jordan Burch,3800,17
Anthony Goodlow,Kei'Trel Clark,3800,44
Anthony Goodlow,Kitan Crawford,3800,33
Anthony Goodlow,Kyon Barrs,3800,28
Anthony Goodlow,L.J. Collier,3800,8
Anthony Goodlow,Mykal Walker,3800,46
Anthony Goodlow,Owen Pappoe,3800,32
Anthony Goodlow,PJ Mustipher,3800,34
Anthony Goodlow,Patrick Jenkins,3800,22
Anthony Goodlow,Steven Gilmore,3800,26
Anthony Goodlow,Vi Jones,3800,42
Anthony Goodlow,Will Johnson,3800,9
Anthony Goodlow,Xavier Thomas,3800,56
Anthony Gould,Adonai Mitchell,2200,61
Anthony Gould,Andrew Ogletree,2200,22
Anthony Gould,Anthony Richardson,2200,21
Anthony Gould,Ashton Dulin,2200,43
Anthony Gould,Blake Freeland,2200,29
Anthony Gould,Blayne Taylor,2200,15
Anthony Gould,Braden Smith,2200,9
Anthony Gould,D.J. Montgomery,2200,1
Anthony Gould,DJ Giddens,2200,42
Anthony Gould,Dalton Tucker,2200,63
Anthony Gould,Daniel Jones,2200,32
Anthony Gould,Danny Pinter,2200,9
Anthony Gould,Jalen Travis,2200,77
Anthony Gould,Jelani Woods,2200,3
Anthony Gould,Jonathan Taylor,2200,7
Anthony Gould,Josh Sills,2200,10
Anthony Gould,Laquon Treadwell,2200,24
Anthony Gould,Luke Tenuta,2200,39
Anthony Gould,Marcellus Johnson,2200,4
Anthony Gould,Matt Goncalves,2200,62
Anthony Gould,Michael Pittman,2200,10
Anthony Gould,Mo Alie-Cox,2200,1
Anthony Gould,Mose Vavao,2200,5
Anthony Gould,Quenton Nelson,2200,10
Anthony Gould,Riley Leonard,2200,24
Anthony Gould,Tanor Bortolini,2200,53
Anthony Gould,Tyler Goodson,2200,13
Anthony Gould,Tyler Warren,2200,23
Anthony Gould,Ulysses Bentley IV,2200,15
Anthony Gould,Wesley French,2200,15
Anthony Gould,Will Mallory,2200,28
Anthony Miller,Baylor Cupp,0325,4
Anthony Miller,Ben Cleveland,0325,18
Anthony Miller,Carson Vinson,0325,55
Anthony Miller,Charlie Kolar,0325,6
Anthony Miller,Cooper Rush,0325,18
Anthony Miller,Corey Bullock,0325,13
Anthony Miller,D'Ernest Johnson,0325,28
Anthony Miller,Darrian Dalcourt,0325,15
Anthony Miller,Dayton Wade,0325,7
Anthony Miller,Devin Leary,0325,37
Anthony Miller,Devontez Walker,0325,28
Anthony Miller,Garrett Dellinger,0325,44
Anthony Miller,Gerad Lichtenhan,0325,42
Anthony Miller,Jahmal Banks,0325,17
Anthony Miller,Jared Penning,0325,33
Anthony Miller,Joe Noteboom,0325,13
Anthony Miller,Keith Kirkwood,0325,10
Anthony Miller,LaJohntay Wester,0325,24
Anthony Miller,Lucas Scott,0325,7
Anthony Miller,Malik Cunningham,0325,13
Anthony Miller,Myles Gaskin,0325,8
Anthony Miller,Nick Samac,0325,29
Anthony Miller,Rasheen Ali,0325,19
Anthony Miller,Reid Holskey,0325,13
Anthony Miller,Scotty Washington,0325,22
Anthony Miller,Xavier Guillory,0325,7
Anthony Miller,Zaire Mitchell-Paden,0325,20
Anthony Nelson,Adam Gotsis,4900,8
Anthony Nelson,C.J. Brewer,4900,11
Anthony Nelson,Chris Braswell,4900,14
Anthony Nelson,Christian Izien,4900,14
Anthony Nelson,Deion Jones,4900,14
Anthony Nelson,Eric Banks,4900,2
Anthony Nelson,Greg Gaines,4900,9
Anthony Nelson,Jacob Parrish,4900,14
Anthony Nelson,Josh Hayes,4900,14
Anthony Nelson,Kaevon Merriweather,4900,14
Anthony Nelson,Kindle Vildor,4900,9
Anthony Nelson,Mike Greene,4900,3
Anthony Nelson,SirVocea Dennis,4900,14
Anthony Pittman,Ahmed Hassanein,1540,12
Anthony Pittman,Al-Quadin Muhammad,1540,5
Anthony Pittman,Allan George,1540,33
Anthony Pittman,Brodric Martin,1540,40
Anthony Pittman,Chris Smith,1540,50
Anthony Pittman,D.J. Miller,1540,32
Anthony Pittman,DaRon Gilbert,1540,52
Anthony Pittman,Dan Jackson,1540,30
Anthony Pittman,Dicaprio Bootle,1540,32
Anthony Pittman,Ennis Rakestraw Jr.,1540,10
Anthony Pittman,Erick Hallett,1540,53
Anthony Pittman,Ezekiel Turner,1540,68
Anthony Pittman,Grant Stuard,1540,5
Anthony Pittman,Ian Kennelly,1540,70
Anthony Pittman,Isaac Ukwu,1540,61
Anthony Pittman,Keith Cooper,1540,83
Anthony Pittman,Loren Strickland,1540,66
Anthony Pittman,Luq Barcoo,1540,13
Anthony Pittman,Mitchell Agude,1540,42
Anthony Pittman,Morice Norris Jr.,1540,18
Anthony Pittman,Myles Adams,1540,74
Anthony Pittman,Nate Lynn,1540,55
Anthony Pittman,Nick Whiteside,1540,50
Anthony Pittman,Pat O'Connor,1540,5
Anthony Pittman,Raequan Williams,1540,13
Anthony Pittman,Rock Ya-Sin,1540,8
Anthony Pittman,Trevor Nowaske,1540,47
Anthony Pittman,Tyson Russell,1540,73
Anthony Richardson,Adonai Mitchell,2200,24
Anthony Richardson,Andrew Ogletree,2200,15
Anthony Richardson,Anthony Gould,2200,21
Anthony Richardson,Ashton Dulin,2200,24
Anthony Richardson,Blake Freeland,2200,8
Anthony Richardson,DJ Giddens,2200,16
Anthony Richardson,Dalton Tucker,2200,24
Anthony Richardson,Jalen Travis,2200,24
Anthony Richardson,Luke Tenuta,2200,16
Anthony Richardson,Matt Goncalves,2200,24
Anthony Richardson,Tanor Bortolini,2200,24
Anthony Richardson,Tyler Goodson,2200,8
Anthony Richardson,Tyler Warren,2200,5
Anthony Richardson,Will Mallory,2200,7
Anthony Torres,A.J. Arcuri,2510,22
Anthony Torres,Beaux Limmer,2510,13
Anthony Torres,Ben Dooley,2510,5
Anthony Torres,Blake Corum,2510,4
Anthony Torres,Brennan Presley,2510,9
Anthony Torres,Britain Covey,2510,17
Anthony Torres,Cody Schrader,2510,5
Anthony Torres,David Quessenberry,2510,11
Anthony Torres,Davis Allen,2510,1
Anthony Torres,Drake Stoops,2510,18
Anthony Torres,Jarquez Hunter,2510,18
Anthony Torres,Justin Dedich,2510,22
Anthony Torres,KT Leveston,2510,16
Anthony Torres,Konata Mumpfield,2510,17
Anthony Torres,Mario Williams,2510,10
Anthony Torres,Stetson Bennett,2510,27
Anthony Torres,Trey Wedig,2510,5
Anthony Torres,Willie Lampkin,2510,14
Anthony Torres,Wyatt Bowles,2510,27
Anthony Torres,Xavier Smith,2510,9
Anthony Tyus III,Amari Kight,4600,15
Anthony Tyus III,Brady Russell,4600,13
Anthony Tyus III,Bryce Cabeldue,4600,41
Anthony Tyus III,Cody White,4600,19
Anthony Tyus III,Dareke Young,4600,5
Anthony Tyus III,Elijah Arroyo,4600,3
Anthony Tyus III,Federico Maranges,4600,37
Anthony Tyus III,Jake Bobo,4600,3
Anthony Tyus III,Jalen Milroe,4600,41
Anthony Tyus III,John Rhys Plumlee,4600,5
Anthony Tyus III,Luke Felix-Fualalo,4600,30
Anthony Tyus III,Marquez Valdes-Scantling,4600,5
Anthony Tyus III,Marshall Lang,4600,29
Anthony Tyus III,Mason Richman,4600,36
Anthony Tyus III,Michael Jerrell,4600,17
Anthony Tyus III,Nick Kallerup,4600,25
Anthony Tyus III,Ricky White III,4600,28
Anthony Tyus III,Sataoa Laumea,4600,29
Anthony Tyus III,Tyrone Broden,4600,29
Anton Harrison,Brenton Strange,2250,9
Anton Harrison,Brian Thomas Jr.,2250,11
Anton Harrison,Chuma Edoga,2250,11
Anton Harrison,Dyami Brown,2250,9
Anton Harrison,Ezra Cleveland,2250,11
Anton Harrison,Hunter Long,2250,3
Anton Harrison,Parker Washington,2250,2
Anton Harrison,Robert Hainsey,2250,11
Anton Harrison,Travis Etienne,2250,11
Anton Harrison,Travis Hunter,2250,10
Anton Harrison,Trevor Lawrence,2250,11
Anton Harrison,Walker Little,2250,11
Antonio Gibson,Austin Hooper,3200,6
Antonio Gibson,Ben Brown,3200,23
Antonio Gibson,CJ Dippre,3200,2
Antonio Gibson,Cole Fotheringham,3200,5
Antonio Gibson,Cole Strange,3200,17
Antonio Gibson,Demontrey Jacobs,3200,11
Antonio Gibson,Drake Maye,3200,6
Antonio Gibson,Efton Chism III,3200,11
Antonio Gibson,Garrett Bradbury,3200,10
Antonio Gibson,Gee Scott Jr.,3200,5
Antonio Gibson,Ja'Lynn Polk,3200,8
Antonio Gibson,Jack Westover,3200,16
Antonio Gibson,Jaheim Bell,3200,5
Antonio Gibson,Jared Wilson,3200,6
Antonio Gibson,Javon Baker,3200,12
Antonio Gibson,Joshua Dobbs,3200,17
Antonio Gibson,Kayshon Boutte,3200,6
Antonio Gibson,Kyle Williams,3200,12
Antonio Gibson,Mack Hollins,3200,4
Antonio Gibson,Marcus Bryant,3200,23
Antonio Gibson,Mike Onwenu,3200,6
Antonio Gibson,Tyrese Robinson,3200,7
Antonio Gibson,Vederian Lowe,3200,6
Antonio Gibson,Will Campbell,3200,6
Antonio Grier Jr.,Adam Gotsis,4900,3
Antonio Grier Jr.,Bryce Hall,4900,16
Antonio Grier Jr.,C.J. Brewer,4900,15
Antonio Grier Jr.,Chris Braswell,4900,20
Antonio Grier Jr.,Christian Izien,4900,2
Antonio Grier Jr.,Deion Jones,4900,4
Antonio Grier Jr.,Dvon J-Thomas,4900,8
Antonio Grier Jr.,Elijah Roberts,4900,26
Antonio Grier Jr.,Eric Banks,4900,18
Antonio Grier Jr.,Greg Gaines,4900,8
Antonio Grier Jr.,JJ Roberts,4900,23
Antonio Grier Jr.,Jacob Parrish,4900,3
Antonio Grier Jr.,JayVian Farr,4900,20
Antonio Grier Jr.,John Bullock,4900,23
Antonio Grier Jr.,Jose Ramirez,4900,27
Antonio Grier Jr.,Josh Hayes,4900,3
Antonio Grier Jr.,Kaevon Merriweather,4900,15
Antonio Grier Jr.,Kindle Vildor,4900,33
Antonio Grier Jr.,Markees Watts,4900,31
Antonio Grier Jr.,Mike Greene,4900,20
Antonio Grier Jr.,Nash Hutmacher,4900,6
Antonio Grier Jr.,Nick Jackson,4900,16
Antonio Grier Jr.,Rashad Wisdom,4900,33
Antonio Grier Jr.,Roman Parodie,4900,4
Antonio Grier Jr.,Shilo Sanders,4900,38
Antonio Grier Jr.,Tyrek Funderburk,4900,7
Antonio Grier Jr.,Warren Peeples,4900,8
Antonio Hamilton,Ale Kaho,5110,28
Antonio Hamilton,Andre Jones Jr.,5110,39
Antonio Hamilton,Ben Nikkel,5110,36
Antonio Hamilton,Bobby Price,5110,15
Antonio Hamilton,Car'lin Vigers,5110,34
Antonio Hamilton,Carl Davis,5110,16
Antonio Hamilton,Clelin Ferrell,5110,28
Antonio Hamilton,Daryl Worley,5110,40
Antonio Hamilton,Duke Riley,5110,36
Antonio Hamilton,Eddie Goldman,5110,13
Antonio Hamilton,Essang Bassey,5110,24
Antonio Hamilton,Jalyn Holmes,5110,27
Antonio Hamilton,Javontae Jean-Baptiste,5110,5
Antonio Hamilton,Jer'Zhan Newton,5110,15
Antonio Hamilton,Jordan Magee,5110,8
Antonio Hamilton,Kain Medrano,5110,18
Antonio Hamilton,Kam Arnold,5110,23
Antonio Hamilton,Noah Igbinoghene,5110,22
Antonio Hamilton,Norell Pollard,5110,21
Antonio Hamilton,Ricky Barber,5110,20
Antonio Hamilton,Robert McDaniel,5110,54
Antonio Hamilton,Sheldon Day,5110,34
Antonio Hamilton,T.J. Maguranyanga,5110,22
Antonio Hamilton,Trey Amos,5110,8
Antonio Hamilton,Tyler Owens,5110,4
Antonio Johnson,Andrew Wingard,2250,10
Antonio Johnson,Austin Johnson,2250,20
Antonio Johnson,Aydan White,2250,14
Antonio Johnson,BJ Green II,2250,18
Antonio Johnson,Branson Combs,2250,3
Antonio Johnson,Chad Muma,2250,40
Antonio Johnson,Christian Braswell,2250,42
Antonio Johnson,Daniel Thomas,2250,44
Antonio Johnson,Danny Striggow,2250,40
Antonio Johnson,Darnell Savage,2250,24
Antonio Johnson,Dawuane Smoot,2250,22
Antonio Johnson,Deantre Prince,2250,39
Antonio Johnson,Devin Lloyd,2250,6
Antonio Johnson,Doneiko Slaughter,2250,17
Antonio Johnson,Eli Mostaert,2250,2
Antonio Johnson,Emmanuel Ogbah,2250,22
Antonio Johnson,Ethan Downs,2250,6
Antonio Johnson,Jabbar Muhammad,2250,31
Antonio Johnson,Jack Kiser,2250,37
Antonio Johnson,James Carpenter,2250,8
Antonio Johnson,Jarrian Jones,2250,3
Antonio Johnson,Jordan Jefferson,2250,41
Antonio Johnson,Keivie Rose,2250,32
Antonio Johnson,Myles Cole,2250,23
Antonio Johnson,Rayuan Lane III,2250,3
Antonio Johnson,Travis Hunter,2250,6
Antonio Johnson,Tyler Lacy,2250,14
Antonio Johnson,Ventrell Miller,2250,32
Antonio Johnson,Yasir Abdullah,2250,11
Antonio Johnson,Zech McPhearson,2250,10
Antwane Wells Jr.,Aaron Stinnie,3410,27
Antwane Wells Jr.,Austin Schlottmann,3410,31
Antwane Wells Jr.,Bryan Hudson,3410,26
Antwane Wells Jr.,Da'Quan Felton,3410,11
Antwane Wells Jr.,Dalen Cambre,3410,15
Antwane Wells Jr.,Dante Miller,3410,36
Antwane Wells Jr.,Evan Neal,3410,12
Antwane Wells Jr.,Greg Dulcich,3410,8
Antwane Wells Jr.,Gunner Olszewski,3410,34
Antwane Wells Jr.,Jaison Williams,3410,15
Antwane Wells Jr.,Jake Kubas,3410,25
Antwane Wells Jr.,Jameis Winston,3410,19
Antwane Wells Jr.,Jaxson Dart,3410,12
Antwane Wells Jr.,Jermaine Terry,3410,15
Antwane Wells Jr.,Jimmy Morrissey,3410,23
Antwane Wells Jr.,Jonathan Ward,3410,18
Antwane Wells Jr.,Jordan Bly,3410,15
Antwane Wells Jr.,Joshua Ezeudu,3410,29
Antwane Wells Jr.,Lil'Jordan Humphrey,3410,18
Antwane Wells Jr.,Marcus Mbow,3410,31
Antwane Wells Jr.,Stone Forsythe,3410,51
Antwane Wells Jr.,Thomas Fidone II,3410,31
Antwane Wells Jr.,Tommy DeVito,3410,23
Antwane Wells Jr.,Zach Pascal,3410,15
Antwaun Powell-Ryland,A.J. Woods,3700,11
Antwaun Powell-Ryland,Andre' Sam,3700,28
Antwaun Powell-Ryland,Brandon Johnson,3700,11
Antwaun Powell-Ryland,Byron Young,3700,5
Antwaun Powell-Ryland,Chance Campbell,3700,18
Antwaun Powell-Ryland,Dallas Gant,3700,55
Antwaun Powell-Ryland,Eli Ricks,3700,42
Antwaun Powell-Ryland,Gabe Hall,3700,14
Antwaun Powell-Ryland,Jacob Sykes,3700,42
Antwaun Powell-Ryland,Jereme Robinson,3700,3
Antwaun Powell-Ryland,Joe Evans,3700,39
Antwaun Powell-Ryland,Justin Rogers,3700,17
Antwaun Powell-Ryland,Lance Dixon,3700,33
Antwaun Powell-Ryland,Lewis Cine,3700,28
Antwaun Powell-Ryland,Mac McWilliams,3700,32
Antwaun Powell-Ryland,Maxen Hook,3700,41
Antwaun Powell-Ryland,Ochaun Mathis,3700,53
Antwaun Powell-Ryland,Parry Nickerson,3700,44
Antwaun Powell-Ryland,Smael Mondon Jr.,3700,6
Antwaun Powell-Ryland,Tariq Castro-Fields,3700,12
Antwaun Powell-Ryland,Tristin McCollum,3700,15
Antwaun Powell-Ryland,Ty Robinson,3700,11
Arden Key,Amani Hooker,2100,20
Arden Key,Carlos Watkins,2100,4
Arden Key,Cedric Gray,2100,17
Arden Key,Cody Barton,2100,20
Arden Key,Darrell Baker Jr.,2100,20
Arden Key,Dre'Mont Jones,2100,17
Arden Key,James Lynch,2100,9
Arden Key,James Williams,2100,3
Arden Key,Jarvis Brownlee Jr.,2100,20
Arden Key,Jeffery Simmons,2100,11
Arden Key,Oluwafemi Oladejo,2100,9
Arden Key,Roger McCreary,2100,17
Arden Key,Sebastian Joseph-Day,2100,10
Arden Key,Timmy Horne,2100,3
Arden Key,Xavier Woods,2100,20
Arian Smith,Adrian Martinez,3430,49
Arian Smith,Alijah Vera-Tucker,3430,2
Arian Smith,Andrew Beck,3430,12
Arian Smith,Armand Membou,3430,21
Arian Smith,Brady Cook,3430,27
Arian Smith,Braelon Allen,3430,12
Arian Smith,Brandon Smith,3430,61
Arian Smith,Breece Hall,3430,1
Arian Smith,Carter Warren,3430,29
Arian Smith,Chukwuma Okorafor,3430,28
Arian Smith,Donovan Edwards,3430,17
Arian Smith,Garrett Wilson,3430,2
Arian Smith,Isaiah Davis,3430,6
Arian Smith,Jamaal Pritchett,3430,36
Arian Smith,Jeremy Ruckert,3430,20
Arian Smith,Joe Tippmann,3430,2
Arian Smith,John Simpson,3430,1
Arian Smith,Josh Myers,3430,29
Arian Smith,Justin Fields,3430,2
Arian Smith,Kene Nwangwu,3430,41
Arian Smith,Kohl Levao,3430,76
Arian Smith,Lawrance Toafili,3430,1
Arian Smith,Liam Fornadel,3430,29
Arian Smith,Malachi Corley,3430,23
Arian Smith,Marquis Hayes,3430,33
Arian Smith,Mason Taylor,3430,1
Arian Smith,Max Mitchell,3430,62
Arian Smith,Neal Johnson,3430,4
Arian Smith,Olumuyiwa Fashanu,3430,2
Arian Smith,Quentin Skinner,3430,11
Arian Smith,Samuel Jackson,3430,14
Arian Smith,Stone Smartt,3430,33
Arian Smith,Tyler Johnson,3430,4
Arian Smith,Xavier Newman-Johnson,3430,62
Arian Smith,Zack Kuntz,3430,27
Arlington Hambright,Brandon Crenshaw-Dickson,2100,6
Arlington Hambright,Drake Dabney,2100,7
Arlington Hambright,Jackson Slater,2100,8
Arlington Hambright,Jaelyn Duncan,2100,6
Arlington Hambright,James Proche,2100,1
Arlington Hambright,Jermar Jefferson,2100,2
Arlington Hambright,Jha'Quan Jackson,2100,1
Arlington Hambright,John Ojukwu,2100,2
Arlington Hambright,Jordan Mims,2100,6
Arlington Hambright,Josh Whyle,2100,1
Arlington Hambright,Mason Kinsey,2100,3
Arlington Hambright,Matt Landers,2100,5
Arlington Hambright,Olisaemeka Udoh,2100,2
Arlington Hambright,Sam Mustipher,2100,8
Arlington Hambright,T.J. Sheffield,2100,7
Arlington Hambright,Tim Boyle,2100,8
Arlington Hambright,Xavier Restrepo,2100,7
Armand Membou,Adrian Martinez,3430,5
Armand Membou,Alijah Vera-Tucker,3430,28
Armand Membou,Allen Lazard,3430,10
Armand Membou,Andrew Beck,3430,14
Armand Membou,Arian Smith,3430,21
Armand Membou,Brady Cook,3430,22
Armand Membou,Braelon Allen,3430,21
Armand Membou,Brandon Smith,3430,15
Armand Membou,Breece Hall,3430,16
Armand Membou,Garrett Wilson,3430,28
Armand Membou,Isaiah Davis,3430,9
Armand Membou,Jamaal Pritchett,3430,4
Armand Membou,Jeremy Ruckert,3430,47
Armand Membou,Joe Tippmann,3430,28
Armand Membou,John Simpson,3430,18
Armand Membou,Josh Myers,3430,27
Armand Membou,Josh Reynolds,3430,26
Armand Membou,Justin Fields,3430,28
Armand Membou,Kene Nwangwu,3430,10
Armand Membou,Kohl Levao,3430,27
Armand Membou,Liam Fornadel,3430,10
Armand Membou,Malachi Corley,3430,14
Armand Membou,Mason Taylor,3430,13
Armand Membou,Max Mitchell,3430,27
Armand Membou,Olumuyiwa Fashanu,3430,28
Armand Membou,Tyler Johnson,3430,25
Armand Membou,Xavier Newman-Johnson,3430,27
Armand Membou,Zack Kuntz,3430,2
Arnold Ebiketie,Billy Bowman Jr.,0200,9
Arnold Ebiketie,Bralen Trice,0200,3
Arnold Ebiketie,Brandon Dorlus,0200,5
Arnold Ebiketie,Caleb Johnson,0200,3
Arnold Ebiketie,Cobee Bryant,0200,4
Arnold Ebiketie,DeAngelo Malone,0200,12
Arnold Ebiketie,DeMarcco Hellams,0200,8
Arnold Ebiketie,Dee Alford,0200,11
Arnold Ebiketie,JD Bertrand,0200,6
Arnold Ebiketie,Jalon Walker,0200,7
Arnold Ebiketie,James Pearce Jr.,0200,11
Arnold Ebiketie,Jordan Fuller,0200,22
Arnold Ebiketie,Josh Thompson,0200,1
Arnold Ebiketie,Josh Woods,0200,21
Arnold Ebiketie,Kentavius Street,0200,14
Arnold Ebiketie,LaCale London,0200,5
Arnold Ebiketie,Lamar Jackson,0200,24
Arnold Ebiketie,Mike Ford,0200,2
Arnold Ebiketie,Morgan Fox,0200,5
Arnold Ebiketie,Natrone Brooks,0200,18
Arnold Ebiketie,Ronnie Harrison,0200,3
Arnold Ebiketie,Ruke Orhorhoro,0200,12
Arnold Ebiketie,Ta'Quon Graham,0200,4
Arnold Ebiketie,Xavier Watts,0200,17
Arnold Ebiketie,Zach Harrison,0200,13
Arron Mosby,Barryn Sorrell,1800,14
Arron Mosby,Bo Melton,1800,26
Arron Mosby,Brenton Cox Jr.,1800,9
Arron Mosby,Colby Wooden,1800,2
Arron Mosby,Corey Ballentine,1800,34
Arron Mosby,Deslin Alexandre,1800,69
Arron Mosby,Devonte O'Malley,1800,9
Arron Mosby,Garnett Hollis Jr.,1800,29
Arron Mosby,Isaiah Dunn,1800,18
Arron Mosby,Isaiah Simmons,1800,57
Arron Mosby,James Ester,1800,39
Arron Mosby,Jamon Johnson,1800,56
Arron Mosby,Jared Bartlett,1800,15
Arron Mosby,Jaylin Simpson,1800,16
Arron Mosby,Johnathan Baldwin,1800,97
Arron Mosby,Kalen King,1800,43
Arron Mosby,Kamal Hadden,1800,43
Arron Mosby,Karl Brooks,1800,2
Arron Mosby,Keith Randolph Jr.,1800,28
Arron Mosby,Kitan Oladapo,1800,45
Arron Mosby,Kristian Welch,1800,72
Arron Mosby,Micah Robinson,1800,61
Arron Mosby,Nazir Stackhouse,1800,57
Arron Mosby,Omar Brown,1800,11
Arron Mosby,Ty'Ron Hopper,1800,29
Arron Mosby,Tyron Herring,1800,41
Arron Mosby,Warren Brinson,1800,68
Art Green,Abdul Carter,3410,10
Art Green,Andru Phillips,3410,12
Art Green,Bobby Okereke,3410,3
Art Green,Chauncey Golston,3410,31
Art Green,Chris Board,3410,17
Art Green,Cordale Flott,3410,6
Art Green,Cory Durden,3410,6
Art Green,DJ Davidson,3410,25
Art Green,Dane Belton,3410,18
Art Green,Darius Alexander,3410,27
Art Green,Darius Muasau,3410,18
Art Green,Dyontae Johnson,3410,32
Art Green,Elijah Chatman,3410,16
Art Green,Elijah Garcia,3410,20
Art Green,Jeremiah Ledbetter,3410,5
Art Green,Jordon Riley,3410,12
Art Green,K'Von Wallace,3410,14
Art Green,K.J. Cloyd,3410,26
Art Green,Kayvon Thibodeaux,3410,4
Art Green,Korie Black,3410,10
Art Green,Makari Paige,3410,32
Art Green,Micah McFadden,3410,4
Art Green,Nic Jones,3410,17
Art Green,O'Donnell Fortune,3410,8
Art Green,Raheem Layne,3410,36
Art Green,Rakeem Nunez-Roches,3410,4
Art Green,Roy Robertson-Harris,3410,2
Art Green,TJ Moore,3410,26
Art Green,Tomon Fox,3410,35
Art Green,Trace Ford,3410,24
Arthur Maulet,Casey Toohill,2120,27
Arthur Maulet,Christian Harris,2120,6
Arthur Maulet,D'Angelo Ross,2120,18
Arthur Maulet,Damon Arnette,2120,27
Arthur Maulet,Darrell Taylor,2120,11
Arthur Maulet,Derek Barnett,2120,9
Arthur Maulet,Dylan Horton,2120,7
Arthur Maulet,E.J. Speed,2120,4
Arthur Maulet,Foley Fatukasi,2120,7
Arthur Maulet,Haggai Ndubuisi,2120,28
Arthur Maulet,Jackson Woodard,2120,25
Arthur Maulet,Jake Hansen,2120,11
Arthur Maulet,Jalen Mills,2120,18
Arthur Maulet,Jamal Hill,2120,21
Arthur Maulet,Jaylin Smith,2120,14
Arthur Maulet,Junior Tafuna,2120,36
Arthur Maulet,K.C. Ossai,2120,22
Arthur Maulet,M.J. Stewart,2120,10
Arthur Maulet,Marlon Davidson,2120,11
Arthur Maulet,Myles Bryant,2120,33
Arthur Maulet,Nick Niemann,2120,16
Arthur Maulet,Russ Yeast,2120,33
Arthur Maulet,Solomon Byrd,2120,29
Arthur Maulet,Tim Settle,2120,9
Arthur Maulet,Tommy Togiai,2120,9
Arthur Maulet,Tremon Smith,2120,39
Ashton Dulin,Adonai Mitchell,2200,52
Ashton Dulin,Andrew Ogletree,2200,26
Ashton Dulin,Anthony Gould,2200,43
Ashton Dulin,Anthony Richardson,2200,24
Ashton Dulin,Blake Freeland,2200,37
Ashton Dulin,D.J. Montgomery,2200,1
Ashton Dulin,DJ Giddens,2200,35
Ashton Dulin,Dalton Tucker,2200,53
Ashton Dulin,Daniel Jones,2200,29
Ashton Dulin,Jalen Travis,2200,53
Ashton Dulin,Luke Tenuta,2200,16
Ashton Dulin,Matt Goncalves,2200,53
Ashton Dulin,Tanor Bortolini,2200,53
Ashton Dulin,Tyler Goodson,2200,18
Ashton Dulin,Tyler Warren,2200,17
Ashton Dulin,Will Mallory,2200,20
Ashton Gillotte,Brandon George,2310,2
Ashton Gillotte,Bryan Cook,2310,38
Ashton Gillotte,Cam Jones,2310,49
Ashton Gillotte,Chamarri Conner,2310,10
Ashton Gillotte,Charles Omenihu,2310,36
Ashton Gillotte,Chris Jones,2310,4
Ashton Gillotte,Christian Roland-Wallace,2310,55
Ashton Gillotte,Cole Christiansen,2310,47
Ashton Gillotte,Cooper McDonald,2310,15
Ashton Gillotte,Coziah Izzard,2310,6
Ashton Gillotte,Deon Bush,2310,3
Ashton Gillotte,Fabien Lovett Sr.,2310,11
Ashton Gillotte,Felix Anudike-Uzomah,2310,33
Ashton Gillotte,George Karlaftis,2310,4
Ashton Gillotte,Glendon Miller,2310,21
Ashton Gillotte,Jack Cochrane,2310,24
Ashton Gillotte,Jaden Hicks,2310,50
Ashton Gillotte,Jaylen Watson,2310,18
Ashton Gillotte,Jeffrey Bassa,2310,42
Ashton Gillotte,Jerry Tillery,2310,59
Ashton Gillotte,Joshua Williams,2310,21
Ashton Gillotte,Kevin Knowles,2310,3
Ashton Gillotte,Kristian Fulton,2310,18
Ashton Gillotte,Leo Chenal,2310,9
Ashton Gillotte,Major Williams,2310,8
Ashton Gillotte,Malik Herring,2310,31
Ashton Gillotte,Marlon Tuipulotu,2310,34
Ashton Gillotte,Melvin Smith Jr.,2310,8
Ashton Gillotte,Mike Edwards,2310,30
Ashton Gillotte,Mike Pennel,2310,12
Ashton Gillotte,Nazeeh Johnson,2310,41
Ashton Gillotte,Nick Bolton,2310,4
Ashton Gillotte,Nohl Williams,2310,53
Ashton Gillotte,Omarr Norman-Lott,2310,27
Ashton Gillotte,Trent McDuffie,2310,4
Ashton Jeanty,Aidan O'Connell,2520,4
Ashton Jeanty,Alex Bachman,2520,4
Ashton Jeanty,Brock Bowers,2520,9
Ashton Jeanty,Caleb Rogers,2520,4
Ashton Jeanty,DJ Glaze,2520,25
Ashton Jeanty,Dont'e Thornton Jr.,2520,23
Ashton Jeanty,Dylan Parham,2520,21
Ashton Jeanty,Geno Smith,2520,21
Ashton Jeanty,Ian Thomas,2520,3
Ashton Jeanty,Jack Bech,2520,4
Ashton Jeanty,Jackson Powers-Johnson,2520,25
Ashton Jeanty,Jakobi Meyers,2520,19
Ashton Jeanty,Jordan Meredith,2520,25
Ashton Jeanty,Kolton Miller,2520,21
Ashton Jeanty,Michael Mayer,2520,17
Ashton Jeanty,Thayer Munford Jr.,2520,6
Ashton Jeanty,Tre Tucker,2520,19
Asim Richards,Ajani Cornelius,1200,60
Asim Richards,Brock Hoffman,1200,92
Asim Richards,Deuce Vaughn,1200,12
Asim Richards,Geron Christian,1200,55
Asim Richards,Hakeem Adeniji,1200,7
Asim Richards,Jalen Brooks,1200,65
Asim Richards,Jalen Cropper,1200,38
Asim Richards,Jalen Tolbert,1200,5
Asim Richards,Jaydon Blue,1200,12
Asim Richards,Joe Milton III,1200,62
Asim Richards,John Stephens Jr.,1200,3
Asim Richards,Jonathan Mingo,1200,7
Asim Richards,Josh Kelly,1200,50
Asim Richards,La'el Collins,1200,25
Asim Richards,Luke Schoonmaker,1200,5
Asim Richards,Malik Davis,1200,21
Asim Richards,Nick Broeker,1200,40
Asim Richards,Phil Mafah,1200,47
Asim Richards,Princeton Fant,1200,24
Asim Richards,Rivaldo Fairweather,1200,45
Asim Richards,Ryan Flournoy,1200,49
Asim Richards,Saahdiq Charles,1200,20
Asim Richards,TJ Bass,1200,69
Asim Richards,Traeshon Holden,1200,43
Asim Richards,Tyler Neville,1200,34
Asim Richards,Will Grier,1200,30
Atonio Mafi,Aidan O'Connell,2520,27
Atonio Mafi,Albert Okwuegbunam,2520,24
Atonio Mafi,Alex Bachman,2520,31
Atonio Mafi,Caleb Rogers,2520,50
Atonio Mafi,Cam Miller,2520,54
Atonio Mafi,Carter Runyon,2520,26
Atonio Mafi,Charles Grant,2520,50
Atonio Mafi,Chris Collier,2520,21
Atonio Mafi,Collin Johnson,2520,32
Atonio Mafi,Dalton Wagner,2520,31
Atonio Mafi,Dont'e Thornton Jr.,2520,10
Atonio Mafi,Dylan Laube,2520,16
Atonio Mafi,Gottlieb Ayedze,2520,16
Atonio Mafi,Ian Thomas,2520,16
Atonio Mafi,Jack Bech,2520,31
Atonio Mafi,Jarrod Hufford,2520,31
Atonio Mafi,Justin Shorter,2520,26
Atonio Mafi,Kawaan Baker,2520,3
Atonio Mafi,Ketron Jackson Jr.,2520,27
Atonio Mafi,Laki Tasi,2520,11
Atonio Mafi,Marquez Callaway,2520,13
Atonio Mafi,Parker Clements,2520,31
Atonio Mafi,Phillip Dorsett,2520,22
Atonio Mafi,Qadir Ismail,2520,15
Atonio Mafi,Raheem Mostert,2520,15
Atonio Mafi,Shedrick Jackson,2520,28
Atonio Mafi,Sincere McCormick,2520,15
Atonio Mafi,Thayer Munford Jr.,2520,50
Atonio Mafi,Tommy Mellott,2520,20
Atonio Mafi,Will Putnam,2520,54
Atonio Mafi,Zamir White,2520,14
Audric EstimÃ©,A.T. Perry,1400,2
Audric EstimÃ©,Adam Prentice,1400,6
Audric EstimÃ©,Alex Forsyth,1400,9
Audric EstimÃ©,Alex Palczewski,1400,9
Audric EstimÃ©,Caden Prieskorn,1400,25
Audric EstimÃ©,Caleb Lohner,1400,32
Audric EstimÃ©,Calvin Throckmorton,1400,8
Audric EstimÃ©,Clay Webb,1400,32
Audric EstimÃ©,Courtney Jackson,1400,21
Audric EstimÃ©,Frank Crum,1400,19
Audric EstimÃ©,Jarrett Stidham,1400,6
Audric EstimÃ©,Jerjuan Newton,1400,26
Audric EstimÃ©,Joaquin Davis,1400,31
Audric EstimÃ©,Joseph Michalski,1400,42
Audric EstimÃ©,Kyrese Rowan,1400,22
Audric EstimÃ©,Lucas Krull,1400,8
Audric EstimÃ©,Marques Cox,1400,42
Audric EstimÃ©,Matt Peart,1400,9
Audric EstimÃ©,Michael Bandy,1400,14
Audric EstimÃ©,Nick Gargiulo,1400,8
Audric EstimÃ©,Pat Bryant,1400,12
Audric EstimÃ©,Sam Ehlinger,1400,45
Audric EstimÃ©,Trent Sherfield,1400,5
Audric EstimÃ©,Will Sherman,1400,42
Audric EstimÃ©,Xavier Truss,1400,35
Austen Pleasants,Ben Bartch,4500,12
Austen Pleasants,Brayden Willis,4500,46
Austen Pleasants,Carter Bradley,4500,32
Austen Pleasants,Connor Colby,4500,56
Austen Pleasants,Corey Kiner,4500,16
Austen Pleasants,Demarcus Robinson,4500,55
Austen Pleasants,Drake Nugent,4500,29
Austen Pleasants,Drew Moss,4500,19
Austen Pleasants,Isaac Alarcon,4500,21
Austen Pleasants,Isaac Guerendo,4500,19
Austen Pleasants,Isaiah Hodgins,4500,10
Austen Pleasants,Jake Tonges,4500,49
Austen Pleasants,Jeff Wilson,4500,14
Austen Pleasants,Jordan Watkins,4500,23
Austen Pleasants,Junior Bergen,4500,13
Austen Pleasants,Ke'Shawn Vaughn,4500,27
Austen Pleasants,Luke Farrell,4500,42
Austen Pleasants,Mac Jones,4500,39
Austen Pleasants,Malik Turner,4500,20
Austen Pleasants,Matt Hennessy,4500,58
Austen Pleasants,Michael Dunn,4500,12
Austen Pleasants,Nick Zakelj,4500,75
Austen Pleasants,Patrick Taylor,4500,13
Austen Pleasants,Robbie Chosen,4500,30
Austen Pleasants,Russell Gage,4500,38
Austen Pleasants,Skyy Moore,4500,12
Austen Pleasants,Spencer Burford,4500,66
Austen Pleasants,Tanner Mordecai,4500,16
Austen Pleasants,Terique Owens,4500,8
Austin Ajiake,Adetomiwa Adebawore,2200,26
Austin Ajiake,Alex Johnson,2200,26
Austin Ajiake,BJ Mayes,2200,8
Austin Ajiake,Cameron McGrone,2200,12
Austin Ajiake,Camryn Bynum,2200,2
Austin Ajiake,Charvarius Ward,2200,2
Austin Ajiake,Chris Lammons,2200,38
Austin Ajiake,Daniel Scott,2200,52
Austin Ajiake,Desmond Little,2200,12
Austin Ajiake,Devonta Davis,2200,8
Austin Ajiake,Duke Shelley,2200,28
Austin Ajiake,Durell Nchami,2200,44
Austin Ajiake,Eric Johnson,2200,21
Austin Ajiake,Grover Stewart,2200,2
Austin Ajiake,Hunter Wohler,2200,11
Austin Ajiake,Isaiah Land,2200,31
Austin Ajiake,JT Tuimoloau,2200,51
Austin Ajiake,Joe Bachie,2200,2
Austin Ajiake,Johnathan Edwards,2200,36
Austin Ajiake,Josh Tupou,2200,21
Austin Ajiake,Julius Brents,2200,12
Austin Ajiake,Neville Gallimore,2200,23
Austin Ajiake,Rodney Thomas,2200,35
Austin Ajiake,Samuel Womack,2200,28
Austin Ajiake,Segun Olubi,2200,50
Austin Ajiake,Tim Smith,2200,23
Austin Ajiake,Tre Herndon,2200,7
Austin Ajiake,Trey Washington,2200,28
Austin Booker,Alex Cook,0810,15
Austin Booker,Amen Ogbongbemiga,0810,10
Austin Booker,Andrew Billings,0810,10
Austin Booker,Carl Jones,0810,9
Austin Booker,Chris Williams,0810,19
Austin Booker,Daniel Hardy,0810,7
Austin Booker,Dominique Robinson,0810,16
Austin Booker,Elijah Hicks,0810,12
Austin Booker,Jeremiah Walker,0810,2
Austin Booker,Jonathan Ford,0810,19
Austin Booker,Jonathan Owens,0810,29
Austin Booker,Josh Blackwell,0810,10
Austin Booker,Major Burns,0810,9
Austin Booker,Nahshon Wright,0810,6
Austin Booker,Nick McCloud,0810,10
Austin Booker,Noah Sewell,0810,27
Austin Booker,Power Echols,0810,9
Austin Booker,Ruben Hyppolite II,0810,27
Austin Booker,Swayze Bozeman,0810,4
Austin Booker,Tanoh Kpassagnon,0810,13
Austin Booker,Terell Smith,0810,30
Austin Booker,Tre Flowers,0810,30
Austin Booker,Tyrique Stevenson,0810,6
Austin Booker,Tysheem Johnson,0810,7
Austin Booker,Zacch Pickens,0810,24
Austin Corbett,Adam Thielen,0750,12
Austin Corbett,Bryce Young,0750,16
Austin Corbett,Brycen Tremayne,0750,2
Austin Corbett,Cade Mays,0750,5
Austin Corbett,Chuba Hubbard,0750,10
Austin Corbett,David Moore,0750,1
Austin Corbett,Ikem Ekwonu,0750,16
Austin Corbett,Ja'Tavion Sanders,0750,12
Austin Corbett,Ja'Tyre Carter,0750,11
Austin Corbett,Jalen Coker,0750,6
Austin Corbett,Mitchell Evans,0750,8
Austin Corbett,Rico Dowdle,0750,6
Austin Corbett,Robert Hunt,0750,16
Austin Corbett,Taylor Moton,0750,16
Austin Corbett,Tetairoa McMillan,0750,15
Austin Corbett,Xavier Legette,0750,8
Austin Deculus,Blake Fisher,2120,9
Austin Deculus,Braxton Berrios,2120,20
Austin Deculus,British Brooks,2120,24
Austin Deculus,Cade Stover,2120,3
Austin Deculus,Conor McDermott,2120,42
Austin Deculus,Cornell Powell,2120,30
Austin Deculus,Dalton Keene,2120,6
Austin Deculus,Dameon Pierce,2120,10
Austin Deculus,Daniel Jackson,2120,42
Austin Deculus,Dare Ogunbowale,2120,6
Austin Deculus,Davis Mills,2120,9
Austin Deculus,Eli Cox,2120,80
Austin Deculus,Graham Mertz,2120,62
Austin Deculus,Harrison Bryant,2120,32
Austin Deculus,Irv Smith,2120,32
Austin Deculus,J.J. Taylor,2120,13
Austin Deculus,Jakob Johnson,2120,34
Austin Deculus,Jarrett Patterson,2120,58
Austin Deculus,Jawhar Jordan,2120,51
Austin Deculus,Jayden Higgins,2120,24
Austin Deculus,Jaylin Noel,2120,16
Austin Deculus,Jaylon Thomas,2120,133
Austin Deculus,John Metchie III,2120,37
Austin Deculus,Juice Scruggs,2120,49
Austin Deculus,Justin Watson,2120,38
Austin Deculus,Juwann Winfree,2120,40
Austin Deculus,Kedon Slovis,2120,67
Austin Deculus,LaDarius Henderson,2120,94
Austin Deculus,Luke Lachey,2120,88
Austin Deculus,Quintez Cephus,2120,64
Austin Deculus,Tre' McKitty,2120,9
Austin Deculus,Woody Marks,2120,34
Austin Deculus,Xavier Hutchinson,2120,10
Austin Deculus,Xavier Johnson,2120,27
Austin Deculus,Zach Thomas,2120,87
Austin Hooper,Antonio Gibson,3200,6
Austin Hooper,Ben Brown,3200,23
Austin Hooper,DeMario Douglas,3200,11
Austin Hooper,Drake Maye,3200,24
Austin Hooper,Garrett Bradbury,3200,16
Austin Hooper,Hunter Henry,3200,1
Austin Hooper,Jack Westover,3200,12
Austin Hooper,Jared Wilson,3200,9
Austin Hooper,Kayshon Boutte,3200,18
Austin Hooper,Kyle Williams,3200,11
Austin Hooper,Mack Hollins,3200,18
Austin Hooper,Marcus Bryant,3200,24
Austin Hooper,Mike Onwenu,3200,24
Austin Hooper,Rhamondre Stevenson,3200,6
Austin Hooper,TreVeyon Henderson,3200,13
Austin Hooper,Will Campbell,3200,24
Austin Johnson,Andrew Wingard,2250,14
Austin Johnson,Antonio Johnson,2250,20
Austin Johnson,Chad Muma,2250,19
Austin Johnson,Christian Braswell,2250,21
Austin Johnson,Daniel Thomas,2250,11
Austin Johnson,Danny Striggow,2250,9
Austin Johnson,Darnell Savage,2250,17
Austin Johnson,Dawuane Smoot,2250,15
Austin Johnson,Deantre Prince,2250,19
Austin Johnson,Devin Lloyd,2250,10
Austin Johnson,Emmanuel Ogbah,2250,17
Austin Johnson,Eric Murray,2250,2
Austin Johnson,Foye Oluokun,2250,2
Austin Johnson,Jabbar Muhammad,2250,8
Austin Johnson,Jack Kiser,2250,5
Austin Johnson,Jarrian Jones,2250,5
Austin Johnson,Jordan Jefferson,2250,16
Austin Johnson,Josh Hines-Allen,2250,2
Austin Johnson,Jourdan Lewis,2250,2
Austin Johnson,Keivie Rose,2250,3
Austin Johnson,Myles Cole,2250,9
Austin Johnson,Rayuan Lane III,2250,2
Austin Johnson,Travis Hunter,2250,5
Austin Johnson,Tyler Lacy,2250,6
Austin Johnson,Tyson Campbell,2250,2
Austin Johnson,Ventrell Miller,2250,12
Austin Johnson,Yasir Abdullah,2250,6
Austin Keys,Ambry Thomas,3000,34
Austin Keys,Bo Richter,3000,36
Austin Keys,Cam Gill,3000,33
Austin Keys,Chaz Chambliss,3000,60
Austin Keys,Dorian Mausi,3000,22
Austin Keys,Dwight McGlothern,3000,48
Austin Keys,Elijah Williams,3000,45
Austin Keys,Gabriel Murphy,3000,21
Austin Keys,Gervarrius Owens,3000,11
Austin Keys,Jay Ward,3000,44
Austin Keys,Jonathan Harris,3000,42
Austin Keys,Kahlef Hailassie,3000,29
Austin Keys,Keenan Garber,3000,5
Austin Keys,Kobe King,3000,57
Austin Keys,Levi Drake Rodriguez,3000,17
Austin Keys,Mekhi Blackmon,3000,46
Austin Keys,Mishael Powell,3000,36
Austin Keys,Reddy Steward,3000,25
Austin Keys,Taki Taimani,3000,34
Austin Keys,Tavierre Thomas,3000,47
Austin Keys,Travis Bell,3000,30
Austin Keys,Tyler Batty,3000,21
Austin Keys,Tyrion Ingram-Dawkins,3000,34
Austin Keys,Zemaiah Vaughn,3000,53
Austin Reed,Brittain Brown,0810,8
Austin Reed,Chris Glaser,0810,30
Austin Reed,Deion Hankins,0810,1
Austin Reed,Ian Wheeler,0810,29
Austin Reed,JP Richardson,0810,19
Austin Reed,Jahdae Walker,0810,33
Austin Reed,Joel Wilson,0810,32
Austin Reed,John Jackson,0810,12
Austin Reed,Jordan McFadden,0810,38
Austin Reed,Joshua Miles,0810,38
Austin Reed,Kiran Amegadjie,0810,25
Austin Reed,Luke Newman,0810,8
Austin Reed,Maurice Alexander,0810,8
Austin Reed,Miles Boykin,0810,3
Austin Reed,Ozzy Trapilo,0810,13
Austin Reed,Ricky Stromberg,0810,38
Austin Reed,Samori Toure,0810,27
Austin Reed,Stephen Carlson,0810,5
Austin Reed,Thomas Gordon,0810,13
Austin Schlottmann,Aaron Stinnie,3410,71
Austin Schlottmann,Antwane Wells Jr.,3410,31
Austin Schlottmann,Beaux Collins,3410,28
Austin Schlottmann,Bryan Hudson,3410,18
Austin Schlottmann,Cam Skattebo,3410,10
Austin Schlottmann,Chris Manhertz,3410,2
Austin Schlottmann,Da'Quan Felton,3410,11
Austin Schlottmann,Dalen Cambre,3410,26
Austin Schlottmann,Daniel Bellinger,3410,3
Austin Schlottmann,Dante Miller,3410,65
Austin Schlottmann,Devin Singletary,3410,4
Austin Schlottmann,Elijah Chatman,3410,3
Austin Schlottmann,Evan Neal,3410,52
Austin Schlottmann,Greg Dulcich,3410,43
Austin Schlottmann,Gunner Olszewski,3410,64
Austin Schlottmann,Ihmir Smith-Marsette,3410,17
Austin Schlottmann,Jake Kubas,3410,48
Austin Schlottmann,Jalin Hyatt,3410,25
Austin Schlottmann,Jameis Winston,3410,46
Austin Schlottmann,Jaxson Dart,3410,58
Austin Schlottmann,Jermaine Terry,3410,18
Austin Schlottmann,Jimmy Morrissey,3410,1
Austin Schlottmann,Jonathan Ward,3410,26
Austin Schlottmann,Jordan Bly,3410,5
Austin Schlottmann,Joshua Ezeudu,3410,51
Austin Schlottmann,Lil'Jordan Humphrey,3410,53
Austin Schlottmann,Marcus Mbow,3410,104
Austin Schlottmann,Montrell Washington,3410,26
Austin Schlottmann,Stone Forsythe,3410,75
Austin Schlottmann,Thomas Fidone II,3410,52
Austin Schlottmann,Zach Pascal,3410,14
Austin Trammell,Bhayshul Tuten,2250,15
Austin Trammell,Brenton Strange,2250,8
Austin Trammell,Brian Thomas Jr.,2250,9
Austin Trammell,Cam Camper,2250,7
Austin Trammell,Dorian Singer,2250,22
Austin Trammell,Ezra Cleveland,2250,10
Austin Trammell,Fred Johnson,2250,41
Austin Trammell,Hunter Long,2250,19
Austin Trammell,Ja'Quinden Jackson,2250,15
Austin Trammell,Javon Foster,2250,25
Austin Trammell,Jerome Carvin,2250,25
Austin Trammell,John Copenhaver,2250,2
Austin Trammell,John Wolford,2250,15
Austin Trammell,Johnny Mundt,2250,8
Austin Trammell,Jonah Monheim,2250,31
Austin Trammell,Joshua Cephus,2250,28
Austin Trammell,Kevin Harris,2250,10
Austin Trammell,LeQuint Allen Jr.,2250,16
Austin Trammell,Luke Fortner,2250,25
Austin Trammell,Nick Mullens,2250,30
Austin Trammell,Parker Washington,2250,13
Austin Trammell,Patrick Herbert,2250,7
Austin Trammell,Patrick Mekari,2250,21
Austin Trammell,Quintin Morris,2250,15
Austin Trammell,Ricky Lee,2250,39
Austin Trammell,Robert Hainsey,2250,10
Austin Trammell,Sal Wormley,2250,51
Austin Trammell,Seth Henigan,2250,11
Austin Trammell,Shawn Bowman,2250,13
Austin Trammell,Tank Bigsby,2250,4
Austin Trammell,Travis Etienne,2250,6
Austin Trammell,Tremayne Anchrum,2250,31
Austin Trammell,Trenton Irwin,2250,47
Austin Trammell,Trevor Lawrence,2250,10
Austin Trammell,Walker Little,2250,10
Austin Trammell,Wyatt Milum,2250,11
Avonte Maddox,Ahmed Hassanein,1540,21
Avonte Maddox,Al-Quadin Muhammad,1540,47
Avonte Maddox,Allan George,1540,17
Avonte Maddox,Brodric Martin,1540,13
Avonte Maddox,Chris Smith,1540,37
Avonte Maddox,D.J. Miller,1540,13
Avonte Maddox,Dicaprio Bootle,1540,17
Avonte Maddox,Ennis Rakestraw Jr.,1540,15
Avonte Maddox,Erick Hallett,1540,54
Avonte Maddox,Ezekiel Turner,1540,11
Avonte Maddox,Grant Stuard,1540,64
Avonte Maddox,Ian Kennelly,1540,41
Avonte Maddox,Isaac Ukwu,1540,25
Avonte Maddox,Keith Cooper,1540,28
Avonte Maddox,Loren Strickland,1540,15
Avonte Maddox,Luq Barcoo,1540,2
Avonte Maddox,Mitchell Agude,1540,17
Avonte Maddox,Myles Adams,1540,35
Avonte Maddox,Nate Lynn,1540,36
Avonte Maddox,Nick Whiteside,1540,28
Avonte Maddox,Pat O'Connor,1540,25
Avonte Maddox,Raequan Williams,1540,4
Avonte Maddox,Rock Ya-Sin,1540,75
Avonte Maddox,Trevor Nowaske,1540,34
Avonte Maddox,Tyleik Williams,1540,12
Avonte Maddox,Tyson Russell,1540,19
Avonte Maddox,Zach Cunningham,1540,45
Aydan White,Antonio Johnson,2250,14
Aydan White,BJ Green II,2250,42
Aydan White,Branson Combs,2250,38
Aydan White,Cam'Ron Silmon-Craig,2250,57
Aydan White,Chad Muma,2250,37
Aydan White,Daniel Thomas,2250,21
Aydan White,Danny Striggow,2250,44
Aydan White,Doneiko Slaughter,2250,48
Aydan White,Eli Mostaert,2250,13
Aydan White,Ethan Downs,2250,31
Aydan White,Jabbar Muhammad,2250,37
Aydan White,Jack Kiser,2250,68
Aydan White,James Carpenter,2250,42
Aydan White,Jordan Jefferson,2250,31
Aydan White,Keivie Rose,2250,56
Aydan White,Keni-H Lovely,2250,38
Aydan White,Maason Smith,2250,8
Aydan White,Myles Cole,2250,33
Aydan White,Rayuan Lane III,2250,58
Aydan White,Ventrell Miller,2250,7
Aydan White,Yasir Abdullah,2250,14
Aydan White,Zech McPhearson,2250,13
Azeez Al-Shaair,Calen Bullock,2120,11
Azeez Al-Shaair,Danielle Hunter,2120,9
Azeez Al-Shaair,Darrell Taylor,2120,2
Azeez Al-Shaair,Derek Stingley Jr.,2120,10
Azeez Al-Shaair,Dylan Horton,2120,2
Azeez Al-Shaair,E.J. Speed,2120,4
Azeez Al-Shaair,Henry To'oTo'o,2120,9
Azeez Al-Shaair,Jalen Pitre,2120,11
Azeez Al-Shaair,Jaylin Smith,2120,1
Azeez Al-Shaair,Kamari Lassiter,2120,11
Azeez Al-Shaair,M.J. Stewart,2120,9
Azeez Al-Shaair,Mario Edwards,2120,3
Azeez Al-Shaair,Sheldon Rankins,2120,9
Azeez Al-Shaair,Tim Settle,2120,8
Azeez Al-Shaair,Tommy Togiai,2120,2
Azeez Al-Shaair,Will Anderson Jr.,2120,9
Azeez Ojulari,Adoree' Jackson,3700,26
Azeez Ojulari,Andre' Sam,3700,27
Azeez Ojulari,Andrew Mukuba,3700,13
Azeez Ojulari,Brandon Johnson,3700,8
Azeez Ojulari,Byron Young,3700,27
Azeez Ojulari,Dallas Gant,3700,3
Azeez Ojulari,Eli Ricks,3700,3
Azeez Ojulari,Gabe Hall,3700,34
Azeez Ojulari,Jacob Sykes,3700,12
Azeez Ojulari,Jakorian Bennett,3700,22
Azeez Ojulari,Jeremiah Trotter Jr.,3700,40
Azeez Ojulari,Jihaad Campbell,3700,21
Azeez Ojulari,Joe Evans,3700,7
Azeez Ojulari,Joshua Uche,3700,31
Azeez Ojulari,Justin Rogers,3700,1
Azeez Ojulari,Kelee Ringo,3700,32
Azeez Ojulari,Mac McWilliams,3700,33
Azeez Ojulari,Ogbo Okoronkwo,3700,15
Azeez Ojulari,Parry Nickerson,3700,10
Azeez Ojulari,Patrick Johnson,3700,6
Azeez Ojulari,Smael Mondon Jr.,3700,40
Azeez Ojulari,Sydney Brown,3700,31
Azeez Ojulari,Tristin McCollum,3700,33
Azeez Ojulari,Ty Robinson,3700,45
Azizi Hearn,Ajani Carter,2310,26
Azizi Hearn,Brandon George,2310,24
Azizi Hearn,Cole Christiansen,2310,5
Azizi Hearn,Cooper McDonald,2310,17
Azizi Hearn,Coziah Izzard,2310,28
Azizi Hearn,Fabien Lovett Sr.,2310,19
Azizi Hearn,Felix Anudike-Uzomah,2310,3
Azizi Hearn,Glendon Miller,2310,23
Azizi Hearn,Jacobe Covington,2310,16
Azizi Hearn,Janarius Robinson,2310,4
Azizi Hearn,Jeffrey Bassa,2310,14
Azizi Hearn,Joshua Williams,2310,2
Azizi Hearn,Kevin Knowles,2310,17
Azizi Hearn,Kristian Fulton,2310,1
Azizi Hearn,Major Williams,2310,19
Azizi Hearn,Malik Herring,2310,28
Azizi Hearn,Marlon Tuipulotu,2310,8
Azizi Hearn,Nate Matlack,2310,21
Azizi Hearn,Owen Carney,2310,5
Azizi Hearn,Xander Mueller,2310,10
BJ Adams,Alex Huntley,2700,23
BJ Adams,Ben Stille,2700,25
BJ Adams,Cam Smith,2700,13
BJ Adams,Cameron Dantzler,2700,13
BJ Adams,Cameron Goode,2700,25
BJ Adams,Channing Tindall,2700,33
BJ Adams,Dequan Jackson,2700,22
BJ Adams,Derrick McLendon,2700,31
BJ Adams,Ethan Robinson,2700,29
BJ Adams,Eugene Asante,2700,27
BJ Adams,Grayson Murphy,2700,25
BJ Adams,Isaiah Johnson,2700,32
BJ Adams,Jason Marshall Jr.,2700,11
BJ Adams,John Saunders Jr.,2700,38
BJ Adams,Jordan Colbert,2700,41
BJ Adams,Jordan Phillips,2700,4
BJ Adams,Matt Dickerson,2700,20
BJ Adams,Matthew Butler,2700,6
BJ Adams,Mohamed Kamara,2700,5
BJ Adams,Quinton Bell,2700,6
BJ Adams,Zeek Biggers,2700,31
BJ Green II,Antonio Johnson,2250,18
BJ Green II,Aydan White,2250,42
BJ Green II,Branson Combs,2250,36
BJ Green II,Cam'Ron Silmon-Craig,2250,45
BJ Green II,Chad Muma,2250,36
BJ Green II,Christian Braswell,2250,12
BJ Green II,Daniel Thomas,2250,21
BJ Green II,Danny Striggow,2250,52
BJ Green II,Deantre Prince,2250,20
BJ Green II,Dennis Gardeck,2250,5
BJ Green II,Doneiko Slaughter,2250,39
BJ Green II,Eli Mostaert,2250,6
BJ Green II,Ethan Downs,2250,7
BJ Green II,Jabbar Muhammad,2250,39
BJ Green II,Jack Kiser,2250,55
BJ Green II,James Carpenter,2250,28
BJ Green II,Jordan Jefferson,2250,33
BJ Green II,Keivie Rose,2250,50
BJ Green II,Keni-H Lovely,2250,20
BJ Green II,Maason Smith,2250,8
BJ Green II,Myles Cole,2250,5
BJ Green II,Rayuan Lane III,2250,48
BJ Green II,Tyler Lacy,2250,7
BJ Green II,Ventrell Miller,2250,5
BJ Green II,Yasir Abdullah,2250,13
BJ Green II,Zech McPhearson,2250,10
BJ Mayes,Alex Johnson,2200,49
BJ Mayes,Austin Ajiake,2200,8
BJ Mayes,Daniel Scott,2200,48
BJ Mayes,Desmond Little,2200,31
BJ Mayes,Devonta Davis,2200,27
BJ Mayes,Duke Shelley,2200,2
BJ Mayes,Durell Nchami,2200,15
BJ Mayes,Eric Johnson,2200,25
BJ Mayes,Isaiah Land,2200,18
BJ Mayes,JT Tuimoloau,2200,11
BJ Mayes,Jacob Phillips,2200,9
BJ Mayes,Jake Chaney,2200,12
BJ Mayes,Joseph Vaughn,2200,12
BJ Mayes,Josh Tupou,2200,23
BJ Mayes,Ladarius Tennison,2200,29
BJ Mayes,Marcus Haynes,2200,23
BJ Mayes,Samuel Womack,2200,8
BJ Mayes,Segun Olubi,2200,28
BJ Mayes,Solomon DeShields,2200,29
BJ Mayes,Tim Smith,2200,31
BJ Mayes,Trey Washington,2200,49
Bailey Zappe,Brashard Smith,2310,16
Bailey Zappe,C.J. Hanson,2310,42
Bailey Zappe,Carson Steele,2310,15
Bailey Zappe,Chukwuebuka Godrick,2310,35
Bailey Zappe,Dalton Cooper,2310,19
Bailey Zappe,Elijah Mitchell,2310,9
Bailey Zappe,Elijah Young,2310,2
Bailey Zappe,Elijhah Badger,2310,7
Bailey Zappe,Esa Pole,2310,33
Bailey Zappe,Geor'Quarius Spivey,2310,10
Bailey Zappe,Hal Presley,2310,11
Bailey Zappe,Hunter Nourzad,2310,23
Bailey Zappe,Jalen Royals,2310,7
Bailey Zappe,Jared Wiley,2310,12
Bailey Zappe,Jason Brownlee,2310,12
Bailey Zappe,Jimmy Holiday,2310,19
Bailey Zappe,Joey Lombard,2310,19
Bailey Zappe,Key'Shawn Smith,2310,8
Bailey Zappe,Mac Dalena,2310,16
Bailey Zappe,Michael Wiley,2310,1
Bailey Zappe,Mike Caliendo,2310,23
Bailey Zappe,Nikko Remigio,2310,17
Bailey Zappe,Robert Tonyan,2310,18
Bailey Zappe,Skyy Moore,2310,13
Bailey Zappe,Tre Watson,2310,16
Bailey Zappe,Tyquan Thornton,2310,1
Bailey Zappe,Wanya Morris,2310,16
Bam Knight,Andre Baccellia,3800,10
Bam Knight,Bryson Green,3800,19
Bam Knight,Clayton Tune,3800,28
Bam Knight,Hayden Conner,3800,11
Bam Knight,Jake Curhan,3800,26
Bam Knight,Jeremiah Byers,3800,28
Bam Knight,Josh Fryar,3800,2
Bam Knight,Josiah Deguara,3800,17
Bam Knight,McClendon Curtis,3800,15
Bam Knight,Nate McCollum,3800,10
Bam Knight,Nick Leverett,3800,13
Bam Knight,Oscar Cardenas,3800,15
Bam Knight,Royce Newman,3800,17
Bam Knight,Simi Fehoko,3800,3
Bam Knight,Sincere Haynesworth,3800,28
Bam Knight,Tejhaun Palmer,3800,14
Bam Knight,Travis Vokolek,3800,11
Bam Knight,Trishton Jackson,3800,5
Bam Knight,Xavier Weaver,3800,8
Bam Martin-Scott,Akayleb Evans,0750,17
Bam Martin-Scott,Bobby Brown III,0750,9
Bam Martin-Scott,Cam Jackson,0750,31
Bam Martin-Scott,Carlos Basham,0750,28
Bam Martin-Scott,Corey Thornton,0750,17
Bam Martin-Scott,DJ Johnson,0750,13
Bam Martin-Scott,Demani Richardson,0750,30
Bam Martin-Scott,Isaac Gifford,0750,34
Bam Martin-Scott,J.J. Weaver,0750,16
Bam Martin-Scott,JaTravis Broughton,0750,21
Bam Martin-Scott,Jack Henderson,0750,24
Bam Martin-Scott,Jacoby Windmon,0750,26
Bam Martin-Scott,Jaden Crumedy,0750,36
Bam Martin-Scott,Jared Harrison-Hunte,0750,33
Bam Martin-Scott,Krys Barnes,0750,38
Bam Martin-Scott,Lathan Ransom,0750,32
Bam Martin-Scott,Mapalo Mwansa,0750,3
Bam Martin-Scott,Mello Dotson,0750,28
Bam Martin-Scott,Michael Reid,0750,18
Bam Martin-Scott,Nic Scourton,0750,3
Bam Martin-Scott,Nick Scott,0750,8
Bam Martin-Scott,Princely Umanmielen,0750,22
Bam Martin-Scott,Sam Roberts,0750,35
Bam Martin-Scott,Shemar Bartholomew,0750,16
Bam Martin-Scott,Shy Tuttle,0750,9
Bam Martin-Scott,Thomas Incoom,0750,43
Bam Martin-Scott,Tre Swilling,0750,32
Bam Martin-Scott,Trevian Thomas,0750,18
Baron Browning,Akeem Davis-Gaither,3800,8
Baron Browning,Budda Baker,3800,10
Baron Browning,Dalvin Tomlinson,3800,5
Baron Browning,Dante Stills,3800,6
Baron Browning,Darius Robinson,3800,8
Baron Browning,Garrett Williams,3800,10
Baron Browning,Jalen Thompson,3800,10
Baron Browning,L.J. Collier,3800,2
Baron Browning,Mack Wilson,3800,10
Baron Browning,Max Melton,3800,10
Baron Browning,PJ Mustipher,3800,1
Baron Browning,Will Johnson,3800,10
Baron Browning,Zaven Collins,3800,10
Barrett Carter,Bralyn Lux,0920,45
Barrett Carter,Cameron Sample,0920,26
Barrett Carter,D.J. Ivey,0920,53
Barrett Carter,Daijahn Anthony,0920,40
Barrett Carter,Eric Gregory,0920,19
Barrett Carter,Howard Cross III,0920,47
Barrett Carter,Isaiah Thomas,0920,27
Barrett Carter,Jalen Davis,0920,4
Barrett Carter,Joe Giles-Harris,0920,4
Barrett Carter,Marco Wilson,0920,26
Barrett Carter,McKinnley Jackson,0920,28
Barrett Carter,McTelvin Agim,0920,1
Barrett Carter,Nate Brooks,0920,27
Barrett Carter,Oren Burks,0920,26
Barrett Carter,PJ Jules,0920,13
Barrett Carter,Raymond Johnson III,0920,26
Barrett Carter,Shaka Heyward,0920,30
Barrett Carter,Shemar Stewart,0920,16
Barrett Carter,Taven Bryan,0920,19
Barrett Carter,Tycen Anderson,0920,53
Barry Wesley,Bub Means,3300,8
Barry Wesley,Cam Akers,3300,30
Barry Wesley,Cedrick Wilson Jr.,3300,52
Barry Wesley,Cesar Ruiz,3300,2
Barry Wesley,Clyde Edwards-Helaire,3300,24
Barry Wesley,Dante Pettis,3300,33
Barry Wesley,Devin Neal,3300,18
Barry Wesley,Dillon Radunz,3300,39
Barry Wesley,Donovan Peoples-Jones,3300,3
Barry Wesley,Easton Kilty,3300,86
Barry Wesley,Jack Stoll,3300,10
Barry Wesley,Jake Haener,3300,3
Barry Wesley,Jonathan Mendoza,3300,24
Barry Wesley,Kevin Austin Jr.,3300,78
Barry Wesley,Kyle Hergel,3300,24
Barry Wesley,Landon Young,3300,27
Barry Wesley,Marcus Yarns,3300,3
Barry Wesley,Mason Tipton,3300,68
Barry Wesley,Michael Jacobson,3300,14
Barry Wesley,Moliki Matavao,3300,49
Barry Wesley,Shane Lemieux,3300,62
Barry Wesley,Spencer Rattler,3300,28
Barry Wesley,Torricelli Simpkins III,3300,88
Barry Wesley,Treyton Welch,3300,31
Barry Wesley,Tyler Shough,3300,57
Barry Wesley,Velus Jones Jr.,3300,19
Barryn Sorrell,Arron Mosby,1800,14
Barryn Sorrell,Bo Melton,1800,13
Barryn Sorrell,Brenton Cox Jr.,1800,3
Barryn Sorrell,Colby Wooden,1800,12
Barryn Sorrell,Corey Ballentine,1800,11
Barryn Sorrell,Deslin Alexandre,1800,5
Barryn Sorrell,Garnett Hollis Jr.,1800,3
Barryn Sorrell,Isaiah Dunn,1800,24
Barryn Sorrell,Isaiah Simmons,1800,19
Barryn Sorrell,James Ester,1800,6
Barryn Sorrell,Jamon Johnson,1800,18
Barryn Sorrell,Jared Bartlett,1800,12
Barryn Sorrell,Johnathan Baldwin,1800,24
Barryn Sorrell,Kalen King,1800,19
Barryn Sorrell,Karl Brooks,1800,15
Barryn Sorrell,Keith Randolph Jr.,1800,6
Barryn Sorrell,Kingsley Enagbare,1800,15
Barryn Sorrell,Kitan Oladapo,1800,22
Barryn Sorrell,Kristian Welch,1800,19
Barryn Sorrell,Micah Robinson,1800,19
Barryn Sorrell,Nazir Stackhouse,1800,16
Barryn Sorrell,Omar Brown,1800,25
Barryn Sorrell,Ty'Ron Hopper,1800,19
Barryn Sorrell,Tyron Herring,1800,12
Barryn Sorrell,Warren Brinson,1800,19
Basil Okoye,Adedayo Odeleye,0325,13
Basil Okoye,Adisa Isaac,0325,11
Basil Okoye,Aeneas Peebles,0325,26
Basil Okoye,Beau Brade,0325,32
Basil Okoye,Bilhal Kone,0325,6
Basil Okoye,Brent Urban,0325,5
Basil Okoye,C.J. Ravenell,0325,37
Basil Okoye,Chandler Martin,0325,38
Basil Okoye,David Ojabo,0325,34
Basil Okoye,Desmond Igbinosun,0325,10
Basil Okoye,Jacob Hummel,0325,7
Basil Okoye,Jalyn Armour-Davis,0325,21
Basil Okoye,Jay Higgins,0325,37
Basil Okoye,Jayson Jones,0325,10
Basil Okoye,Kaimon Rucker,0325,40
Basil Okoye,Keondre Jackson,0325,36
Basil Okoye,Keyon Martin,0325,43
Basil Okoye,MJ Devonshire,0325,9
Basil Okoye,Malaki Starks,0325,1
Basil Okoye,Malik Hamm,0325,32
Basil Okoye,Marquise Robinson,0325,42
Basil Okoye,Mike Green,0325,27
Basil Okoye,Reuben Lowery,0325,52
Basil Okoye,Sanoussi Kane,0325,31
Basil Okoye,T.J. Tampa,0325,59
Basil Okoye,Teddye Buchanan,0325,30
Basil Okoye,Thomas Graham Jr.,0325,5
Basil Okoye,Trenton Simpson,0325,29
Basil Okoye,William Kwenkeu,0325,5
Baylor Cupp,Anthony Miller,0325,4
Baylor Cupp,Carson Vinson,0325,19
Baylor Cupp,D'Ernest Johnson,0325,8
Baylor Cupp,Darrian Dalcourt,0325,3
Baylor Cupp,Dayton Wade,0325,3
Baylor Cupp,Devin Leary,0325,19
Baylor Cupp,Devontez Walker,0325,1
Baylor Cupp,Garrett Dellinger,0325,19
Baylor Cupp,Gerad Lichtenhan,0325,19
Baylor Cupp,Jahmal Banks,0325,14
Baylor Cupp,Jared Penning,0325,16
Baylor Cupp,Keith Kirkwood,0325,2
Baylor Cupp,Lucas Scott,0325,2
Baylor Cupp,Malik Cunningham,0325,6
Baylor Cupp,Myles Gaskin,0325,7
Baylor Cupp,Nick Samac,0325,6
Baylor Cupp,Rasheen Ali,0325,4
Baylor Cupp,Reid Holskey,0325,13
Baylor Cupp,Scotty Washington,0325,9
Baylor Cupp,Xavier Guillory,0325,12
Baylor Cupp,Zaire Mitchell-Paden,0325,4
Beanie Bishop Jr.,Brandin Echols,3900,29
Beanie Bishop Jr.,Cameron McCutcheon,3900,6
Beanie Bishop Jr.,Chuck Clark,3900,35
Beanie Bishop Jr.,Cole Holcomb,3900,30
Beanie Bishop Jr.,Daniel Ekuale,3900,11
Beanie Bishop Jr.,Daryl Porter,3900,8
Beanie Bishop Jr.,DeMarvin Leal,3900,28
Beanie Bishop Jr.,Derrick Harmon,3900,19
Beanie Bishop Jr.,Devin Harper,3900,2
Beanie Bishop Jr.,Domenique Davis,3900,1
Beanie Bishop Jr.,Eku Leota,3900,15
Beanie Bishop Jr.,Esezi Otomewo,3900,3
Beanie Bishop Jr.,Isaiahh Loudermilk,3900,15
Beanie Bishop Jr.,Jack Sawyer,3900,28
Beanie Bishop Jr.,James Pierre,3900,41
Beanie Bishop Jr.,Juan Thornhill,3900,10
Beanie Bishop Jr.,Julius Welschof,3900,15
Beanie Bishop Jr.,Keeanu Benton,3900,7
Beanie Bishop Jr.,Kyler McMichael,3900,2
Beanie Bishop Jr.,Logan Lee,3900,12
Beanie Bishop Jr.,Malik Harrison,3900,28
Beanie Bishop Jr.,Mark Robinson,3900,16
Beanie Bishop Jr.,Miles Killebrew,3900,25
Beanie Bishop Jr.,Payton Wilson,3900,10
Beanie Bishop Jr.,Quindell Johnson,3900,8
Beanie Bishop Jr.,Sebastian Castro,3900,8
Beanie Bishop Jr.,Yahya Black,3900,18
Beau Brade,Adedayo Odeleye,0325,16
Beau Brade,Adisa Isaac,0325,19
Beau Brade,Aeneas Peebles,0325,37
Beau Brade,Basil Okoye,0325,32
Beau Brade,Bilhal Kone,0325,8
Beau Brade,Brent Urban,0325,5
Beau Brade,C.J. Ravenell,0325,38
Beau Brade,Chandler Martin,0325,42
Beau Brade,David Ojabo,0325,32
Beau Brade,Desmond Igbinosun,0325,23
Beau Brade,Jacob Hummel,0325,6
Beau Brade,Jalyn Armour-Davis,0325,25
Beau Brade,Jay Higgins,0325,42
Beau Brade,Jayson Jones,0325,29
Beau Brade,Kaimon Rucker,0325,33
Beau Brade,Keondre Jackson,0325,37
Beau Brade,Keyon Martin,0325,27
Beau Brade,MJ Devonshire,0325,23
Beau Brade,Malik Hamm,0325,36
Beau Brade,Marquise Robinson,0325,42
Beau Brade,Mike Green,0325,26
Beau Brade,Reuben Lowery,0325,26
Beau Brade,Sanoussi Kane,0325,25
Beau Brade,T.J. Tampa,0325,42
Beau Brade,Teddye Buchanan,0325,27
Beau Brade,Thomas Graham Jr.,0325,15
Beau Brade,Trenton Simpson,0325,25
Beau Brade,William Kwenkeu,0325,8
Beaux Collins,Aaron Stinnie,3410,18
Beaux Collins,Austin Schlottmann,3410,28
Beaux Collins,Cam Skattebo,3410,9
Beaux Collins,Dante Miller,3410,11
Beaux Collins,Darius Slayton,3410,7
Beaux Collins,Devin Singletary,3410,4
Beaux Collins,Elijah Chatman,3410,5
Beaux Collins,Evan Neal,3410,36
Beaux Collins,Greg Dulcich,3410,22
Beaux Collins,Greg Van Roten,3410,6
Beaux Collins,Gunner Olszewski,3410,17
Beaux Collins,Ihmir Smith-Marsette,3410,6
Beaux Collins,Jake Kubas,3410,10
Beaux Collins,Jalin Hyatt,3410,31
Beaux Collins,Jameis Winston,3410,10
Beaux Collins,James Hudson,3410,14
Beaux Collins,Jaxson Dart,3410,20
Beaux Collins,Jermaine Eluemunor,3410,14
Beaux Collins,John Michael Schmitz,3410,14
Beaux Collins,Jon Runyan,3410,14
Beaux Collins,Jonathan Ward,3410,8
Beaux Collins,Lil'Jordan Humphrey,3410,4
Beaux Collins,Marcus Mbow,3410,28
Beaux Collins,Russell Wilson,3410,11
Beaux Collins,Stone Forsythe,3410,28
Beaux Collins,Theo Johnson,3410,13
Beaux Collins,Thomas Fidone II,3410,16
Beaux Collins,Tyrone Tracy Jr.,3410,10
Beaux Collins,Wan'Dale Robinson,3410,6
Beaux Limmer,A.J. Arcuri,2510,48
Beaux Limmer,Anthony Torres,2510,13
Beaux Limmer,Ben Dooley,2510,1
Beaux Limmer,Blake Corum,2510,28
Beaux Limmer,Brennan Presley,2510,14
Beaux Limmer,Britain Covey,2510,11
Beaux Limmer,Cody Schrader,2510,1
Beaux Limmer,David Quessenberry,2510,49
Beaux Limmer,Davis Allen,2510,36
Beaux Limmer,Drake Stoops,2510,58
Beaux Limmer,Jarquez Hunter,2510,44
Beaux Limmer,Justin Dedich,2510,72
Beaux Limmer,KT Leveston,2510,24
Beaux Limmer,Konata Mumpfield,2510,56
Beaux Limmer,Mario Williams,2510,17
Beaux Limmer,Mark Redman,2510,25
Beaux Limmer,McCallan Castles,2510,1
Beaux Limmer,Stetson Bennett,2510,73
Beaux Limmer,Tru Edwards,2510,9
Beaux Limmer,Warren McClendon Jr.,2510,25
Beaux Limmer,Willie Lampkin,2510,12
Beaux Limmer,Wyatt Bowles,2510,61
Beaux Limmer,Xavier Smith,2510,52
Ben Bartch,Austen Pleasants,4500,12
Ben Bartch,Brayden Willis,4500,6
Ben Bartch,Demarcus Robinson,4500,12
Ben Bartch,Jake Tonges,4500,5
Ben Bartch,Jordan Watkins,4500,12
Ben Bartch,Luke Farrell,4500,9
Ben Bartch,Mac Jones,4500,12
Ben Bartch,Matt Hennessy,4500,12
Ben Bartch,Nick Zakelj,4500,12
Ben Bartch,Patrick Taylor,4500,12
Ben Bartch,Russell Gage,4500,4
Ben Bartch,Spencer Burford,4500,12
Ben Bredeson,Bucky Irving,4900,18
Ben Bredeson,Cade Otton,4900,17
Ben Bredeson,Charlie Heck,4900,19
Ben Bredeson,Cody Mauch,4900,19
Ben Bredeson,Emeka Egbuka,4900,19
Ben Bredeson,Graham Barton,4900,19
Ben Bredeson,Jalen McMillan,4900,6
Ben Bredeson,Luke Goedeke,4900,19
Ben Bredeson,Payne Durham,4900,4
Ben Bredeson,Ryan Miller,4900,3
Ben Bredeson,Sean Tucker,4900,1
Ben Bredeson,Sterling Shepard,4900,14
Ben Bredeson,Teddy Bridgewater,4900,19
Ben Bredeson,Tez Johnson,4900,13
Ben Brown,Antonio Gibson,3200,23
Ben Brown,Austin Hooper,3200,23
Ben Brown,Ben Wooldridge,3200,9
Ben Brown,CJ Dippre,3200,3
Ben Brown,Cole Fotheringham,3200,14
Ben Brown,Cole Strange,3200,30
Ben Brown,DeMario Douglas,3200,11
Ben Brown,Demontrey Jacobs,3200,23
Ben Brown,Drake Maye,3200,23
Ben Brown,Efton Chism III,3200,30
Ben Brown,Garrett Bradbury,3200,22
Ben Brown,Gee Scott Jr.,3200,14
Ben Brown,Ja'Lynn Polk,3200,14
Ben Brown,JaMycal Hasty,3200,16
Ben Brown,Jack Westover,3200,33
Ben Brown,Jaheim Bell,3200,7
Ben Brown,Jared Wilson,3200,30
Ben Brown,Javon Baker,3200,35
Ben Brown,Jeremiah Webb,3200,2
Ben Brown,John Jiles,3200,10
Ben Brown,Joshua Dobbs,3200,36
Ben Brown,Kayshon Boutte,3200,18
Ben Brown,Kyle Williams,3200,35
Ben Brown,Lan Larison,3200,8
Ben Brown,Mack Hollins,3200,17
Ben Brown,Marcus Bryant,3200,68
Ben Brown,Mike Onwenu,3200,23
Ben Brown,Phil Lutz,3200,5
Ben Brown,Rhamondre Stevenson,3200,7
Ben Brown,Sidy Sow,3200,15
Ben Brown,Terrell Jennings,3200,2
Ben Brown,TreVeyon Henderson,3200,13
Ben Brown,Tyrese Robinson,3200,16
Ben Brown,Vederian Lowe,3200,22
Ben Brown,Will Campbell,3200,23
Ben Cleveland,Anthony Miller,0325,18
Ben Cleveland,Carson Vinson,0325,69
Ben Cleveland,Charlie Kolar,0325,25
Ben Cleveland,Cooper Rush,0325,51
Ben Cleveland,Corey Bullock,0325,45
Ben Cleveland,D'Ernest Johnson,0325,30
Ben Cleveland,Darrian Dalcourt,0325,39
Ben Cleveland,Dayton Wade,0325,38
Ben Cleveland,Devin Leary,0325,18
Ben Cleveland,Devontez Walker,0325,56
Ben Cleveland,Garrett Dellinger,0325,30
Ben Cleveland,Gerad Lichtenhan,0325,26
Ben Cleveland,Joe Noteboom,0325,45
Ben Cleveland,Keaton Mitchell,0325,4
Ben Cleveland,Keith Kirkwood,0325,12
Ben Cleveland,LaJohntay Wester,0325,40
Ben Cleveland,Lucas Scott,0325,21
Ben Cleveland,Malik Cunningham,0325,3
Ben Cleveland,Nick Samac,0325,24
Ben Cleveland,Rasheen Ali,0325,35
Ben Cleveland,Scotty Washington,0325,20
Ben Cleveland,Xavier Guillory,0325,2
Ben Cleveland,Zaire Mitchell-Paden,0325,39
Ben DiNucci,Dylan Drummond,0200,2
Ben DiNucci,Elijah Dotson,0200,8
Ben DiNucci,Jack Nelson,0200,9
Ben DiNucci,Jake Hanson,0200,5
Ben DiNucci,Jashaun Corbin,0200,1
Ben DiNucci,Jesse Matthews,0200,5
Ben DiNucci,Jordan Williams,0200,9
Ben DiNucci,Joshua Gray,0200,9
Ben DiNucci,Joshua Simon,0200,9
Ben DiNucci,Jovaughn Gwyn,0200,4
Ben DiNucci,Matthew Cindric,0200,9
Ben DiNucci,Nick Nash,0200,9
Ben DiNucci,Nikola Kalinic,0200,4
Ben DiNucci,Quincy Skinner Jr.,0200,7
Ben Dooley,A.J. Arcuri,2510,64
Ben Dooley,Anthony Torres,2510,5
Ben Dooley,Beaux Limmer,2510,1
Ben Dooley,Brennan Presley,2510,80
Ben Dooley,Britain Covey,2510,87
Ben Dooley,Cody Schrader,2510,68
Ben Dooley,Drake Stoops,2510,31
Ben Dooley,Dresser Winn,2510,57
Ben Dooley,Jarquez Hunter,2510,11
Ben Dooley,John Leglue,2510,23
Ben Dooley,Jordan Waters,2510,16
Ben Dooley,KT Leveston,2510,98
Ben Dooley,Mario Williams,2510,32
Ben Dooley,Mark Redman,2510,57
Ben Dooley,McCallan Castles,2510,19
Ben Dooley,Mike Mcallister,2510,13
Ben Dooley,Ronnie Rivers,2510,3
Ben Dooley,Stetson Bennett,2510,41
Ben Dooley,Terrance Ferguson,2510,20
Ben Dooley,Trey Wedig,2510,88
Ben Dooley,Tru Edwards,2510,61
Ben Dooley,Willie Lampkin,2510,20
Ben Dooley,Wyatt Bowles,2510,85
Ben Nikkel,Ale Kaho,5110,46
Ben Nikkel,Allan George,5110,28
Ben Nikkel,Andre Jones Jr.,5110,71
Ben Nikkel,Antonio Hamilton,5110,36
Ben Nikkel,Bobby Price,5110,39
Ben Nikkel,Car'lin Vigers,5110,76
Ben Nikkel,Carl Davis,5110,31
Ben Nikkel,Clelin Ferrell,5110,33
Ben Nikkel,Daryl Worley,5110,35
Ben Nikkel,Dominique Hampton,5110,16
Ben Nikkel,Duke Riley,5110,26
Ben Nikkel,Eddie Goldman,5110,25
Ben Nikkel,Essang Bassey,5110,22
Ben Nikkel,Jalyn Holmes,5110,46
Ben Nikkel,Javontae Jean-Baptiste,5110,2
Ben Nikkel,Jer'Zhan Newton,5110,13
Ben Nikkel,Jeremy Reaves,5110,6
Ben Nikkel,Jordan Magee,5110,3
Ben Nikkel,Kain Medrano,5110,63
Ben Nikkel,Kam Arnold,5110,45
Ben Nikkel,Kevon Seymour,5110,2
Ben Nikkel,Noah Igbinoghene,5110,29
Ben Nikkel,Norell Pollard,5110,46
Ben Nikkel,Percy Butler,5110,1
Ben Nikkel,Ricky Barber,5110,44
Ben Nikkel,Robert McDaniel,5110,78
Ben Nikkel,Sheldon Day,5110,39
Ben Nikkel,T.J. Maguranyanga,5110,39
Ben Nikkel,Trey Amos,5110,3
Ben Nikkel,Tyler Owens,5110,10
Ben Nikkel,Viliami Fehoko Jr.,5110,7
Ben Powers,Adam Prentice,1400,2
Ben Powers,Adam Trautman,1400,19
Ben Powers,Alex Palczewski,1400,1
Ben Powers,Bo Nix,1400,37
Ben Powers,Courtland Sutton,1400,35
Ben Powers,Devaughn Vele,1400,8
Ben Powers,Evan Engram,1400,23
Ben Powers,Garett Bolles,1400,37
Ben Powers,J.K. Dobbins,1400,6
Ben Powers,Lucas Krull,1400,1
Ben Powers,Luke Wattenberg,1400,37
Ben Powers,Marvin Mims Jr.,1400,34
Ben Powers,Mike McGlinchey,1400,37
Ben Powers,Pat Bryant,1400,2
Ben Powers,Quinn Meinerz,1400,37
Ben Powers,RJ Harvey,1400,22
Ben Powers,Trent Sherfield,1400,3
Ben Powers,Troy Franklin,1400,20
Ben Powers,Tyler Badie,1400,9
Ben Scott,Benjamin Chukwuma,4900,73
Ben Scott,Charlie Heck,4900,5
Ben Scott,Connor Bazelak,4900,57
Ben Scott,Devin Culp,4900,35
Ben Scott,Elijah Klein,4900,87
Ben Scott,Garrett Greene,4900,48
Ben Scott,Jacob Harris,4900,47
Ben Scott,Jaden Smith,4900,26
Ben Scott,Jake Majors,4900,35
Ben Scott,Jase McClellan,4900,9
Ben Scott,Josh Williams,4900,14
Ben Scott,Kameron Johnson,4900,20
Ben Scott,Ko Kieft,4900,35
Ben Scott,Kyle Trask,4900,45
Ben Scott,Lorenz Metz,4900,19
Ben Scott,Luke Haggard,4900,55
Ben Scott,Mike Jordan,4900,32
Ben Scott,Owen Wright,4900,49
Ben Scott,Payne Durham,4900,15
Ben Scott,Rakim Jarrett,4900,53
Ben Scott,Ryan Miller,4900,47
Ben Scott,Sean Tucker,4900,30
Ben Scott,Sua Opeta,4900,22
Ben Scott,Tanner Taula,4900,45
Ben Scott,Tez Johnson,4900,23
Ben Scott,Trey Palmer,4900,14
Ben Scott,Tyler McLellan,4900,80
Ben Sims,Amar Johnson,1800,16
Ben Sims,Anthony Belton,1800,55
Ben Sims,Chris Brooks,1800,1
Ben Sims,Cornelius Johnson,1800,20
Ben Sims,Donovan Jennings,1800,55
Ben Sims,Emanuel Wilson,1800,17
Ben Sims,Isaiah Neyor,1800,7
Ben Sims,Israel Abanikanda,1800,15
Ben Sims,Jacob Monk,1800,31
Ben Sims,John FitzPatrick,1800,10
Ben Sims,Jordan Morgan,1800,20
Ben Sims,Julian Hicks,1800,41
Ben Sims,Kadeem Telfort,1800,35
Ben Sims,Lecitus Smith,1800,21
Ben Sims,Malik Heath,1800,23
Ben Sims,Malik Willis,1800,20
Ben Sims,MarShawn Lloyd,1800,6
Ben Sims,Mecole Hardman,1800,32
Ben Sims,Messiah Swinson,1800,8
Ben Sims,Sean Clifford,1800,16
Ben Sims,Sean Rhyan,1800,20
Ben Sims,Taylor Elgersma,1800,19
Ben Sims,Trey Hill,1800,26
Ben Sims,Tyler Cooper,1800,12
Ben Sims,Will Sheppard,1800,24
Ben Sinnott,Andrew Wylie,5110,1
Ben Sinnott,Bobby Hart,5110,23
Ben Sinnott,Brandon Coleman,5110,10
Ben Sinnott,Chris Moore,5110,22
Ben Sinnott,Chris Paul,5110,45
Ben Sinnott,Chris Rodriguez Jr.,5110,22
Ben Sinnott,Cole Turner,5110,5
Ben Sinnott,Colson Yankoff,5110,2
Ben Sinnott,Deebo Samuel Sr.,5110,1
Ben Sinnott,Foster Sarell,5110,7
Ben Sinnott,Ja'Corey Brooks,5110,8
Ben Sinnott,Jacory Croskey-Merritt,5110,15
Ben Sinnott,Jayden Daniels,5110,1
Ben Sinnott,Jaylin Lane,5110,15
Ben Sinnott,Jeremy McNichols,5110,15
Ben Sinnott,John Bates,5110,1
Ben Sinnott,Josh Conerly Jr.,5110,29
Ben Sinnott,Josh Johnson,5110,8
Ben Sinnott,Julian Good-Jones,5110,32
Ben Sinnott,K.J. Osborn,5110,41
Ben Sinnott,Luke McCaffrey,5110,35
Ben Sinnott,Michael Deiter,5110,38
Ben Sinnott,Michael Gallup,5110,10
Ben Sinnott,Nick Allegretti,5110,1
Ben Sinnott,Sam Hartman,5110,43
Ben Sinnott,Tay Martin,5110,16
Ben Sinnott,Trent Scott,5110,51
Ben Sinnott,Tyler Biadasz,5110,1
Ben Sinnott,Tyre Phillips,5110,22
Ben Skowronek,Brandon Johnson,3900,2
Ben Skowronek,Broderick Jones,3900,3
Ben Skowronek,Connor Heyward,3900,1
Ben Skowronek,Darnell Washington,3900,2
Ben Skowronek,Kaleb Johnson,3900,2
Ben Skowronek,Kenneth Gainwell,3900,1
Ben Skowronek,Lance McCutcheon,3900,1
Ben Skowronek,Mason McCormick,3900,3
Ben Skowronek,Mason Rudolph,3900,3
Ben Skowronek,Robert Woods,3900,1
Ben Skowronek,Roman Wilson,3900,2
Ben Skowronek,Spencer Anderson,3900,3
Ben Skowronek,Troy Fautanu,3900,3
Ben Skowronek,Zach Frazier,3900,3
Ben Stille,Alex Huntley,2700,14
Ben Stille,BJ Adams,2700,25
Ben Stille,Cam Smith,2700,11
Ben Stille,Cameron Dantzler,2700,5
Ben Stille,Cameron Goode,2700,27
Ben Stille,Channing Tindall,2700,41
Ben Stille,Cornell Armstrong,2700,12
Ben Stille,Dequan Jackson,2700,23
Ben Stille,Derrick McLendon,2700,27
Ben Stille,Elijah Campbell,2700,2
Ben Stille,Ethan Bonner,2700,2
Ben Stille,Ethan Robinson,2700,21
Ben Stille,Eugene Asante,2700,23
Ben Stille,Grayson Murphy,2700,32
Ben Stille,Isaiah Johnson,2700,28
Ben Stille,Jack Jones,2700,11
Ben Stille,Jason Marshall Jr.,2700,20
Ben Stille,John Saunders Jr.,2700,36
Ben Stille,Jordan Colbert,2700,38
Ben Stille,Jordan Phillips,2700,11
Ben Stille,K.J. Britt,2700,2
Ben Stille,Matt Dickerson,2700,5
Ben Stille,Matthew Butler,2700,6
Ben Stille,Mike Hilton,2700,2
Ben Stille,Mohamed Kamara,2700,3
Ben Stille,Patrick McMorris,2700,17
Ben Stille,Quinton Bell,2700,7
Ben Stille,Storm Duck,2700,3
Ben Stille,Willie Gay Jr.,2700,2
Ben Stille,Zeek Biggers,2700,24
Ben VanSumeren,AJ Dillon,3700,2
Ben VanSumeren,Brett Toth,3700,7
Ben VanSumeren,Cameron Williams,3700,2
Ben VanSumeren,Darian Kinnard,3700,6
Ben VanSumeren,Darius Cooper,3700,7
Ben VanSumeren,Dorian Thompson-Robinson,3700,3
Ben VanSumeren,Drew Kendall,3700,6
Ben VanSumeren,E.J. Jenkins,3700,6
Ben VanSumeren,Elijah Cooks,3700,1
Ben VanSumeren,Hollin Pierce,3700,1
Ben VanSumeren,John Metchie III,3700,2
Ben VanSumeren,Keilan Robinson,3700,1
Ben VanSumeren,Kendall Lamm,3700,5
Ben VanSumeren,Kenyon Green,3700,2
Ben VanSumeren,Kyle McCord,3700,5
Ben VanSumeren,Kylen Granson,3700,1
Ben VanSumeren,Matt Pryor,3700,3
Ben VanSumeren,Montrell Johnson Jr.,3700,4
Ben VanSumeren,Myles Hinton,3700,3
Ben VanSumeren,Nick Muse,3700,1
Ben VanSumeren,ShunDerrick Powell,3700,1
Ben VanSumeren,Terrace Marshall Jr.,3700,6
Ben VanSumeren,Trevor Keegan,3700,5
Ben Wooldridge,Alec Lindstrom,3200,66
Ben Wooldridge,Ben Brown,3200,9
Ben Wooldridge,CJ Dippre,3200,54
Ben Wooldridge,Caedan Wallace,3200,55
Ben Wooldridge,Cole Fotheringham,3200,43
Ben Wooldridge,Cole Strange,3200,32
Ben Wooldridge,Demontrey Jacobs,3200,94
Ben Wooldridge,Efton Chism III,3200,13
Ben Wooldridge,Gee Scott Jr.,3200,28
Ben Wooldridge,JaMycal Hasty,3200,42
Ben Wooldridge,Jack Conley,3200,72
Ben Wooldridge,Jack Westover,3200,29
Ben Wooldridge,Jaheim Bell,3200,15
Ben Wooldridge,Jared Wilson,3200,12
Ben Wooldridge,Javon Baker,3200,51
Ben Wooldridge,Jeremiah Webb,3200,71
Ben Wooldridge,John Jiles,3200,80
Ben Wooldridge,Kyle Williams,3200,6
Ben Wooldridge,Lan Larison,3200,13
Ben Wooldridge,Layden Robinson,3200,34
Ben Wooldridge,Marcus Bryant,3200,13
Ben Wooldridge,Mehki Butler,3200,50
Ben Wooldridge,Micah Bernard,3200,8
Ben Wooldridge,Phil Lutz,3200,38
Ben Wooldridge,Shane Watts,3200,33
Ben Wooldridge,Sidy Sow,3200,35
Ben Wooldridge,Terrell Jennings,3200,11
Ben Wooldridge,Tyrese Robinson,3200,28
Ben Wooldridge,Vederian Lowe,3200,35
Ben Yurosek,Blake Brandel,3000,26
Ben Yurosek,Brett Rypien,3000,11
Ben Yurosek,Bryson Nesbit,3000,1
Ben Yurosek,Dontae Fleming,3000,7
Ben Yurosek,Giovanni Ricci,3000,21
Ben Yurosek,Henry Byrd,3000,34
Ben Yurosek,Jalen Nailor,3000,9
Ben Yurosek,Jeshaun Jones,3000,16
Ben Yurosek,Joe Huber,3000,51
Ben Yurosek,Leroy Watson IV,3000,17
Ben Yurosek,Logan Brown,3000,17
Ben Yurosek,Lucky Jackson,3000,34
Ben Yurosek,Max Brosmer,3000,13
Ben Yurosek,Michael Gonzalez,3000,14
Ben Yurosek,Michael Jurgens,3000,37
Ben Yurosek,Myles Price,3000,3
Ben Yurosek,Nick Vannett,3000,11
Ben Yurosek,Robert Lewis,3000,4
Ben Yurosek,Sam Howell,3000,27
Ben Yurosek,Tai Felton,3000,27
Ben Yurosek,Thayer Thomas,3000,13
Ben Yurosek,Tim Jones,3000,7
Ben Yurosek,Tre Stewart,3000,11
Ben Yurosek,Ty Chandler,3000,20
Ben Yurosek,Vershon Lee,3000,23
Ben Yurosek,Walter Rouse,3000,32
Ben Yurosek,Xazavian Valladay,3000,3
Ben Yurosek,Zack Bailey,3000,4
Ben Yurosek,Zavier Scott,3000,17
Benito Jones,Bradley Chubb,2700,7
Benito Jones,Cameron Goode,2700,2
Benito Jones,Chop Robinson,2700,5
Benito Jones,Cornell Armstrong,2700,2
Benito Jones,Dante Trader Jr.,2700,4
Benito Jones,Derrick McLendon,2700,4
Benito Jones,Elijah Campbell,2700,9
Benito Jones,Ethan Bonner,2700,6
Benito Jones,Grayson Murphy,2700,4
Benito Jones,Ifeatu Melifonwu,2700,17
Benito Jones,Jack Jones,2700,14
Benito Jones,Jaelan Phillips,2700,6
Benito Jones,Jason Marshall Jr.,2700,5
Benito Jones,Jordan Phillips,2700,8
Benito Jones,Jordyn Brooks,2700,1
Benito Jones,K.J. Britt,2700,14
Benito Jones,Kendall Sheffield,2700,3
Benito Jones,Kenneth Grant,2700,8
Benito Jones,Matthew Butler,2700,8
Benito Jones,Matthew Judon,2700,4
Benito Jones,Mike Hilton,2700,1
Benito Jones,Minkah Fitzpatrick,2700,5
Benito Jones,Patrick McMorris,2700,4
Benito Jones,Quinton Bell,2700,6
Benito Jones,Storm Duck,2700,15
Benito Jones,Tyrel Dodson,2700,5
Benito Jones,Willie Gay Jr.,2700,18
Benito Jones,Zach Sieler,2700,5
Benjamin Chukwuma,Ben Scott,4900,73
Benjamin Chukwuma,Connor Bazelak,4900,52
Benjamin Chukwuma,Dennis Houston,4900,4
Benjamin Chukwuma,Devin Culp,4900,47
Benjamin Chukwuma,Elijah Klein,4900,119
Benjamin Chukwuma,Garrett Greene,4900,42
Benjamin Chukwuma,Jacob Harris,4900,48
Benjamin Chukwuma,Jaden Smith,4900,24
Benjamin Chukwuma,Jake Majors,4900,44
Benjamin Chukwuma,Jase McClellan,4900,2
Benjamin Chukwuma,Josh Williams,4900,36
Benjamin Chukwuma,Kameron Johnson,4900,15
Benjamin Chukwuma,Ko Kieft,4900,37
Benjamin Chukwuma,Kyle Trask,4900,72
Benjamin Chukwuma,Lorenz Metz,4900,5
Benjamin Chukwuma,Luke Haggard,4900,82
Benjamin Chukwuma,Mike Jordan,4900,68
Benjamin Chukwuma,Owen Wright,4900,44
Benjamin Chukwuma,Payne Durham,4900,38
Benjamin Chukwuma,Raiqwon O'Neal,4900,21
Benjamin Chukwuma,Rakim Jarrett,4900,61
Benjamin Chukwuma,Ryan Miller,4900,81
Benjamin Chukwuma,Sean Tucker,4900,42
Benjamin Chukwuma,Sua Opeta,4900,8
Benjamin Chukwuma,Tanner Taula,4900,27
Benjamin Chukwuma,Tez Johnson,4900,45
Benjamin Chukwuma,Trey Palmer,4900,27
Benjamin Chukwuma,Tyler McLellan,4900,76
Benjamin St-Juste,Alohi Gilman,4400,8
Benjamin St-Juste,Bud Dupree,4400,6
Benjamin St-Juste,Caleb Murphy,4400,8
Benjamin St-Juste,Da'Shawn Hand,4400,9
Benjamin St-Juste,Daiyan Henley,4400,9
Benjamin St-Juste,Denzel Perryman,4400,9
Benjamin St-Juste,Donte Jackson,4400,9
Benjamin St-Juste,Elijah Molden,4400,9
Benjamin St-Juste,Garmon Randolph,4400,3
Benjamin St-Juste,Ja'Sir Taylor,4400,5
Benjamin St-Juste,Jamaree Caldwell,4400,2
Benjamin St-Juste,Justin Eboigbe,4400,2
Benjamin St-Juste,Kylan Guidry,4400,3
Benjamin St-Juste,Marlowe Wax,4400,8
Benjamin St-Juste,Naquan Jones,4400,6
Benjamin St-Juste,Otito Ogbonnia,4400,12
Benjamin St-Juste,R.J. Mickens,4400,8
Benjamin St-Juste,Tarheeb Still,4400,17
Benjamin St-Juste,Teair Tart,4400,6
Benjamin St-Juste,Tony Jefferson,4400,9
Benjamin St-Juste,Tre'Mon Morris-Brash,4400,8
Benjamin St-Juste,Troy Dye,4400,8
Benjamin St-Juste,Tuli Tuipulotu,4400,6
Benton Whitley,Akeem Davis-Gaither,3800,3
Benton Whitley,Anthony Goodlow,3800,36
Benton Whitley,Cody Simon,3800,49
Benton Whitley,Dadrion Taylor-Demerson,3800,4
Benton Whitley,Darren Hall,3800,57
Benton Whitley,Denzel Burke,3800,34
Benton Whitley,Ekow Boye-Doe,3800,35
Benton Whitley,Elijah Jones,3800,44
Benton Whitley,Elijah Simmons,3800,37
Benton Whitley,Elliott Brown,3800,50
Benton Whitley,Jammie Robinson,3800,60
Benton Whitley,Jaylon Jones,3800,61
Benton Whitley,Joey Blount,3800,18
Benton Whitley,Jordan Burch,3800,5
Benton Whitley,Kei'Trel Clark,3800,40
Benton Whitley,Kitan Crawford,3800,43
Benton Whitley,Kyon Barrs,3800,45
Benton Whitley,L.J. Collier,3800,9
Benton Whitley,Mykal Walker,3800,38
Benton Whitley,Owen Pappoe,3800,38
Benton Whitley,PJ Mustipher,3800,35
Benton Whitley,Patrick Jenkins,3800,35
Benton Whitley,Steven Gilmore,3800,13
Benton Whitley,Vi Jones,3800,42
Benton Whitley,Will Johnson,3800,9
Benton Whitley,Xavier Thomas,3800,30
Bhayshul Tuten,Austin Trammell,2250,15
Bhayshul Tuten,Cam Camper,2250,2
Bhayshul Tuten,Darius Lassiter,2250,7
Bhayshul Tuten,Dorian Singer,2250,6
Bhayshul Tuten,Eli Pancol,2250,7
Bhayshul Tuten,Fred Johnson,2250,25
Bhayshul Tuten,Hunter Long,2250,14
Bhayshul Tuten,John Wolford,2250,9
Bhayshul Tuten,Johnny Mundt,2250,6
Bhayshul Tuten,Jonah Monheim,2250,32
Bhayshul Tuten,Joshua Cephus,2250,22
Bhayshul Tuten,Luke Fortner,2250,26
Bhayshul Tuten,Nick Mullens,2250,23
Bhayshul Tuten,Parker Washington,2250,6
Bhayshul Tuten,Patrick Herbert,2250,12
Bhayshul Tuten,Patrick Mekari,2250,8
Bhayshul Tuten,Quintin Morris,2250,2
Bhayshul Tuten,Ricky Lee,2250,13
Bhayshul Tuten,Sal Wormley,2250,28
Bhayshul Tuten,Shawn Bowman,2250,9
Bhayshul Tuten,Tremayne Anchrum,2250,6
Bhayshul Tuten,Trenton Irwin,2250,20
Bhayshul Tuten,Wyatt Milum,2250,22
Bilhal Kone,Adisa Isaac,0325,5
Bilhal Kone,Aeneas Peebles,0325,8
Bilhal Kone,Basil Okoye,0325,6
Bilhal Kone,Beau Brade,0325,8
Bilhal Kone,Brent Urban,0325,4
Bilhal Kone,C.J. Ravenell,0325,3
Bilhal Kone,David Ojabo,0325,11
Bilhal Kone,Jacob Hummel,0325,2
Bilhal Kone,Jalyn Armour-Davis,0325,6
Bilhal Kone,Jayson Jones,0325,2
Bilhal Kone,John Jenkins,0325,5
Bilhal Kone,Keyon Martin,0325,8
Bilhal Kone,Malaki Starks,0325,6
Bilhal Kone,Mike Green,0325,12
Bilhal Kone,Sanoussi Kane,0325,14
Bilhal Kone,T.J. Tampa,0325,14
Bilhal Kone,Teddye Buchanan,0325,14
Bilhal Kone,Trenton Simpson,0325,12
Bill Norton,A.J. Green,2510,10
Bill Norton,Brennan Jackson,2510,34
Bill Norton,Cam Lampkin,2510,36
Bill Norton,Charles Woods,2510,27
Bill Norton,Da'Jon Terry,2510,32
Bill Norton,Decarius Hawthorne,2510,16
Bill Norton,Derion Kendrick,2510,47
Bill Norton,Desjuan Johnson,2510,32
Bill Norton,Elias Neal,2510,34
Bill Norton,Jack Heflin,2510,29
Bill Norton,Jamil Muhammad,2510,32
Bill Norton,Josh Pearcy,2510,19
Bill Norton,Malik Dixon-Williams,2510,47
Bill Norton,Nate Valcarcel,2510,43
Bill Norton,Pooh Paul Jr.,2510,28
Bill Norton,Shaun Dolac,2510,12
Bill Norton,Shaun Jolly,2510,34
Bill Norton,Tanner Ingle,2510,26
Bill Norton,Tony Fields II,2510,42
Billy Bowman Jr.,Arnold Ebiketie,0200,9
Billy Bowman Jr.,Bralen Trice,0200,6
Billy Bowman Jr.,Brandon Dorlus,0200,13
Billy Bowman Jr.,Caleb Johnson,0200,19
Billy Bowman Jr.,Cobee Bryant,0200,10
Billy Bowman Jr.,DeAngelo Malone,0200,26
Billy Bowman Jr.,DeMarcco Hellams,0200,5
Billy Bowman Jr.,Dontae Manning,0200,10
Billy Bowman Jr.,Henry Black,0200,10
Billy Bowman Jr.,JD Bertrand,0200,2
Billy Bowman Jr.,Jalon Walker,0200,6
Billy Bowman Jr.,James Pearce Jr.,0200,15
Billy Bowman Jr.,Jordan Fuller,0200,13
Billy Bowman Jr.,Josh Thompson,0200,17
Billy Bowman Jr.,Josh Woods,0200,15
Billy Bowman Jr.,Kentavius Street,0200,16
Billy Bowman Jr.,Khalid Kareem,0200,7
Billy Bowman Jr.,LaCale London,0200,11
Billy Bowman Jr.,Lamar Jackson,0200,26
Billy Bowman Jr.,Mike Ford,0200,2
Billy Bowman Jr.,Morgan Fox,0200,10
Billy Bowman Jr.,Natrone Brooks,0200,20
Billy Bowman Jr.,Nick Kubitz,0200,5
Billy Bowman Jr.,Ronnie Harrison,0200,13
Billy Bowman Jr.,Ruke Orhorhoro,0200,13
Billy Bowman Jr.,Simeon Barrow Jr.,0200,5
Billy Bowman Jr.,Ta'Quon Graham,0200,5
Billy Bowman Jr.,Xavier Watts,0200,23
Billy Bowman Jr.,Zach Harrison,0200,8
Blake Brandel,Ben Yurosek,3000,26
Blake Brandel,Bryson Nesbit,3000,7
Blake Brandel,Giovanni Ricci,3000,15
Blake Brandel,Henry Byrd,3000,33
Blake Brandel,Jalen Nailor,3000,11
Blake Brandel,Jeshaun Jones,3000,6
Blake Brandel,Joe Huber,3000,33
Blake Brandel,Lucky Jackson,3000,32
Blake Brandel,Michael Jurgens,3000,33
Blake Brandel,Sam Howell,3000,33
Blake Brandel,Tai Felton,3000,24
Blake Brandel,Thayer Thomas,3000,11
Blake Brandel,Ty Chandler,3000,22
Blake Brandel,Walter Rouse,3000,33
Blake Brandel,Zavier Scott,3000,11
Blake Corum,A.J. Arcuri,2510,19
Blake Corum,Anthony Torres,2510,4
Blake Corum,Beaux Limmer,2510,28
Blake Corum,Britain Covey,2510,1
Blake Corum,David Quessenberry,2510,24
Blake Corum,Davis Allen,2510,19
Blake Corum,Drake Stoops,2510,28
Blake Corum,Justin Dedich,2510,28
Blake Corum,KT Leveston,2510,4
Blake Corum,Konata Mumpfield,2510,27
Blake Corum,Mario Williams,2510,1
Blake Corum,Mark Redman,2510,6
Blake Corum,Stetson Bennett,2510,28
Blake Corum,Warren McClendon Jr.,2510,9
Blake Corum,Wyatt Bowles,2510,28
Blake Corum,Xavier Smith,2510,26
Blake Fisher,Aireontae Ersery,2120,33
Blake Fisher,Austin Deculus,2120,9
Blake Fisher,Braxton Berrios,2120,9
Blake Fisher,Brevin Jordan,2120,13
Blake Fisher,C.J. Stroud,2120,13
Blake Fisher,Cade Stover,2120,25
Blake Fisher,Christian Kirk,2120,9
Blake Fisher,Dalton Schultz,2120,17
Blake Fisher,Dare Ogunbowale,2120,12
Blake Fisher,Davis Mills,2120,20
Blake Fisher,Ed Ingram,2120,43
Blake Fisher,Jake Andrews,2120,33
Blake Fisher,Jakob Johnson,2120,9
Blake Fisher,Jarrett Patterson,2120,19
Blake Fisher,Jawhar Jordan,2120,6
Blake Fisher,Jayden Higgins,2120,26
Blake Fisher,Jaylin Noel,2120,17
Blake Fisher,Jaylon Thomas,2120,9
Blake Fisher,John Metchie III,2120,16
Blake Fisher,Juice Scruggs,2120,20
Blake Fisher,Justin Watson,2120,15
Blake Fisher,Kedon Slovis,2120,19
Blake Fisher,LaDarius Henderson,2120,9
Blake Fisher,Laken Tomlinson,2120,23
Blake Fisher,Luke Lachey,2120,9
Blake Fisher,Nick Chubb,2120,11
Blake Fisher,Nico Collins,2120,11
Blake Fisher,Woody Marks,2120,23
Blake Fisher,Xavier Hutchinson,2120,32
Blake Fisher,Zach Thomas,2120,10
Blake Freeland,Adonai Mitchell,2200,37
Blake Freeland,Ajou Ajou,2200,13
Blake Freeland,Andrew Ogletree,2200,16
Blake Freeland,Anthony Gould,2200,29
Blake Freeland,Anthony Richardson,2200,8
Blake Freeland,Ashton Dulin,2200,37
Blake Freeland,Blayne Taylor,2200,4
Blake Freeland,Coleman Owen,2200,36
Blake Freeland,D.J. Montgomery,2200,25
Blake Freeland,DJ Giddens,2200,24
Blake Freeland,Dalton Tucker,2200,55
Blake Freeland,Daniel Jones,2200,30
Blake Freeland,Danny Pinter,2200,18
Blake Freeland,Jalen Travis,2200,56
Blake Freeland,Jelani Woods,2200,28
Blake Freeland,Josh Sills,2200,41
Blake Freeland,Khalil Herbert,2200,23
Blake Freeland,Landon Parker,2200,13
Blake Freeland,Laquon Treadwell,2200,23
Blake Freeland,Luke Tenuta,2200,23
Blake Freeland,Matt Goncalves,2200,38
Blake Freeland,Michael Pittman,2200,1
Blake Freeland,Mose Vavao,2200,23
Blake Freeland,Quenton Nelson,2200,1
Blake Freeland,Riley Leonard,2200,41
Blake Freeland,Sean McKeon,2200,10
Blake Freeland,Tanor Bortolini,2200,38
Blake Freeland,Tyler Goodson,2200,14
Blake Freeland,Tyler Kahmann,2200,4
Blake Freeland,Tyler Warren,2200,18
Blake Freeland,Ulysses Bentley IV,2200,18
Blake Freeland,Wesley French,2200,23
Blake Freeland,Will Mallory,2200,22
Blake Hance,Andrew Rupcich,2100,18
Blake Hance,Brandon Allen,2100,28
Blake Hance,Brenden Jaimes,2100,28
Blake Hance,Bryce Oliver,2100,20
Blake Hance,Cam Ward,2100,15
Blake Hance,Cameron Ward,2100,11
Blake Hance,Chig Okonkwo,2100,19
Blake Hance,Chimere Dike,2100,33
Blake Hance,Corey Levin,2100,26
Blake Hance,Dan Moore Jr.,2100,22
Blake Hance,David Martin-Robinson,2100,8
Blake Hance,Elic Ayomanor,2100,37
Blake Hance,Gunnar Helm,2100,34
Blake Hance,JC Latham,2100,11
Blake Hance,Jackson Slater,2100,10
Blake Hance,Jaelyn Duncan,2100,14
Blake Hance,James Proche,2100,15
Blake Hance,Jha'Quan Jackson,2100,3
Blake Hance,John Ojukwu,2100,29
Blake Hance,Jordan Mims,2100,1
Blake Hance,Josh Whyle,2100,5
Blake Hance,Julius Chestnut,2100,30
Blake Hance,Kalel Mullings,2100,24
Blake Hance,Olisaemeka Udoh,2100,33
Blake Hance,Peter Skoronski,2100,26
Blake Hance,Thomas Odukoya,2100,2
Blake Hance,Tyler Lockett,2100,8
Blake Hance,Van Jefferson,2100,28
Blake Hance,Xavier Restrepo,2100,2
Blake Lynch,Ali Gaye,2100,19
Blake Lynch,Amani Oruwariye,2100,14
Blake Lynch,Brian Asamoah II,2100,17
Blake Lynch,Cam Horsley,2100,15
Blake Lynch,Carlos Watkins,2100,12
Blake Lynch,Clarence Lewis,2100,9
Blake Lynch,Curtis Jacobs,2100,10
Blake Lynch,Davion Ross,2100,8
Blake Lynch,Desmond Evans,2100,3
Blake Lynch,Gabe Jeudy-Lally,2100,18
Blake Lynch,Jalen Kimber,2100,6
Blake Lynch,James Lynch,2100,12
Blake Lynch,Jaylen Harrell,2100,22
Blake Lynch,Jermari Harris,2100,3
Blake Lynch,Jihad Ward,2100,5
Blake Lynch,Joe Gaziano,2100,5
Blake Lynch,Joshuah Bledsoe,2100,9
Blake Lynch,Julius Wood,2100,22
Blake Lynch,Kendell Brooks,2100,5
Blake Lynch,Marcus Harris,2100,18
Blake Lynch,Mike Brown,2100,18
Blake Lynch,T.J. Smith,2100,1
Blake Lynch,Timmy Horne,2100,19
Blake Watson,A.T. Perry,1400,3
Blake Watson,Adam Prentice,1400,1
Blake Watson,Alex Forsyth,1400,27
Blake Watson,Alex Palczewski,1400,21
Blake Watson,Caden Prieskorn,1400,20
Blake Watson,Caleb Lohner,1400,34
Blake Watson,Calvin Throckmorton,1400,20
Blake Watson,Clay Webb,1400,33
Blake Watson,Courtney Jackson,1400,22
Blake Watson,Evan Engram,1400,1
Blake Watson,Frank Crum,1400,43
Blake Watson,Jarrett Stidham,1400,10
Blake Watson,Jerjuan Newton,1400,34
Blake Watson,Joaquin Davis,1400,24
Blake Watson,Joseph Michalski,1400,36
Blake Watson,Kyrese Rowan,1400,10
Blake Watson,Lucas Krull,1400,26
Blake Watson,Marques Cox,1400,36
Blake Watson,Marvin Mims Jr.,1400,1
Blake Watson,Matt Peart,1400,27
Blake Watson,Michael Bandy,1400,33
Blake Watson,Nick Gargiulo,1400,11
Blake Watson,Pat Bryant,1400,25
Blake Watson,Sam Ehlinger,1400,53
Blake Watson,Trent Sherfield,1400,10
Blake Watson,Troy Franklin,1400,7
Blake Watson,Will Sherman,1400,41
Blake Watson,Xavier Truss,1400,20
Blake Whiteheart,Ahmani Marshall,1050,11
Blake Whiteheart,Brenden Bates,1050,17
Blake Whiteheart,Cedric Tillman,1050,11
Blake Whiteheart,Cornelius Lucas,1050,4
Blake Whiteheart,Dawand Jones,1050,16
Blake Whiteheart,Dillon Gabriel,1050,33
Blake Whiteheart,Diontae Johnson,1050,25
Blake Whiteheart,Gage Larvadain,1050,12
Blake Whiteheart,Isaiah Bond,1050,3
Blake Whiteheart,Jackson Barton,1050,33
Blake Whiteheart,Jamari Thrash,1050,16
Blake Whiteheart,Jason Ivey,1050,13
Blake Whiteheart,Kaden Davis,1050,15
Blake Whiteheart,Luke Wypler,1050,33
Blake Whiteheart,Pierre Strong,1050,22
Blake Whiteheart,Teven Jenkins,1050,33
Blake Whiteheart,Zak Zinter,1050,33
Blayne Taylor,Ajou Ajou,2200,18
Blayne Taylor,Anthony Gould,2200,15
Blayne Taylor,Blake Freeland,2200,4
Blayne Taylor,Coleman Owen,2200,33
Blayne Taylor,Dalton Tucker,2200,25
Blayne Taylor,Jalen Travis,2200,40
Blayne Taylor,Jason Bean,2200,19
Blayne Taylor,Jelani Woods,2200,32
Blayne Taylor,Josh Sills,2200,57
Blayne Taylor,Khalil Herbert,2200,2
Blayne Taylor,Laquon Treadwell,2200,29
Blayne Taylor,Luke Tenuta,2200,44
Blayne Taylor,Marcellus Johnson,2200,23
Blayne Taylor,Marshall Foerner,2200,19
Blayne Taylor,Maximilian Mang,2200,7
Blayne Taylor,Mose Vavao,2200,50
Blayne Taylor,Nate Noel,2200,12
Blayne Taylor,Nay'Quan Wright,2200,7
Blayne Taylor,Riley Leonard,2200,44
Blayne Taylor,Sean McKeon,2200,14
Blayne Taylor,Tyler Kahmann,2200,15
Blayne Taylor,Ulysses Bentley IV,2200,42
Blayne Taylor,Wesley French,2200,53
Blayne Taylor,Will Mallory,2200,26
Bo Melton,Arron Mosby,1800,26
Bo Melton,Barryn Sorrell,1800,13
Bo Melton,Brenton Cox Jr.,1800,37
Bo Melton,Colby Wooden,1800,31
Bo Melton,Corey Ballentine,1800,3
Bo Melton,Deslin Alexandre,1800,24
Bo Melton,Devonte O'Malley,1800,1
Bo Melton,Isaiah Simmons,1800,71
Bo Melton,James Ester,1800,7
Bo Melton,Jamon Johnson,1800,4
Bo Melton,Johnathan Baldwin,1800,29
Bo Melton,Kalen King,1800,57
Bo Melton,Kamal Hadden,1800,41
Bo Melton,Karl Brooks,1800,29
Bo Melton,Keith Randolph Jr.,1800,5
Bo Melton,Kingsley Enagbare,1800,42
Bo Melton,Kitan Oladapo,1800,68
Bo Melton,Kristian Welch,1800,25
Bo Melton,Micah Robinson,1800,20
Bo Melton,Nazir Stackhouse,1800,34
Bo Melton,Omar Brown,1800,45
Bo Melton,Ty'Ron Hopper,1800,63
Bo Melton,Warren Brinson,1800,35
Bo Nix,Adam Prentice,1400,2
Bo Nix,Adam Trautman,1400,19
Bo Nix,Alex Palczewski,1400,1
Bo Nix,Ben Powers,1400,37
Bo Nix,Courtland Sutton,1400,35
Bo Nix,Devaughn Vele,1400,8
Bo Nix,Evan Engram,1400,23
Bo Nix,Garett Bolles,1400,37
Bo Nix,J.K. Dobbins,1400,6
Bo Nix,Lucas Krull,1400,1
Bo Nix,Luke Wattenberg,1400,37
Bo Nix,Marvin Mims Jr.,1400,34
Bo Nix,Mike McGlinchey,1400,37
Bo Nix,Pat Bryant,1400,2
Bo Nix,Quinn Meinerz,1400,37
Bo Nix,RJ Harvey,1400,22
Bo Nix,Trent Sherfield,1400,3
Bo Nix,Troy Franklin,1400,20
Bo Nix,Tyler Badie,1400,9
Bo Richter,Austin Keys,3000,36
Bo Richter,Brian Asamoah,3000,18
Bo Richter,Cam Gill,3000,3
Bo Richter,Chaz Chambliss,3000,25
Bo Richter,Dallas Turner,3000,1
Bo Richter,Dorian Mausi,3000,12
Bo Richter,Dwight McGlothern,3000,62
Bo Richter,Elijah Williams,3000,25
Bo Richter,Eric Wilson,3000,3
Bo Richter,Gabriel Murphy,3000,57
Bo Richter,Isaiah Rodgers,3000,2
Bo Richter,Ivan Pace Jr.,3000,2
Bo Richter,Jalen Redmond,3000,13
Bo Richter,Jay Ward,3000,78
Bo Richter,Jeff Okudah,3000,4
Bo Richter,Jonathan Harris,3000,33
Bo Richter,Kahlef Hailassie,3000,12
Bo Richter,Kobe King,3000,58
Bo Richter,Levi Drake Rodriguez,3000,21
Bo Richter,Mekhi Blackmon,3000,76
Bo Richter,Taki Taimani,3000,32
Bo Richter,Tavierre Thomas,3000,74
Bo Richter,Theo Jackson,3000,4
Bo Richter,Travis Bell,3000,13
Bo Richter,Tyler Batty,3000,22
Bo Richter,Tyrion Ingram-Dawkins,3000,37
Bo Richter,Zemaiah Vaughn,3000,57
Bobby Brown III,Bam Martin-Scott,0750,9
Bobby Brown III,Carlos Basham,0750,2
Bobby Brown III,Chau Smith-Wade,0750,2
Bobby Brown III,Christian Rozeboom,0750,2
Bobby Brown III,Corey Thornton,0750,28
Bobby Brown III,D.J. Wonnum,0750,2
Bobby Brown III,DJ Johnson,0750,10
Bobby Brown III,Demani Richardson,0750,28
Bobby Brown III,Jacoby Windmon,0750,19
Bobby Brown III,Jaden Crumedy,0750,9
Bobby Brown III,Jon Rhattigan,0750,19
Bobby Brown III,Krys Barnes,0750,9
Bobby Brown III,Lathan Ransom,0750,7
Bobby Brown III,Michael Reid,0750,16
Bobby Brown III,Mike Jackson,0750,2
Bobby Brown III,Nic Scourton,0750,14
Bobby Brown III,Nick Scott,0750,23
Bobby Brown III,Patrick Jones II,0750,2
Bobby Brown III,Princely Umanmielen,0750,19
Bobby Brown III,Shemar Bartholomew,0750,30
Bobby Brown III,Shy Tuttle,0750,28
Bobby Brown III,Thomas Incoom,0750,11
Bobby Brown III,Tre'von Moehrig,0750,2
Bobby Brown III,Trevian Thomas,0750,5
Bobby Brown III,Trevin Wallace,0750,2
Bobby Hart,Ben Sinnott,5110,23
Bobby Hart,Brandon Coleman,5110,10
Bobby Hart,Braylon Sanders,5110,19
Bobby Hart,Chris Moore,5110,12
Bobby Hart,Chris Paul,5110,40
Bobby Hart,Chris Rodriguez Jr.,5110,21
Bobby Hart,Cole Turner,5110,30
Bobby Hart,Colson Yankoff,5110,29
Bobby Hart,Demetric Felton,5110,20
Bobby Hart,Foster Sarell,5110,67
Bobby Hart,Ja'Corey Brooks,5110,52
Bobby Hart,Jacoby Jones,5110,34
Bobby Hart,Jacory Croskey-Merritt,5110,19
Bobby Hart,Jaylin Lane,5110,21
Bobby Hart,Jeremy McNichols,5110,23
Bobby Hart,Josh Johnson,5110,59
Bobby Hart,Julian Good-Jones,5110,49
Bobby Hart,K.J. Osborn,5110,29
Bobby Hart,Kazmeir Allen,5110,21
Bobby Hart,Lawrence Cager,5110,40
Bobby Hart,Lucas Niang,5110,5
Bobby Hart,Luke McCaffrey,5110,23
Bobby Hart,Michael Deiter,5110,81
Bobby Hart,Michael Gallup,5110,34
Bobby Hart,Mike Strachan,5110,10
Bobby Hart,Nick Harris,5110,15
Bobby Hart,Noah Brown,5110,8
Bobby Hart,River Cracraft,5110,8
Bobby Hart,Sam Hartman,5110,45
Bobby Hart,Tay Martin,5110,44
Bobby Hart,Timothy McKay,5110,33
Bobby Hart,Trent Scott,5110,62
Bobby Hart,Tyre Phillips,5110,54
Bobby Okereke,Abdul Carter,3410,18
Bobby Okereke,Andru Phillips,3410,15
Bobby Okereke,Art Green,3410,3
Bobby Okereke,Brian Burns,3410,19
Bobby Okereke,Chauncey Golston,3410,3
Bobby Okereke,Cordale Flott,3410,17
Bobby Okereke,DJ Davidson,3410,7
Bobby Okereke,Dane Belton,3410,21
Bobby Okereke,Darius Alexander,3410,3
Bobby Okereke,Darius Muasau,3410,3
Bobby Okereke,Deonte Banks,3410,8
Bobby Okereke,Elijah Chatman,3410,13
Bobby Okereke,Elijah Garcia,3410,2
Bobby Okereke,Jevon Holland,3410,25
Bobby Okereke,Kayvon Thibodeaux,3410,18
Bobby Okereke,Korie Black,3410,3
Bobby Okereke,Micah McFadden,3410,22
Bobby Okereke,Nic Jones,3410,3
Bobby Okereke,Paulson Adebo,3410,25
Bobby Okereke,Raheem Layne,3410,4
Bobby Okereke,Rakeem Nunez-Roches,3410,19
Bobby Okereke,Roy Robertson-Harris,3410,21
Bobby Okereke,Tyler Nubin,3410,8
Bobby Price,Ale Kaho,5110,38
Bobby Price,Allan George,5110,2
Bobby Price,Andre Jones Jr.,5110,42
Bobby Price,Antonio Hamilton,5110,15
Bobby Price,Ben Nikkel,5110,39
Bobby Price,Car'lin Vigers,5110,60
Bobby Price,Carl Davis,5110,15
Bobby Price,Clelin Ferrell,5110,32
Bobby Price,Daryl Worley,5110,26
Bobby Price,Deatrich Wise,5110,6
Bobby Price,Dominique Hampton,5110,6
Bobby Price,Duke Riley,5110,26
Bobby Price,Eddie Goldman,5110,18
Bobby Price,Essang Bassey,5110,22
Bobby Price,Jacob Martin,5110,16
Bobby Price,Jalyn Holmes,5110,35
Bobby Price,Jer'Zhan Newton,5110,17
Bobby Price,Jeremy Reaves,5110,23
Bobby Price,Kain Medrano,5110,41
Bobby Price,Kam Arnold,5110,33
Bobby Price,Kevon Seymour,5110,2
Bobby Price,Noah Igbinoghene,5110,36
Bobby Price,Norell Pollard,5110,32
Bobby Price,Percy Butler,5110,31
Bobby Price,Ricky Barber,5110,24
Bobby Price,Robert McDaniel,5110,31
Bobby Price,Sheldon Day,5110,37
Bobby Price,T.J. Maguranyanga,5110,25
Bobby Price,Tyler Owens,5110,16
Bobby Price,Viliami Fehoko Jr.,5110,4
Boye Mafe,Brandon Pili,4600,3
Boye Mafe,Byron Murphy II,4600,10
Boye Mafe,Coby Bryant,4600,10
Boye Mafe,Derick Hall,4600,10
Boye Mafe,Devon Witherspoon,4600,10
Boye Mafe,Ernest Jones,4600,10
Boye Mafe,Josh Jobe,4600,4
Boye Mafe,Julian Love,4600,10
Boye Mafe,Mike Morris,4600,4
Boye Mafe,Nick Emmanwori,4600,6
Boye Mafe,Patrick O'Connell,4600,9
Boye Mafe,Quinton Bohanna,4600,4
Boye Mafe,Riq Woolen,4600,10
Braden Smith,Adonai Mitchell,2200,12
Braden Smith,Anthony Gould,2200,9
Braden Smith,DJ Giddens,2200,3
Braden Smith,Daniel Jones,2200,13
Braden Smith,Jalen Travis,2200,13
Braden Smith,Jonathan Taylor,2200,10
Braden Smith,Laquon Treadwell,2200,1
Braden Smith,Matt Goncalves,2200,13
Braden Smith,Michael Pittman,2200,13
Braden Smith,Mo Alie-Cox,2200,4
Braden Smith,Quenton Nelson,2200,13
Braden Smith,Tanor Bortolini,2200,13
Braden Smith,Tyler Warren,2200,12
Braden Smith,Will Mallory,2200,1
Bradlee Anae,Alfred Collins,4500,14
Bradlee Anae,Bruce Hector,4500,16
Bradlee Anae,CJ West,4500,15
Bradlee Anae,Chase Lucas,4500,32
Bradlee Anae,Dallis Flowers,4500,21
Bradlee Anae,Darrell Luter Jr.,4500,32
Bradlee Anae,Dee Winters,4500,2
Bradlee Anae,Derrick Canteen,4500,42
Bradlee Anae,Jakob Robinson,4500,23
Bradlee Anae,Jalen Graham,4500,17
Bradlee Anae,Jason Pinnock,4500,2
Bradlee Anae,Jaylen Mahoney,4500,28
Bradlee Anae,Jaylon Allen,4500,19
Bradlee Anae,Jonathan Garvin,4500,15
Bradlee Anae,Kalia Davis,4500,7
Bradlee Anae,Luke Gifford,4500,6
Bradlee Anae,Marques Sigle,4500,16
Bradlee Anae,Michael Dwumfour,4500,15
Bradlee Anae,Nick Martin,4500,31
Bradlee Anae,Robert Beal Jr.,4500,10
Bradlee Anae,Sebastian Valdez,4500,21
Bradlee Anae,Stone Blanton,4500,26
Bradlee Anae,Tatum Bethune,4500,18
Bradlee Anae,Tre Brown,4500,12
Bradley Bozeman,Jamaree Salyer,4400,7
Bradley Bozeman,Joe Alt,4400,7
Bradley Bozeman,Justin Herbert,4400,7
Bradley Bozeman,KeAndre Lambert-Smith,4400,4
Bradley Bozeman,Keenan Allen,4400,5
Bradley Bozeman,Ladd McConkey,4400,7
Bradley Bozeman,Omarion Hampton,4400,7
Bradley Bozeman,Quentin Johnston,4400,3
Bradley Bozeman,Scott Matlock,4400,2
Bradley Bozeman,Trey Pipkins,4400,7
Bradley Bozeman,Tyler Conklin,4400,4
Bradley Bozeman,Will Dissly,4400,3
Bradley Bozeman,Zion Johnson,4400,7
Bradley Chubb,Benito Jones,2700,7
Bradley Chubb,Chop Robinson,2700,2
Bradley Chubb,Elijah Campbell,2700,4
Bradley Chubb,Ifeatu Melifonwu,2700,7
Bradley Chubb,Jack Jones,2700,8
Bradley Chubb,Jaelan Phillips,2700,8
Bradley Chubb,Jason Marshall Jr.,2700,6
Bradley Chubb,Jordan Phillips,2700,6
Bradley Chubb,Jordyn Brooks,2700,2
Bradley Chubb,K.J. Britt,2700,2
Bradley Chubb,Kendall Sheffield,2700,2
Bradley Chubb,Kenneth Grant,2700,1
Bradley Chubb,Mike Hilton,2700,1
Bradley Chubb,Minkah Fitzpatrick,2700,8
Bradley Chubb,Patrick McMorris,2700,2
Bradley Chubb,Storm Duck,2700,10
Bradley Chubb,Tyrel Dodson,2700,8
Bradley Chubb,Willie Gay Jr.,2700,8
Bradley Chubb,Zach Sieler,2700,8
Brady Christensen,Andy Dalton,0750,27
Brady Christensen,Brandon Walton,0750,45
Brady Christensen,Bryce Pierre,0750,6
Brady Christensen,Brycen Tremayne,0750,29
Brady Christensen,Cade Mays,0750,43
Brady Christensen,Chandler Zavala,0750,10
Brady Christensen,David Moore,0750,43
Brady Christensen,Dominique Dafney,0750,19
Brady Christensen,Emani Bailey,0750,1
Brady Christensen,Hunter Renfrow,0750,26
Brady Christensen,Ja'Seem Reed,0750,7
Brady Christensen,Ja'Tyre Carter,0750,47
Brady Christensen,Jack Plummer,0750,44
Brady Christensen,Jalen Coker,0750,29
Brady Christensen,James Mitchell,0750,38
Brady Christensen,Jarrett Kingston,0750,51
Brady Christensen,Jimmy Horn Jr.,0750,26
Brady Christensen,Kayron Lynch-Adams,0750,6
Brady Christensen,Kobe Hudson,0750,9
Brady Christensen,Luke Kandra,0750,10
Brady Christensen,Michael Tarquin,0750,9
Brady Christensen,Mitchell Evans,0750,23
Brady Christensen,Raheem Blackshear,0750,14
Brady Christensen,Rico Dowdle,0750,11
Brady Christensen,Steven Losoya,0750,7
Brady Christensen,T.J. Luther,0750,2
Brady Christensen,Tetairoa McMillan,0750,19
Brady Christensen,Trevor Etienne,0750,40
Brady Christensen,Tyler Mabry,0750,1
Brady Christensen,Xavier Legette,0750,6
Brady Christensen,Yosh Nijman,0750,62
Brady Cook,Allen Lazard,3430,8
Brady Cook,Andrew Beck,3430,23
Brady Cook,Arian Smith,3430,27
Brady Cook,Armand Membou,3430,22
Brady Cook,Braelon Allen,3430,12
Brady Cook,Brandon Smith,3430,42
Brady Cook,Carter Warren,3430,40
Brady Cook,Chukwuma Okorafor,3430,13
Brady Cook,Donovan Edwards,3430,26
Brady Cook,Dymere Miller,3430,9
Brady Cook,Isaiah Davis,3430,10
Brady Cook,Jamaal Pritchett,3430,2
Brady Cook,Jeremy Ruckert,3430,22
Brady Cook,Josh Myers,3430,12
Brady Cook,Kene Nwangwu,3430,21
Brady Cook,Kohl Levao,3430,54
Brady Cook,Lawrance Toafili,3430,6
Brady Cook,Leander Wiegand,3430,21
Brady Cook,Liam Fornadel,3430,53
Brady Cook,Malachi Corley,3430,48
Brady Cook,Marquis Hayes,3430,50
Brady Cook,Max Mitchell,3430,35
Brady Cook,Neal Johnson,3430,16
Brady Cook,Pokey Wilson,3430,21
Brady Cook,Quentin Skinner,3430,31
Brady Cook,Samuel Jackson,3430,40
Brady Cook,Stone Smartt,3430,21
Brady Cook,Tyler Johnson,3430,12
Brady Cook,Xavier Newman-Johnson,3430,35
Brady Cook,Zack Kuntz,3430,18
Brady Russell,AJ Barner,4600,1
Brady Russell,Abraham Lucas,4600,5
Brady Russell,Amari Kight,4600,33
Brady Russell,Anthony Bradford,4600,5
Brady Russell,Anthony Tyus III,4600,13
Brady Russell,Bryce Cabeldue,4600,29
Brady Russell,Christian Haynes,4600,26
Brady Russell,Cody White,4600,9
Brady Russell,Damien Martinez,4600,22
Brady Russell,Dareke Young,4600,20
Brady Russell,Drew Lock,4600,26
Brady Russell,Elijah Arroyo,4600,12
Brady Russell,Eric Saubert,4600,7
Brady Russell,Federico Maranges,4600,30
Brady Russell,George Holani,4600,6
Brady Russell,Grey Zabel,4600,5
Brady Russell,Jacardia Wright,4600,11
Brady Russell,Jake Bobo,4600,6
Brady Russell,Jalen Milroe,4600,26
Brady Russell,Jalen Sundell,4600,19
Brady Russell,John Rhys Plumlee,4600,7
Brady Russell,Josh Jones,4600,19
Brady Russell,Luke Felix-Fualalo,4600,12
Brady Russell,Marquez Valdes-Scantling,4600,12
Brady Russell,Marshall Lang,4600,13
Brady Russell,Mason Richman,4600,24
Brady Russell,Michael Jerrell,4600,15
Brady Russell,Nick Kallerup,4600,34
Brady Russell,Ricky White III,4600,8
Brady Russell,Sataoa Laumea,4600,39
Brady Russell,Tory Horton,4600,16
Brady Russell,Tyrone Broden,4600,10
Bradyn Swinson,Alex Austin,3200,10
Bradyn Swinson,Anfernee Jennings,3200,17
Bradyn Swinson,Brandon Crossley,3200,50
Bradyn Swinson,Brenden Schooler,3200,2
Bradyn Swinson,Bryce Ganious,3200,8
Bradyn Swinson,Cam Riley,3200,30
Bradyn Swinson,Craig Woodson,3200,13
Bradyn Swinson,DJ James,3200,4
Bradyn Swinson,David Olajiga,3200,33
Bradyn Swinson,Dell Pettus,3200,54
Bradyn Swinson,Elijah Ponder,3200,34
Bradyn Swinson,Isaiah Bolden,3200,22
Bradyn Swinson,Isaiah Iton,3200,15
Bradyn Swinson,Jabrill Peppers,3200,1
Bradyn Swinson,Jack Gibbens,3200,7
Bradyn Swinson,Jahvaree Ritzie,3200,43
Bradyn Swinson,Jaylinn Hawkins,3200,2
Bradyn Swinson,Jeremiah Pharms Jr.,3200,31
Bradyn Swinson,Jordan Polk,3200,48
Bradyn Swinson,Josh Minkins,3200,13
Bradyn Swinson,Joshua Farmer,3200,15
Bradyn Swinson,Keion White,3200,7
Bradyn Swinson,Kobee Minor,3200,46
Bradyn Swinson,Kyle Dugger,3200,43
Bradyn Swinson,Kyle Peko,3200,25
Bradyn Swinson,Marcus Epps,3200,59
Bradyn Swinson,Marte Mapu,3200,27
Bradyn Swinson,Miles Battle,3200,20
Bradyn Swinson,Monty Rice,3200,63
Bradyn Swinson,Philip Blidi,3200,6
Bradyn Swinson,R.J. Moten,3200,26
Bradyn Swinson,Tre Avery,3200,22
Bradyn Swinson,Truman Jones,3200,24
Braeden Daniels,A.J. Henning,2700,36
Braeden Daniels,Aaron Shampklin,2700,16
Braeden Daniels,Addison West,2700,67
Braeden Daniels,Alexander Mattison,2700,1
Braeden Daniels,Andrew Armstrong,2700,55
Braeden Daniels,Chris Myarick,2700,47
Braeden Daniels,Daniel Brunskill,2700,33
Braeden Daniels,Dee Eskridge,2700,16
Braeden Daniels,Erik Ezukanma,2700,34
Braeden Daniels,Hayden Rucci,2700,57
Braeden Daniels,Jackson Carman,2700,33
Braeden Daniels,Jalen McKenzie,2700,50
Braeden Daniels,Josh Priebe,2700,67
Braeden Daniels,Kion Smith,2700,74
Braeden Daniels,Mason Brooks,2700,4
Braeden Daniels,Mike Boone,2700,26
Braeden Daniels,Monaray Baldwin,2700,12
Braeden Daniels,Ollie Gordon II,2700,57
Braeden Daniels,Pharaoh Brown,2700,21
Braeden Daniels,Quinn Ewers,2700,67
Braeden Daniels,Ryan Hayes,2700,72
Braeden Daniels,Tahj Washington,2700,31
Braeden Daniels,Tanner Conner,2700,13
Braeden Daniels,Tarik Black,2700,19
Braeden Daniels,Theo Wease Jr.,2700,59
Braeden Daniels,Zach Wilson,2700,33
Braelon Allen,Adrian Martinez,3430,5
Braelon Allen,Alijah Vera-Tucker,3430,10
Braelon Allen,Allen Lazard,3430,5
Braelon Allen,Andrew Beck,3430,6
Braelon Allen,Arian Smith,3430,12
Braelon Allen,Armand Membou,3430,21
Braelon Allen,Brady Cook,3430,12
Braelon Allen,Brandon Smith,3430,11
Braelon Allen,Breece Hall,3430,1
Braelon Allen,Chukwuma Okorafor,3430,6
Braelon Allen,Garrett Wilson,3430,10
Braelon Allen,Jamaal Pritchett,3430,4
Braelon Allen,Jeremy Ruckert,3430,17
Braelon Allen,Joe Tippmann,3430,10
Braelon Allen,John Simpson,3430,8
Braelon Allen,Josh Myers,3430,13
Braelon Allen,Josh Reynolds,3430,9
Braelon Allen,Justin Fields,3430,10
Braelon Allen,Kohl Levao,3430,17
Braelon Allen,Malachi Corley,3430,8
Braelon Allen,Marquis Hayes,3430,6
Braelon Allen,Mason Taylor,3430,6
Braelon Allen,Max Mitchell,3430,17
Braelon Allen,Olumuyiwa Fashanu,3430,10
Braelon Allen,Quentin Skinner,3430,2
Braelon Allen,Stone Smartt,3430,5
Braelon Allen,Tyler Johnson,3430,11
Braelon Allen,Xavier Newman-Johnson,3430,17
Braelon Allen,Zack Kuntz,3430,1
Braiden McGregor,Aaron Smith,3430,23
Braiden McGregor,Andre Cisco,3430,9
Braiden McGregor,Brandon Stephens,3430,9
Braiden McGregor,Dean Clark,3430,43
Braiden McGregor,Derrick Nnadi,3430,23
Braiden McGregor,Eric Watts,3430,11
Braiden McGregor,Fatorma Mulbah,3430,12
Braiden McGregor,Francisco Mauigoa,3430,21
Braiden McGregor,Isaiah Oliver,3430,17
Braiden McGregor,Ja'Markis Weston n,3430,12
Braiden McGregor,Jackson Sirmon,3430,12
Braiden McGregor,Jamien Sherwood,3430,9
Braiden McGregor,Jamin Davis,3430,14
Braiden McGregor,Jarius Monroe,3430,24
Braiden McGregor,Jarrick Bernard-Converse,3430,25
Braiden McGregor,Jay Tufele,3430,9
Braiden McGregor,Jordan Clark,3430,31
Braiden McGregor,Kingsley Jonathan,3430,9
Braiden McGregor,Leonard Taylor III,3430,34
Braiden McGregor,Malachi Moore,3430,23
Braiden McGregor,Marcelino McCrary-Ball,3430,4
Braiden McGregor,Mario Goodrich,3430,27
Braiden McGregor,Michael Carter II,3430,2
Braiden McGregor,Michael Fletcher,3430,9
Braiden McGregor,Micheal Clemons,3430,9
Braiden McGregor,Payton Page,3430,16
Braiden McGregor,Phidarian Mathis,3430,19
Braiden McGregor,Quincy Williams,3430,9
Braiden McGregor,Qwan'tez Stiggers,3430,23
Braiden McGregor,Ryan Cooper Jr.,3430,10
Braiden McGregor,Tanner McCalister,3430,27
Braiden McGregor,Tony Adams,3430,9
Braiden McGregor,Tyler Baron,3430,26
Braiden McGregor,Zaire Barnes,3430,30
Bralen Trice,Arnold Ebiketie,0200,3
Bralen Trice,Billy Bowman Jr.,0200,6
Bralen Trice,Brandon Dorlus,0200,7
Bralen Trice,C.J. Henderson,0200,19
Bralen Trice,Caleb Johnson,0200,14
Bralen Trice,DeAngelo Malone,0200,4
Bralen Trice,Dee Alford,0200,21
Bralen Trice,Henry Black,0200,22
Bralen Trice,JD Bertrand,0200,16
Bralen Trice,James Pearce Jr.,0200,16
Bralen Trice,Jordan Fuller,0200,17
Bralen Trice,Josh Thompson,0200,19
Bralen Trice,Josh Woods,0200,15
Bralen Trice,Keith Taylor,0200,7
Bralen Trice,Kentavius Street,0200,17
Bralen Trice,Khalid Kareem,0200,14
Bralen Trice,LaCale London,0200,8
Bralen Trice,Lamar Jackson,0200,19
Bralen Trice,Mike Ford,0200,11
Bralen Trice,Morgan Fox,0200,12
Bralen Trice,Natrone Brooks,0200,32
Bralen Trice,Nick Kubitz,0200,9
Bralen Trice,Ronnie Harrison,0200,23
Bralen Trice,Ruke Orhorhoro,0200,24
Bralen Trice,Simeon Barrow Jr.,0200,2
Bralen Trice,Xavier Watts,0200,17
Bralen Trice,Zach Harrison,0200,16
Bralyn Lux,Barrett Carter,0920,45
Bralyn Lux,Cameron Sample,0920,18
Bralyn Lux,Craig Young,0920,60
Bralyn Lux,D.J. Ivey,0920,66
Bralyn Lux,Daijahn Anthony,0920,41
Bralyn Lux,Eric Gregory,0920,74
Bralyn Lux,Howard Cross III,0920,80
Bralyn Lux,Isaiah Thomas,0920,108
Bralyn Lux,Jalen Davis,0920,1
Bralyn Lux,Jaylen Key,0920,73
Bralyn Lux,Joe Giles-Harris,0920,31
Bralyn Lux,Lance Robinson,0920,70
Bralyn Lux,Maema Njongmeta,0920,71
Bralyn Lux,Marco Wilson,0920,26
Bralyn Lux,McKinnley Jackson,0920,78
Bralyn Lux,McTelvin Agim,0920,36
Bralyn Lux,Nate Brooks,0920,109
Bralyn Lux,Oren Burks,0920,18
Bralyn Lux,PJ Jules,0920,56
Bralyn Lux,Raymond Johnson III,0920,96
Bralyn Lux,Shaka Heyward,0920,52
Bralyn Lux,Shaquan Loyal,0920,57
Bralyn Lux,Shemar Stewart,0920,8
Bralyn Lux,Taven Bryan,0920,41
Bralyn Lux,Tycen Anderson,0920,45
Brandin Cooks,Alvin Kamara,3300,1
Brandin Cooks,Cedrick Wilson Jr.,3300,4
Brandin Cooks,Cesar Ruiz,3300,18
Brandin Cooks,Chris Olave,3300,11
Brandin Cooks,Clyde Edwards-Helaire,3300,3
Brandin Cooks,Dillon Radunz,3300,11
Brandin Cooks,Erik McCoy,3300,11
Brandin Cooks,Jack Stoll,3300,4
Brandin Cooks,Juwan Johnson,3300,16
Brandin Cooks,Kelvin Banks Jr.,3300,18
Brandin Cooks,Kendre Miller,3300,14
Brandin Cooks,Landon Young,3300,11
Brandin Cooks,Mason Tipton,3300,6
Brandin Cooks,Rashid Shaheed,3300,11
Brandin Cooks,Spencer Rattler,3300,18
Brandin Cooks,Taliese Fuaga,3300,7
Brandin Cooks,Torricelli Simpkins III,3300,5
Brandin Cooks,Trevor Penning,3300,7
Brandin Cooks,Velus Jones Jr.,3300,2
Brandin Cooks,Will Clapp,3300,2
Brandin Echols,Beanie Bishop Jr.,3900,29
Brandin Echols,Chuck Clark,3900,74
Brandin Echols,Cole Holcomb,3900,75
Brandin Echols,Daniel Ekuale,3900,32
Brandin Echols,Daryl Porter,3900,36
Brandin Echols,DeMarvin Leal,3900,49
Brandin Echols,Derrick Harmon,3900,48
Brandin Echols,Eku Leota,3900,35
Brandin Echols,Esezi Otomewo,3900,4
Brandin Echols,Isaiahh Loudermilk,3900,34
Brandin Echols,Jack Sawyer,3900,50
Brandin Echols,James Pierre,3900,86
Brandin Echols,Juan Thornhill,3900,30
Brandin Echols,Julius Welschof,3900,35
Brandin Echols,Keeanu Benton,3900,25
Brandin Echols,Logan Lee,3900,17
Brandin Echols,Malik Harrison,3900,59
Brandin Echols,Mark Robinson,3900,5
Brandin Echols,Miles Killebrew,3900,56
Brandin Echols,Nick Herbig,3900,3
Brandin Echols,Payton Wilson,3900,33
Brandin Echols,Sebastian Castro,3900,12
Brandin Echols,Yahya Black,3900,33
Brandon Allen,Andrew Rupcich,2100,63
Brandon Allen,Blake Hance,2100,28
Brandon Allen,Brandon Crenshaw-Dickson,2100,4
Brandon Allen,Brenden Jaimes,2100,73
Brandon Allen,Bryce Oliver,2100,41
Brandon Allen,Chimere Dike,2100,40
Brandon Allen,David Martin-Robinson,2100,24
Brandon Allen,Elic Ayomanor,2100,31
Brandon Allen,Gunnar Helm,2100,34
Brandon Allen,Jackson Slater,2100,55
Brandon Allen,Jaelyn Duncan,2100,39
Brandon Allen,James Proche,2100,24
Brandon Allen,Jermar Jefferson,2100,7
Brandon Allen,Jha'Quan Jackson,2100,19
Brandon Allen,John Ojukwu,2100,69
Brandon Allen,Jordan Mims,2100,20
Brandon Allen,Josh Whyle,2100,20
Brandon Allen,Julius Chestnut,2100,25
Brandon Allen,Kalel Mullings,2100,18
Brandon Allen,Mason Kinsey,2100,17
Brandon Allen,Olisaemeka Udoh,2100,34
Brandon Allen,T.J. Sheffield,2100,5
Brandon Allen,Thomas Odukoya,2100,12
Brandon Allen,Tyjae Spears,2100,3
Brandon Allen,Van Jefferson,2100,8
Brandon Allen,Xavier Restrepo,2100,17
Brandon Codrington,A.J. Epenesa,0610,14
Brandon Codrington,Casey Rogers,0610,17
Brandon Codrington,Cole Bishop,0610,11
Brandon Codrington,Damar Hamlin,0610,25
Brandon Codrington,Dane Jackson,0610,48
Brandon Codrington,Darrick Forrest,0610,10
Brandon Codrington,DeWayne Carter,0610,11
Brandon Codrington,Deone Walker,0610,25
Brandon Codrington,Dorian Strong,0610,65
Brandon Codrington,Dorian Williams,0610,48
Brandon Codrington,Edefuan Ulofoshio,0610,19
Brandon Codrington,Ja'Marcus Ingram,0610,21
Brandon Codrington,Javon Solomon,0610,25
Brandon Codrington,Jimmy Ciarlo,0610,8
Brandon Codrington,Joe Andreessen,0610,48
Brandon Codrington,Jordan Hancock,0610,56
Brandon Codrington,Justin Hollins,0610,15
Brandon Codrington,Keonta Jenkins,0610,11
Brandon Codrington,Landon Jackson,0610,32
Brandon Codrington,Marcus Harris,0610,26
Brandon Codrington,Michael Hoecht,0610,28
Brandon Codrington,Paris Shand,0610,20
Brandon Codrington,T.J. Sanders,0610,25
Brandon Codrington,Tre Herndon,0610,23
Brandon Codrington,Wande Owens,0610,9
Brandon Codrington,Zion Logue,0610,30
Brandon Coleman,Ben Sinnott,5110,10
Brandon Coleman,Bobby Hart,5110,10
Brandon Coleman,Chris Moore,5110,9
Brandon Coleman,Chris Paul,5110,10
Brandon Coleman,Chris Rodriguez Jr.,5110,8
Brandon Coleman,Colson Yankoff,5110,1
Brandon Coleman,Ja'Corey Brooks,5110,1
Brandon Coleman,Jeremy McNichols,5110,2
Brandon Coleman,K.J. Osborn,5110,10
Brandon Coleman,Luke McCaffrey,5110,9
Brandon Coleman,Michael Deiter,5110,10
Brandon Coleman,Sam Hartman,5110,10
Brandon Coleman,Trent Scott,5110,10
Brandon Crenshaw-Dickson,Andrew Rupcich,2100,39
Brandon Crenshaw-Dickson,Arlington Hambright,2100,6
Brandon Crenshaw-Dickson,Brandon Allen,2100,4
Brandon Crenshaw-Dickson,Brenden Jaimes,2100,7
Brandon Crenshaw-Dickson,Bryce Oliver,2100,18
Brandon Crenshaw-Dickson,Chimere Dike,2100,4
Brandon Crenshaw-Dickson,David Martin-Robinson,2100,11
Brandon Crenshaw-Dickson,Drake Dabney,2100,19
Brandon Crenshaw-Dickson,Elic Ayomanor,2100,3
Brandon Crenshaw-Dickson,Gunnar Helm,2100,1
Brandon Crenshaw-Dickson,Jackson Slater,2100,45
Brandon Crenshaw-Dickson,Jaelyn Duncan,2100,32
Brandon Crenshaw-Dickson,James Proche,2100,16
Brandon Crenshaw-Dickson,Jermar Jefferson,2100,12
Brandon Crenshaw-Dickson,Jha'Quan Jackson,2100,7
Brandon Crenshaw-Dickson,Jordan Mims,2100,27
Brandon Crenshaw-Dickson,Josh Whyle,2100,15
Brandon Crenshaw-Dickson,Julius Chestnut,2100,2
Brandon Crenshaw-Dickson,Kalel Mullings,2100,4
Brandon Crenshaw-Dickson,Mason Kinsey,2100,22
Brandon Crenshaw-Dickson,Matt Landers,2100,8
Brandon Crenshaw-Dickson,Olisaemeka Udoh,2100,13
Brandon Crenshaw-Dickson,Sam Mustipher,2100,38
Brandon Crenshaw-Dickson,T.J. Sheffield,2100,20
Brandon Crenshaw-Dickson,Thomas Odukoya,2100,14
Brandon Crenshaw-Dickson,Tim Boyle,2100,9
Brandon Crenshaw-Dickson,Trevor Siemian,2100,32
Brandon Crenshaw-Dickson,Xavier Restrepo,2100,22
Brandon Crossley,Anfernee Jennings,3200,10
Brandon Crossley,Bradyn Swinson,3200,50
Brandon Crossley,Bryce Ganious,3200,4
Brandon Crossley,Cam Riley,3200,16
Brandon Crossley,David Olajiga,3200,29
Brandon Crossley,Dell Pettus,3200,59
Brandon Crossley,Elijah Ponder,3200,35
Brandon Crossley,Isaiah Bolden,3200,13
Brandon Crossley,Isaiah Iton,3200,8
Brandon Crossley,Jahvaree Ritzie,3200,29
Brandon Crossley,Jeremiah Pharms Jr.,3200,30
Brandon Crossley,Jordan Polk,3200,55
Brandon Crossley,Josh Minkins,3200,10
Brandon Crossley,Joshua Farmer,3200,9
Brandon Crossley,Keion White,3200,9
Brandon Crossley,Kobee Minor,3200,32
Brandon Crossley,Kyle Dugger,3200,38
Brandon Crossley,Kyle Peko,3200,24
Brandon Crossley,Marcus Epps,3200,53
Brandon Crossley,Marte Mapu,3200,21
Brandon Crossley,Miles Battle,3200,1
Brandon Crossley,Monty Rice,3200,61
Brandon Crossley,Philip Blidi,3200,15
Brandon Crossley,R.J. Moten,3200,29
Brandon Crossley,Tre Avery,3200,24
Brandon Crossley,Truman Jones,3200,36
Brandon Dorlus,Arnold Ebiketie,0200,5
Brandon Dorlus,Billy Bowman Jr.,0200,13
Brandon Dorlus,Bralen Trice,0200,7
Brandon Dorlus,Caleb Johnson,0200,20
Brandon Dorlus,Cobee Bryant,0200,3
Brandon Dorlus,DeAngelo Malone,0200,22
Brandon Dorlus,DeMarcco Hellams,0200,4
Brandon Dorlus,Dee Alford,0200,8
Brandon Dorlus,Dontae Manning,0200,12
Brandon Dorlus,Henry Black,0200,13
Brandon Dorlus,JD Bertrand,0200,3
Brandon Dorlus,Jalon Walker,0200,5
Brandon Dorlus,James Pearce Jr.,0200,25
Brandon Dorlus,Jordan Fuller,0200,14
Brandon Dorlus,Josh Thompson,0200,16
Brandon Dorlus,Josh Woods,0200,12
Brandon Dorlus,Kentavius Street,0200,5
Brandon Dorlus,Khalid Kareem,0200,3
Brandon Dorlus,LaCale London,0200,12
Brandon Dorlus,Lamar Jackson,0200,27
Brandon Dorlus,Mike Ford,0200,9
Brandon Dorlus,Morgan Fox,0200,2
Brandon Dorlus,Natrone Brooks,0200,20
Brandon Dorlus,Nick Kubitz,0200,4
Brandon Dorlus,Ronnie Harrison,0200,11
Brandon Dorlus,Ruke Orhorhoro,0200,12
Brandon Dorlus,Simeon Barrow Jr.,0200,9
Brandon Dorlus,Ta'Quon Graham,0200,3
Brandon Dorlus,Xavier Watts,0200,17
Brandon Dorlus,Zach Harrison,0200,4
Brandon George,Ajani Carter,2310,32
Brandon George,Ashton Gillotte,2310,2
Brandon George,Azizi Hearn,2310,24
Brandon George,Cam Jones,2310,4
Brandon George,Christian Roland-Wallace,2310,15
Brandon George,Cole Christiansen,2310,2
Brandon George,Cooper McDonald,2310,26
Brandon George,Coziah Izzard,2310,35
Brandon George,Fabien Lovett Sr.,2310,32
Brandon George,Felix Anudike-Uzomah,2310,23
Brandon George,Glendon Miller,2310,41
Brandon George,Jacobe Covington,2310,18
Brandon George,Janarius Robinson,2310,7
Brandon George,Jeffrey Bassa,2310,37
Brandon George,Joshua Williams,2310,28
Brandon George,Kevin Knowles,2310,22
Brandon George,Major Williams,2310,30
Brandon George,Malik Herring,2310,49
Brandon George,Marlon Tuipulotu,2310,25
Brandon George,Melvin Smith Jr.,2310,16
Brandon George,Mike Edwards,2310,3
Brandon George,Nate Matlack,2310,21
Brandon George,Nohl Williams,2310,4
Brandon George,Omarr Norman-Lott,2310,9
Brandon George,Owen Carney,2310,5
Brandon George,Xander Mueller,2310,10
Brandon Johnson,Adoree' Jackson,3700,10
Brandon Johnson,Aiden Williams,3900,15
Brandon Johnson,Andre' Sam,3700,18
Brandon Johnson,Andrew Mukuba,3700,13
Brandon Johnson,Andrus Peat,3900,10
Brandon Johnson,Antwaun Powell-Ryland,3700,11
Brandon Johnson,Azeez Ojulari,3700,8
Brandon Johnson,Ben Skowronek,3900,2
Brandon Johnson,Broderick Jones,3900,17
Brandon Johnson,Byron Young,3700,8
Brandon Johnson,Chance Campbell,3700,2
Brandon Johnson,Connor Heyward,3900,25
Brandon Johnson,Dallas Gant,3700,11
Brandon Johnson,Darnell Washington,3900,15
Brandon Johnson,Doug Nester,3900,27
Brandon Johnson,Dylan Cook,3900,27
Brandon Johnson,Eli Ricks,3700,17
Brandon Johnson,Evan Hull,3900,2
Brandon Johnson,Gabe Hall,3700,32
Brandon Johnson,Gareth Warren,3900,5
Brandon Johnson,JJ Galbreath,3900,15
Brandon Johnson,Jacob Sykes,3700,9
Brandon Johnson,Jakorian Bennett,3700,8
Brandon Johnson,Jaylen Warren,3900,2
Brandon Johnson,Jereme Robinson,3700,1
Brandon Johnson,Jeremiah Trotter Jr.,3700,28
Brandon Johnson,Jihaad Campbell,3700,12
Brandon Johnson,Joe Evans,3700,2
Brandon Johnson,Joshua Uche,3700,10
Brandon Johnson,Justin Rogers,3700,4
Brandon Johnson,Kaleb Johnson,3900,29
Brandon Johnson,Kelee Ringo,3700,10
Brandon Johnson,Kenneth Gainwell,3900,8
Brandon Johnson,Lance Dixon,3700,9
Brandon Johnson,Lance McCutcheon,3900,4
Brandon Johnson,Lew Nichols III,3900,2
Brandon Johnson,Lewis Cine,3700,9
Brandon Johnson,Logan Woodside,3900,3
Brandon Johnson,Mac McWilliams,3700,11
Brandon Johnson,Mason McCormick,3900,17
Brandon Johnson,Mason Rudolph,3900,17
Brandon Johnson,Max Hurleman,3900,9
Brandon Johnson,Max Scharping,3900,27
Brandon Johnson,Maxen Hook,3700,11
Brandon Johnson,Ochaun Mathis,3700,16
Brandon Johnson,Ogbo Okoronkwo,3700,17
Brandon Johnson,Parry Nickerson,3700,10
Brandon Johnson,Pat Freiermuth,3900,2
Brandon Johnson,Patrick Johnson,3700,19
Brandon Johnson,Robert Woods,3900,14
Brandon Johnson,Roman Wilson,3900,26
Brandon Johnson,Scott Miller,3900,17
Brandon Johnson,Skylar Thompson,3900,24
Brandon Johnson,Smael Mondon Jr.,3700,20
Brandon Johnson,Spencer Anderson,3900,17
Brandon Johnson,Steven Jones,3900,27
Brandon Johnson,Sydney Brown,3700,18
Brandon Johnson,Tariq Castro-Fields,3700,16
Brandon Johnson,Trey Sermon,3900,1
Brandon Johnson,Tristin McCollum,3700,13
Brandon Johnson,Troy Fautanu,3900,17
Brandon Johnson,Ty Robinson,3700,27
Brandon Johnson,Zach Frazier,3900,17
Brandon Jones,Alex Singleton,1400,10
Brandon Jones,D.J. Jones,1400,10
Brandon Jones,Dondrea Tillman,1400,3
Brandon Jones,Eyioma Uwazurike,1400,3
Brandon Jones,Ja'Quan McMillian,1400,7
Brandon Jones,Jahdae Barron,1400,5
Brandon Jones,John Franklin-Myers,1400,9
Brandon Jones,Jonah Elliss,1400,7
Brandon Jones,Jonathon Cooper,1400,20
Brandon Jones,Jordan Jackson,1400,3
Brandon Jones,Justin Strnad,1400,18
Brandon Jones,Levelle Bailey,1400,10
Brandon Jones,Malcolm Roach,1400,11
Brandon Jones,Nik Bonitto,1400,10
Brandon Jones,Pat Surtain II,1400,20
Brandon Jones,Riley Moss,1400,20
Brandon Jones,Talanoa Hufanga,1400,20
Brandon Jones,Zach Allen,1400,14
Brandon Parker,Casey Washington,0200,11
Brandon Parker,Chris Blair,0200,60
Brandon Parker,DJ Chark,0200,25
Brandon Parker,David Sills,0200,11
Brandon Parker,Dylan Drummond,0200,36
Brandon Parker,Easton Stick,0200,80
Brandon Parker,Elijah Dotson,0200,28
Brandon Parker,Elijah Wilkinson,0200,32
Brandon Parker,Emory Jones,0200,18
Brandon Parker,Feleipe Franks,0200,34
Brandon Parker,Jack Nelson,0200,80
Brandon Parker,Jake Hanson,0200,18
Brandon Parker,Jashaun Corbin,0200,48
Brandon Parker,Jesse Matthews,0200,58
Brandon Parker,Jordan Williams,0200,18
Brandon Parker,Joshua Gray,0200,66
Brandon Parker,Joshua Simon,0200,48
Brandon Parker,Jovaughn Gwyn,0200,80
Brandon Parker,Kyle Hinton,0200,80
Brandon Parker,Matthew Cindric,0200,18
Brandon Parker,Nate Carter,0200,22
Brandon Parker,Nick Nash,0200,55
Brandon Parker,Nikola Kalinic,0200,35
Brandon Parker,Quincy Skinner Jr.,0200,19
Brandon Pili,Boye Mafe,4600,3
Brandon Pili,Byron Murphy II,4600,3
Brandon Pili,Coby Bryant,4600,3
Brandon Pili,Connor O'Toole,4600,16
Brandon Pili,D'Anthony Bell,4600,32
Brandon Pili,D'Eryk Jackson,4600,12
Brandon Pili,Damarion Williams,4600,18
Brandon Pili,Derick Hall,4600,3
Brandon Pili,Devon Witherspoon,4600,3
Brandon Pili,Drake Thomas,4600,32
Brandon Pili,Ernest Jones,4600,3
Brandon Pili,Jalan Gaines,4600,4
Brandon Pili,Jared Ivey,4600,4
Brandon Pili,Jerrick Reed II,4600,5
Brandon Pili,Josh Jobe,4600,18
Brandon Pili,Julian Love,4600,3
Brandon Pili,Mike Morris,4600,30
Brandon Pili,Nehemiah Pritchett,4600,24
Brandon Pili,Nick Emmanwori,4600,15
Brandon Pili,Patrick O'Connell,4600,22
Brandon Pili,Quinton Bohanna,4600,23
Brandon Pili,Riq Woolen,4600,3
Brandon Pili,Shaquill Griffin,4600,8
Brandon Pili,Ty Okada,4600,27
Brandon Pili,Tyler Hall,4600,14
Brandon Pili,Tyreke Smith,4600,19
Brandon Pili,Wy'Kevious Thomas,4600,3
Brandon Smith,Adrian Martinez,3430,40
Brandon Smith,Andrew Beck,3430,15
Brandon Smith,Arian Smith,3430,61
Brandon Smith,Armand Membou,3430,15
Brandon Smith,Brady Cook,3430,42
Brandon Smith,Braelon Allen,3430,11
Brandon Smith,Carter Warren,3430,36
Brandon Smith,Chukwuma Okorafor,3430,31
Brandon Smith,Donovan Edwards,3430,21
Brandon Smith,Dymere Miller,3430,1
Brandon Smith,Isaiah Davis,3430,4
Brandon Smith,Jamaal Pritchett,3430,30
Brandon Smith,Jeremy Ruckert,3430,15
Brandon Smith,Josh Myers,3430,24
Brandon Smith,Kene Nwangwu,3430,46
Brandon Smith,Kohl Levao,3430,82
Brandon Smith,Liam Fornadel,3430,36
Brandon Smith,Malachi Corley,3430,33
Brandon Smith,Marquis Hayes,3430,42
Brandon Smith,Max Mitchell,3430,62
Brandon Smith,Neal Johnson,3430,2
Brandon Smith,Quentin Skinner,3430,21
Brandon Smith,Samuel Jackson,3430,20
Brandon Smith,Stone Smartt,3430,46
Brandon Smith,Xavier Newman-Johnson,3430,62
Brandon Smith,Zack Kuntz,3430,22
Brandon Stephens,Andre Cisco,3430,22
Brandon Stephens,Braiden McGregor,3430,9
Brandon Stephens,Derrick Nnadi,3430,14
Brandon Stephens,Eric Watts,3430,3
Brandon Stephens,Jamien Sherwood,3430,22
Brandon Stephens,Jamin Davis,3430,13
Brandon Stephens,Jay Tufele,3430,16
Brandon Stephens,Leonard Taylor III,3430,8
Brandon Stephens,Michael Carter II,3430,9
Brandon Stephens,Micheal Clemons,3430,20
Brandon Stephens,Phidarian Mathis,3430,6
Brandon Stephens,Quincy Williams,3430,22
Brandon Stephens,Qwan'tez Stiggers,3430,12
Brandon Stephens,Rashad Weaver,3430,1
Brandon Stephens,Sauce Gardner,3430,10
Brandon Stephens,Tony Adams,3430,22
Brandon Stephens,Tyler Baron,3430,3
Brandon Stephens,Will McDonald IV,3430,8
Brandon Walton,Andy Dalton,0750,21
Brandon Walton,Brady Christensen,0750,45
Brandon Walton,Bryce Perkins,0750,29
Brandon Walton,Bryce Pierre,0750,28
Brandon Walton,Brycen Tremayne,0750,19
Brandon Walton,Cade Mays,0750,27
Brandon Walton,Chandler Zavala,0750,8
Brandon Walton,David Moore,0750,43
Brandon Walton,Dominique Dafney,0750,41
Brandon Walton,Emani Bailey,0750,19
Brandon Walton,Hunter Renfrow,0750,26
Brandon Walton,Ja'Seem Reed,0750,20
Brandon Walton,Ja'Tyre Carter,0750,23
Brandon Walton,Jack Plummer,0750,48
Brandon Walton,Jacolby George,0750,22
Brandon Walton,Jalen Coker,0750,19
Brandon Walton,James Mitchell,0750,35
Brandon Walton,Jarrett Kingston,0750,74
Brandon Walton,Jimmy Horn Jr.,0750,52
Brandon Walton,Kayron Lynch-Adams,0750,21
Brandon Walton,Kobe Hudson,0750,40
Brandon Walton,Luke Kandra,0750,61
Brandon Walton,Michael Tarquin,0750,60
Brandon Walton,Mitchell Evans,0750,13
Brandon Walton,Raheem Blackshear,0750,30
Brandon Walton,Rico Dowdle,0750,5
Brandon Walton,Steven Losoya,0750,52
Brandon Walton,T.J. Luther,0750,21
Brandon Walton,Tetairoa McMillan,0750,13
Brandon Walton,Trevor Etienne,0750,23
Brandon Walton,Yosh Nijman,0750,42
Branson Combs,Antonio Johnson,2250,3
Branson Combs,Aydan White,2250,38
Branson Combs,BJ Green II,2250,36
Branson Combs,Cam'Ron Silmon-Craig,2250,50
Branson Combs,Chad Muma,2250,16
Branson Combs,Christian Braswell,2250,6
Branson Combs,Daniel Thomas,2250,11
Branson Combs,Danny Striggow,2250,28
Branson Combs,Deantre Prince,2250,15
Branson Combs,Dennis Gardeck,2250,4
Branson Combs,Doneiko Slaughter,2250,37
Branson Combs,Eli Mostaert,2250,16
Branson Combs,Ethan Downs,2250,23
Branson Combs,Jabbar Muhammad,2250,35
Branson Combs,Jack Kiser,2250,42
Branson Combs,James Carpenter,2250,37
Branson Combs,Jordan Jefferson,2250,19
Branson Combs,Keivie Rose,2250,33
Branson Combs,Keni-H Lovely,2250,17
Branson Combs,Maason Smith,2250,7
Branson Combs,Myles Cole,2250,27
Branson Combs,Rayuan Lane III,2250,52
Branson Combs,Tyler Lacy,2250,4
Branson Combs,Yasir Abdullah,2250,14
Branson Combs,Zech McPhearson,2250,10
Branson Taylor,Andre James,4400,41
Branson Taylor,Brenden Rice,4400,38
Branson Taylor,Corey Stewart,4400,82
Branson Taylor,DJ Uiagalelei,4400,47
Branson Taylor,Dalevon Campbell,4400,52
Branson Taylor,David Sharpe,4400,57
Branson Taylor,Derius Davis,4400,10
Branson Taylor,Dez Fitzpatrick,4400,11
Branson Taylor,Hassan Haskins,4400,8
Branson Taylor,JaQuae Jackson,4400,32
Branson Taylor,Jalen Reagor,4400,3
Branson Taylor,Jaret Patterson,4400,5
Branson Taylor,Jaylen Johnson,4400,34
Branson Taylor,Jordan Petaia,4400,3
Branson Taylor,Josh Kaltenberger,4400,71
Branson Taylor,Karsen Barnhart,4400,73
Branson Taylor,KeAndre Lambert-Smith,4400,39
Branson Taylor,Kimani Vidal,4400,28
Branson Taylor,Luke Grimm,4400,32
Branson Taylor,Nash Jones,4400,56
Branson Taylor,Nyheim Hines,4400,50
Branson Taylor,Oronde Gadsden II,4400,53
Branson Taylor,Raheim Sanders,4400,21
Branson Taylor,Ryan Nelson,4400,71
Branson Taylor,Scott Matlock,4400,12
Branson Taylor,Stevo Klotz,4400,48
Branson Taylor,Taylor Heinicke,4400,33
Branson Taylor,Thomas Yassmin,4400,2
Branson Taylor,Tre Harris,4400,39
Branson Taylor,Trey Lance,4400,32
Branson Taylor,Tucker Fisk,4400,37
Brant Banks,Amar Johnson,1800,17
Brant Banks,Anthony Belton,1800,23
Brant Banks,Cornelius Johnson,1800,20
Brant Banks,Isaiah Neyor,1800,33
Brant Banks,Israel Abanikanda,1800,11
Brant Banks,J.J. Lippe,1800,44
Brant Banks,Johnny Lumpkin,1800,28
Brant Banks,Julian Hicks,1800,13
Brant Banks,Kadeem Telfort,1800,21
Brant Banks,Kawaan Baker,1800,17
Brant Banks,Lecitus Smith,1800,44
Brant Banks,Malik Heath,1800,2
Brant Banks,Messiah Swinson,1800,41
Brant Banks,Sean Clifford,1800,21
Brant Banks,Taylor Elgersma,1800,23
Brant Banks,Trey Hill,1800,17
Brant Banks,Tyler Cooper,1800,27
Brant Banks,Tyrion Davis-Price,1800,16
Brant Banks,Will Sheppard,1800,22
Brashard Smith,Bailey Zappe,2310,16
Brashard Smith,C.J. Hanson,2310,41
Brashard Smith,Carson Steele,2310,2
Brashard Smith,Chris Oladokun,2310,11
Brashard Smith,Chukwuebuka Godrick,2310,17
Brashard Smith,Creed Humphrey,2310,2
Brashard Smith,Dalton Cooper,2310,9
Brashard Smith,Elijah Mitchell,2310,1
Brashard Smith,Elijhah Badger,2310,4
Brashard Smith,Esa Pole,2310,27
Brashard Smith,Gardner Minshew,2310,14
Brashard Smith,Geor'Quarius Spivey,2310,2
Brashard Smith,Hal Presley,2310,3
Brashard Smith,Hunter Nourzad,2310,32
Brashard Smith,Jared Wiley,2310,19
Brashard Smith,Jason Brownlee,2310,23
Brashard Smith,Jawaan Taylor,2310,2
Brashard Smith,Jaylon Moore,2310,13
Brashard Smith,Jimmy Holiday,2310,12
Brashard Smith,Joey Lombard,2310,9
Brashard Smith,Josh Simmons,2310,2
Brashard Smith,JuJu Smith-Schuster,2310,2
Brashard Smith,Key'Shawn Smith,2310,3
Brashard Smith,Kingsley Suamataia,2310,2
Brashard Smith,Mac Dalena,2310,9
Brashard Smith,Mike Caliendo,2310,32
Brashard Smith,Nikko Remigio,2310,33
Brashard Smith,Noah Gray,2310,1
Brashard Smith,Patrick Mahomes,2310,2
Brashard Smith,Rashee Rice,2310,2
Brashard Smith,Robert Tonyan,2310,13
Brashard Smith,Skyy Moore,2310,12
Brashard Smith,Travis Kelce,2310,1
Brashard Smith,Tre Watson,2310,17
Brashard Smith,Trey Smith,2310,2
Brashard Smith,Tyquan Thornton,2310,11
Brashard Smith,Wanya Morris,2310,25
Brashard Smith,Xavier Worthy,2310,2
Braxton Berrios,Aireontae Ersery,2120,2
Braxton Berrios,Austin Deculus,2120,20
Braxton Berrios,Blake Fisher,2120,9
Braxton Berrios,Cade Stover,2120,2
Braxton Berrios,Dalton Schultz,2120,1
Braxton Berrios,Dameon Pierce,2120,2
Braxton Berrios,Dare Ogunbowale,2120,2
Braxton Berrios,Davis Mills,2120,4
Braxton Berrios,Ed Ingram,2120,3
Braxton Berrios,Graham Mertz,2120,5
Braxton Berrios,Harrison Bryant,2120,2
Braxton Berrios,Irv Smith,2120,9
Braxton Berrios,Jake Andrews,2120,2
Braxton Berrios,Jakob Johnson,2120,1
Braxton Berrios,Jarrett Patterson,2120,21
Braxton Berrios,Jawhar Jordan,2120,8
Braxton Berrios,Jayden Higgins,2120,3
Braxton Berrios,Jaylin Noel,2120,4
Braxton Berrios,Jaylon Thomas,2120,19
Braxton Berrios,John Metchie III,2120,13
Braxton Berrios,Juice Scruggs,2120,16
Braxton Berrios,Justin Watson,2120,21
Braxton Berrios,Kedon Slovis,2120,14
Braxton Berrios,LaDarius Henderson,2120,7
Braxton Berrios,Laken Tomlinson,2120,1
Braxton Berrios,Luke Lachey,2120,11
Braxton Berrios,Woody Marks,2120,11
Braxton Berrios,Xavier Hutchinson,2120,2
Braxton Berrios,Zach Thomas,2120,15
Braxton Jones,Brittain Brown,0810,10
Braxton Jones,Caleb Williams,0810,39
Braxton Jones,Chris Glaser,0810,5
Braxton Jones,Cole Kmet,0810,24
Braxton Jones,Colston Loveland,0810,33
Braxton Jones,D'Andre Swift,0810,18
Braxton Jones,DJ Moore,0810,38
Braxton Jones,Darnell Wright,0810,39
Braxton Jones,Deion Hankins,0810,11
Braxton Jones,Devin Duvernay,0810,12
Braxton Jones,Drew Dalman,0810,39
Braxton Jones,Durham Smythe,0810,14
Braxton Jones,Jonah Jackson,0810,39
Braxton Jones,Jordan McFadden,0810,15
Braxton Jones,Kyle Monangai,0810,19
Braxton Jones,Luke Newman,0810,59
Braxton Jones,Luther Burden III,0810,18
Braxton Jones,Maurice Alexander,0810,4
Braxton Jones,Olamide Zaccheaus,0810,26
Braxton Jones,Rome Odunze,0810,39
Braxton Jones,Ryan Bates,0810,20
Braxton Jones,Samori Toure,0810,4
Braxton Jones,Stephen Carlson,0810,8
Braxton Jones,Theo Benedet,0810,20
Braxton Jones,Travis Homer,0810,1
Braxton Jones,Tyler Scott,0810,16
Braxton Jones,Tyson Bagent,0810,20
Brayden Willis,Ameer Abdullah,4500,5
Brayden Willis,Austen Pleasants,4500,46
Brayden Willis,Ben Bartch,4500,6
Brayden Willis,Carter Bradley,4500,47
Brayden Willis,Connor Colby,4500,49
Brayden Willis,Corey Kiner,4500,21
Brayden Willis,Demarcus Robinson,4500,33
Brayden Willis,Drake Nugent,4500,60
Brayden Willis,Drew Moss,4500,56
Brayden Willis,Isaac Alarcon,4500,58
Brayden Willis,Isaac Guerendo,4500,11
Brayden Willis,Isaiah Hodgins,4500,25
Brayden Willis,Isaiah Prince,4500,46
Brayden Willis,Jake Tonges,4500,47
Brayden Willis,Jeff Wilson,4500,26
Brayden Willis,Jordan Watkins,4500,17
Brayden Willis,Junior Bergen,4500,13
Brayden Willis,Ke'Shawn Vaughn,4500,23
Brayden Willis,Luke Farrell,4500,21
Brayden Willis,Mac Jones,4500,21
Brayden Willis,Malik Turner,4500,22
Brayden Willis,Matt Hennessy,4500,32
Brayden Willis,Michael Dunn,4500,14
Brayden Willis,Nick Zakelj,4500,59
Brayden Willis,Patrick Taylor,4500,6
Brayden Willis,Robbie Chosen,4500,54
Brayden Willis,Russell Gage,4500,19
Brayden Willis,Skyy Moore,4500,10
Brayden Willis,Spencer Burford,4500,34
Brayden Willis,Tanner Mordecai,4500,24
Brayden Willis,Terique Owens,4500,15
Braylon Sanders,Bobby Hart,5110,19
Braylon Sanders,Chris Rodriguez Jr.,5110,6
Braylon Sanders,Cole Turner,5110,5
Braylon Sanders,Colson Yankoff,5110,6
Braylon Sanders,Demetric Felton,5110,11
Braylon Sanders,Foster Sarell,5110,19
Braylon Sanders,Ja'Corey Brooks,5110,12
Braylon Sanders,Jacoby Jones,5110,11
Braylon Sanders,Josh Johnson,5110,16
Braylon Sanders,Julian Good-Jones,5110,16
Braylon Sanders,Kazmeir Allen,5110,2
Braylon Sanders,Lawrence Cager,5110,16
Braylon Sanders,Lucas Niang,5110,2
Braylon Sanders,Michael Deiter,5110,19
Braylon Sanders,Mike Strachan,5110,4
Braylon Sanders,River Cracraft,5110,3
Braylon Sanders,Sam Hartman,5110,3
Braylon Sanders,Timothy McKay,5110,3
Braylon Sanders,Tyre Phillips,5110,17
Breece Hall,Alijah Vera-Tucker,3430,16
Breece Hall,Allen Lazard,3430,1
Breece Hall,Andrew Beck,3430,3
Breece Hall,Arian Smith,3430,1
Breece Hall,Armand Membou,3430,16
Breece Hall,Braelon Allen,3430,1
Breece Hall,Garrett Wilson,3430,16
Breece Hall,Jeremy Ruckert,3430,11
Breece Hall,Joe Tippmann,3430,16
Breece Hall,John Simpson,3430,11
Breece Hall,Josh Myers,3430,5
Breece Hall,Josh Reynolds,3430,15
Breece Hall,Justin Fields,3430,16
Breece Hall,Mason Taylor,3430,8
Breece Hall,Olumuyiwa Fashanu,3430,16
Breece Hall,Tyler Johnson,3430,6
Breece Hall,Zack Kuntz,3430,2
Breiden Fehoko,Carson Bruener,3900,23
Breiden Fehoko,D'Shawn Jamison,3900,16
Breiden Fehoko,Daryl Porter,3900,14
Breiden Fehoko,DeMarvin Leal,3900,5
Breiden Fehoko,Devin Harper,3900,24
Breiden Fehoko,Domenique Davis,3900,8
Breiden Fehoko,Eku Leota,3900,19
Breiden Fehoko,Esezi Otomewo,3900,18
Breiden Fehoko,Jack Sawyer,3900,5
Breiden Fehoko,Julius Welschof,3900,19
Breiden Fehoko,Kyler Baugh,3900,6
Breiden Fehoko,Kyler McMichael,3900,24
Breiden Fehoko,Mark Robinson,3900,1
Breiden Fehoko,Mikey Victor,3900,10
Breiden Fehoko,Quindell Johnson,3900,24
Breiden Fehoko,Sebastian Castro,3900,24
Brenden Bates,Ahmani Marshall,1050,35
Brenden Bates,Blake Whiteheart,1050,17
Brenden Bates,Bucky Williams,1050,23
Brenden Bates,Cade McDonald,1050,20
Brenden Bates,Cedric Tillman,1050,7
Brenden Bates,Chase Cota,1050,6
Brenden Bates,Cornelius Lucas,1050,15
Brenden Bates,Dartanyan Tinsley,1050,6
Brenden Bates,David Njoku,1050,1
Brenden Bates,Dawand Jones,1050,13
Brenden Bates,Dillon Gabriel,1050,35
Brenden Bates,Diontae Johnson,1050,28
Brenden Bates,Dylan Sampson,1050,2
Brenden Bates,Ethan Pocic,1050,1
Brenden Bates,Gage Larvadain,1050,35
Brenden Bates,Harold Fannin Jr.,1050,1
Brenden Bates,Jack Conklin,1050,1
Brenden Bates,Jackson Barton,1050,51
Brenden Bates,Jamari Thrash,1050,26
Brenden Bates,Jason Ivey,1050,38
Brenden Bates,Javion Cohen,1050,30
Brenden Bates,Jerome Ford,1050,1
Brenden Bates,Joe Flacco,1050,1
Brenden Bates,Kaden Davis,1050,38
Brenden Bates,Kilian Zierer,1050,8
Brenden Bates,Kisean Johnson,1050,13
Brenden Bates,Lorenzo Thompson,1050,24
Brenden Bates,Luke Floriea,1050,4
Brenden Bates,Luke Wypler,1050,46
Brenden Bates,Pierre Strong,1050,17
Brenden Bates,Sal Cannella,1050,15
Brenden Bates,Sebastian Gutierrez,1050,14
Brenden Bates,Shedeur Sanders,1050,25
Brenden Bates,Teven Jenkins,1050,43
Brenden Bates,Toa Taua,1050,3
Brenden Bates,Trayveon Williams,1050,11
Brenden Bates,Tyler Huntley,1050,9
Brenden Bates,Wyatt Teller,1050,1
Brenden Bates,Zak Zinter,1050,36
Brenden Jaimes,Andrew Rupcich,2100,71
Brenden Jaimes,Blake Hance,2100,28
Brenden Jaimes,Brandon Allen,2100,73
Brenden Jaimes,Brandon Crenshaw-Dickson,2100,7
Brenden Jaimes,Bryce Oliver,2100,41
Brenden Jaimes,Chimere Dike,2100,40
Brenden Jaimes,David Martin-Robinson,2100,27
Brenden Jaimes,Elic Ayomanor,2100,31
Brenden Jaimes,Gunnar Helm,2100,34
Brenden Jaimes,Jackson Slater,2100,63
Brenden Jaimes,Jaelyn Duncan,2100,42
Brenden Jaimes,James Proche,2100,29
Brenden Jaimes,Jermar Jefferson,2100,8
Brenden Jaimes,Jha'Quan Jackson,2100,22
Brenden Jaimes,John Ojukwu,2100,74
Brenden Jaimes,Jordan Mims,2100,23
Brenden Jaimes,Josh Whyle,2100,24
Brenden Jaimes,Julius Chestnut,2100,25
Brenden Jaimes,Kalel Mullings,2100,22
Brenden Jaimes,Mason Kinsey,2100,22
Brenden Jaimes,Matt Landers,2100,3
Brenden Jaimes,Olisaemeka Udoh,2100,39
Brenden Jaimes,T.J. Sheffield,2100,8
Brenden Jaimes,Thomas Odukoya,2100,15
Brenden Jaimes,Tim Boyle,2100,8
Brenden Jaimes,Tyjae Spears,2100,3
Brenden Jaimes,Van Jefferson,2100,8
Brenden Jaimes,Xavier Restrepo,2100,20
Brenden Rice,Andre James,4400,6
Brenden Rice,Branson Taylor,4400,38
Brenden Rice,Corey Stewart,4400,69
Brenden Rice,DJ Uiagalelei,4400,48
Brenden Rice,Dalevon Campbell,4400,61
Brenden Rice,David Sharpe,4400,27
Brenden Rice,Derius Davis,4400,1
Brenden Rice,Dez Fitzpatrick,4400,3
Brenden Rice,Hassan Haskins,4400,13
Brenden Rice,JaQuae Jackson,4400,12
Brenden Rice,Jaylen Johnson,4400,10
Brenden Rice,Josh Kaltenberger,4400,79
Brenden Rice,Karsen Barnhart,4400,48
Brenden Rice,KeAndre Lambert-Smith,4400,2
Brenden Rice,Kimani Vidal,4400,4
Brenden Rice,Luke Grimm,4400,42
Brenden Rice,Nash Jones,4400,76
Brenden Rice,Nyheim Hines,4400,32
Brenden Rice,Oronde Gadsden II,4400,15
Brenden Rice,Raheim Sanders,4400,31
Brenden Rice,Ryan Nelson,4400,57
Brenden Rice,Scott Matlock,4400,1
Brenden Rice,Stevo Klotz,4400,62
Brenden Rice,Taylor Heinicke,4400,3
Brenden Rice,Thomas Yassmin,4400,12
Brenden Rice,Trey Lance,4400,29
Brenden Rice,Tucker Fisk,4400,19
Brenden Schooler,Alex Austin,3200,6
Brenden Schooler,Anfernee Jennings,3200,4
Brenden Schooler,Bradyn Swinson,3200,2
Brenden Schooler,Craig Woodson,3200,6
Brenden Schooler,DJ James,3200,6
Brenden Schooler,Elijah Ponder,3200,4
Brenden Schooler,Isaiah Iton,3200,2
Brenden Schooler,Jack Gibbens,3200,6
Brenden Schooler,Jahvaree Ritzie,3200,2
Brenden Schooler,Jeremiah Pharms Jr.,3200,4
Brenden Schooler,Joshua Farmer,3200,4
Brenden Schooler,Marte Mapu,3200,6
Brenden Schooler,Miles Battle,3200,6
Brenden Schooler,Truman Jones,3200,2
Brennan Jackson,A.J. Green,2510,27
Brennan Jackson,Bill Norton,2510,34
Brennan Jackson,Cam Lampkin,2510,66
Brennan Jackson,Charles Woods,2510,50
Brennan Jackson,Da'Jon Terry,2510,34
Brennan Jackson,Decarius Hawthorne,2510,31
Brennan Jackson,Derion Kendrick,2510,65
Brennan Jackson,Desjuan Johnson,2510,62
Brennan Jackson,Elias Neal,2510,48
Brennan Jackson,Jack Heflin,2510,48
Brennan Jackson,Jamil Muhammad,2510,13
Brennan Jackson,Josh Pearcy,2510,29
Brennan Jackson,Josh Wallace,2510,11
Brennan Jackson,Keir Thomas,2510,8
Brennan Jackson,Larrell Murchison,2510,25
Brennan Jackson,Malik Dixon-Williams,2510,69
Brennan Jackson,Nate Valcarcel,2510,62
Brennan Jackson,Nick Hampton,2510,20
Brennan Jackson,Pooh Paul Jr.,2510,49
Brennan Jackson,Shaun Dolac,2510,48
Brennan Jackson,Shaun Jolly,2510,68
Brennan Jackson,Tanner Ingle,2510,60
Brennan Jackson,Tony Fields II,2510,57
Brennan Jackson,Ty Hamilton,2510,26
Brennan Presley,A.J. Arcuri,2510,66
Brennan Presley,Anthony Torres,2510,9
Brennan Presley,Beaux Limmer,2510,14
Brennan Presley,Ben Dooley,2510,80
Brennan Presley,Britain Covey,2510,76
Brennan Presley,Cody Schrader,2510,51
Brennan Presley,David Quessenberry,2510,2
Brennan Presley,Drake Stoops,2510,29
Brennan Presley,Dresser Winn,2510,52
Brennan Presley,Jarquez Hunter,2510,26
Brennan Presley,John Leglue,2510,19
Brennan Presley,Jordan Waters,2510,16
Brennan Presley,Justin Dedich,2510,16
Brennan Presley,KT Leveston,2510,94
Brennan Presley,Konata Mumpfield,2510,5
Brennan Presley,Mario Williams,2510,30
Brennan Presley,Mark Redman,2510,51
Brennan Presley,McCallan Castles,2510,18
Brennan Presley,Mike Mcallister,2510,13
Brennan Presley,Ronnie Rivers,2510,3
Brennan Presley,Stetson Bennett,2510,44
Brennan Presley,Terrance Ferguson,2510,20
Brennan Presley,Trey Wedig,2510,72
Brennan Presley,Tru Edwards,2510,50
Brennan Presley,Willie Lampkin,2510,29
Brennan Presley,Wyatt Bowles,2510,75
Brent Urban,Adisa Isaac,0325,10
Brent Urban,Aeneas Peebles,0325,4
Brent Urban,Basil Okoye,0325,5
Brent Urban,Beau Brade,0325,5
Brent Urban,Bilhal Kone,0325,4
Brent Urban,C.J. Ravenell,0325,4
Brent Urban,David Ojabo,0325,13
Brent Urban,Jacob Hummel,0325,11
Brent Urban,Jalyn Armour-Davis,0325,13
Brent Urban,John Jenkins,0325,13
Brent Urban,Keyon Martin,0325,8
Brent Urban,Malaki Starks,0325,10
Brent Urban,Marquise Robinson,0325,3
Brent Urban,Mike Green,0325,13
Brent Urban,Reuben Lowery,0325,3
Brent Urban,Sanoussi Kane,0325,18
Brent Urban,T.J. Tampa,0325,18
Brent Urban,Teddye Buchanan,0325,13
Brent Urban,Trenton Simpson,0325,12
Brenton Cox Jr.,Arron Mosby,1800,9
Brenton Cox Jr.,Barryn Sorrell,1800,3
Brenton Cox Jr.,Bo Melton,1800,37
Brenton Cox Jr.,Carrington Valentine,1800,2
Brenton Cox Jr.,Colby Wooden,1800,29
Brenton Cox Jr.,Deslin Alexandre,1800,2
Brenton Cox Jr.,Devonte Wyatt,1800,1
Brenton Cox Jr.,Edgerrin Cooper,1800,2
Brenton Cox Jr.,Evan Williams,1800,2
Brenton Cox Jr.,Isaiah McDuffie,1800,2
Brenton Cox Jr.,Isaiah Simmons,1800,50
Brenton Cox Jr.,Javon Bullard,1800,2
Brenton Cox Jr.,Johnathan Baldwin,1800,18
Brenton Cox Jr.,Kalen King,1800,41
Brenton Cox Jr.,Kamal Hadden,1800,32
Brenton Cox Jr.,Karl Brooks,1800,24
Brenton Cox Jr.,Keisean Nixon,1800,2
Brenton Cox Jr.,Kenny Clark,1800,1
Brenton Cox Jr.,Kingsley Enagbare,1800,37
Brenton Cox Jr.,Kitan Oladapo,1800,51
Brenton Cox Jr.,Kristian Welch,1800,16
Brenton Cox Jr.,Lukas Van Ness,1800,1
Brenton Cox Jr.,Micah Robinson,1800,24
Brenton Cox Jr.,Nazir Stackhouse,1800,26
Brenton Cox Jr.,Omar Brown,1800,32
Brenton Cox Jr.,Ty'Ron Hopper,1800,50
Brenton Cox Jr.,Warren Brinson,1800,23
Brenton Cox Jr.,Zayne Anderson,1800,1
Brenton Strange,Anton Harrison,2250,9
Brenton Strange,Austin Trammell,2250,8
Brenton Strange,Brian Thomas Jr.,2250,23
Brenton Strange,Chuma Edoga,2250,9
Brenton Strange,Dyami Brown,2250,9
Brenton Strange,Ezra Cleveland,2250,23
Brenton Strange,Fred Johnson,2250,14
Brenton Strange,Hunter Long,2250,1
Brenton Strange,Johnny Mundt,2250,6
Brenton Strange,Parker Washington,2250,14
Brenton Strange,Patrick Mekari,2250,14
Brenton Strange,Robert Hainsey,2250,23
Brenton Strange,Tank Bigsby,2250,6
Brenton Strange,Travis Etienne,2250,17
Brenton Strange,Travis Hunter,2250,8
Brenton Strange,Trevor Lawrence,2250,23
Brenton Strange,Walker Little,2250,23
Brett Rypien,Ben Yurosek,3000,11
Brett Rypien,Bryson Nesbit,3000,18
Brett Rypien,Dontae Fleming,3000,9
Brett Rypien,Giovanni Ricci,3000,12
Brett Rypien,Henry Byrd,3000,20
Brett Rypien,Jeshaun Jones,3000,17
Brett Rypien,Joe Huber,3000,45
Brett Rypien,Leroy Watson IV,3000,28
Brett Rypien,Logan Brown,3000,23
Brett Rypien,Lucky Jackson,3000,22
Brett Rypien,Michael Gonzalez,3000,23
Brett Rypien,Michael Jurgens,3000,20
Brett Rypien,Myles Price,3000,8
Brett Rypien,Nick Vannett,3000,14
Brett Rypien,Robert Lewis,3000,4
Brett Rypien,Silas Bolden,3000,4
Brett Rypien,Tai Felton,3000,20
Brett Rypien,Thayer Thomas,3000,26
Brett Rypien,Tim Jones,3000,15
Brett Rypien,Tre Stewart,3000,12
Brett Rypien,Vershon Lee,3000,39
Brett Rypien,Walter Rouse,3000,16
Brett Rypien,Xazavian Valladay,3000,13
Brett Rypien,Zack Bailey,3000,9
Brett Rypien,Zavier Scott,3000,20
Brett Rypien,Zeke Correll,3000,2
Brett Toth,AJ Dillon,3700,22
Brett Toth,Ainias Smith,3700,67
Brett Toth,Ben VanSumeren,3700,7
Brett Toth,Cameron Latu,3700,9
Brett Toth,Cameron Williams,3700,30
Brett Toth,Darian Kinnard,3700,80
Brett Toth,Darius Cooper,3700,92
Brett Toth,Dorian Thompson-Robinson,3700,18
Brett Toth,Drew Kendall,3700,102
Brett Toth,E.J. Jenkins,3700,38
Brett Toth,Elijah Cooks,3700,1
Brett Toth,Giles Jackson,3700,9
Brett Toth,Grant Calcaterra,3700,13
Brett Toth,Harrison Bryant,3700,21
Brett Toth,Ife Adeyi,3700,9
Brett Toth,Jahan Dotson,3700,9
Brett Toth,John Metchie III,3700,15
Brett Toth,Johnny Wilson,3700,50
Brett Toth,Keilan Robinson,3700,47
Brett Toth,Kendall Lamm,3700,46
Brett Toth,Kenyon Green,3700,13
Brett Toth,Kyle McCord,3700,56
Brett Toth,Kylen Granson,3700,54
Brett Toth,Matt Pryor,3700,57
Brett Toth,Montrell Johnson Jr.,3700,26
Brett Toth,Myles Hinton,3700,69
Brett Toth,Nick Muse,3700,12
Brett Toth,ShunDerrick Powell,3700,6
Brett Toth,Tanner McKee,3700,41
Brett Toth,Taylor Morin,3700,10
Brett Toth,Terrace Marshall Jr.,3700,43
Brett Toth,Trevor Keegan,3700,54
Brett Toth,Tyler Steen,3700,9
Brett Toth,Will Shipley,3700,14
Brevin Jordan,Aireontae Ersery,2120,6
Brevin Jordan,Blake Fisher,2120,13
Brevin Jordan,Cade Stover,2120,5
Brevin Jordan,Dare Ogunbowale,2120,6
Brevin Jordan,Davis Mills,2120,6
Brevin Jordan,Ed Ingram,2120,13
Brevin Jordan,Jake Andrews,2120,6
Brevin Jordan,Jarrett Patterson,2120,7
Brevin Jordan,Jayden Higgins,2120,11
Brevin Jordan,Jaylin Noel,2120,9
Brevin Jordan,John Metchie III,2120,2
Brevin Jordan,Juice Scruggs,2120,13
Brevin Jordan,Justin Watson,2120,2
Brevin Jordan,Kedon Slovis,2120,7
Brevin Jordan,Woody Marks,2120,7
Brevin Jordan,Xavier Hutchinson,2120,10
Brevin Jordan,Zach Thomas,2120,7
Brian Asamoah,Bo Richter,3000,18
Brian Asamoah,Chaz Chambliss,3000,6
Brian Asamoah,Dwight McGlothern,3000,18
Brian Asamoah,Elijah Williams,3000,1
Brian Asamoah,Eric Wilson,3000,2
Brian Asamoah,Gabriel Murphy,3000,18
Brian Asamoah,Jalen Redmond,3000,12
Brian Asamoah,Jay Ward,3000,19
Brian Asamoah,Jeff Okudah,3000,2
Brian Asamoah,Jonathan Harris,3000,4
Brian Asamoah,Kahlef Hailassie,3000,5
Brian Asamoah,Kobe King,3000,6
Brian Asamoah,Levi Drake Rodriguez,3000,12
Brian Asamoah,Mekhi Blackmon,3000,19
Brian Asamoah,Taki Taimani,3000,2
Brian Asamoah,Tavierre Thomas,3000,17
Brian Asamoah,Theo Jackson,3000,2
Brian Asamoah,Tyler Batty,3000,9
Brian Asamoah,Tyrion Ingram-Dawkins,3000,5
Brian Asamoah,Zemaiah Vaughn,3000,13
Brian Asamoah II,Ali Gaye,2100,17
Brian Asamoah II,Amani Oruwariye,2100,11
Brian Asamoah II,Blake Lynch,2100,17
Brian Asamoah II,Cam Horsley,2100,10
Brian Asamoah II,Carlos Watkins,2100,7
Brian Asamoah II,Clarence Lewis,2100,4
Brian Asamoah II,Davion Ross,2100,4
Brian Asamoah II,Gabe Jeudy-Lally,2100,13
Brian Asamoah II,Jalen Kimber,2100,4
Brian Asamoah II,James Lynch,2100,7
Brian Asamoah II,Jaylen Harrell,2100,17
Brian Asamoah II,Joshuah Bledsoe,2100,4
Brian Asamoah II,Julius Wood,2100,17
Brian Asamoah II,Marcus Harris,2100,13
Brian Asamoah II,Mike Brown,2100,13
Brian Asamoah II,Timmy Horne,2100,12
Brian Burns,Abdul Carter,3410,10
Brian Burns,Andru Phillips,3410,11
Brian Burns,Bobby Okereke,3410,19
Brian Burns,Cordale Flott,3410,15
Brian Burns,DJ Davidson,3410,3
Brian Burns,Dane Belton,3410,16
Brian Burns,Deonte Banks,3410,5
Brian Burns,Elijah Chatman,3410,9
Brian Burns,Elijah Garcia,3410,2
Brian Burns,Jevon Holland,3410,20
Brian Burns,Kayvon Thibodeaux,3410,13
Brian Burns,Micah McFadden,3410,17
Brian Burns,Nic Jones,3410,2
Brian Burns,Paulson Adebo,3410,20
Brian Burns,Raheem Layne,3410,2
Brian Burns,Rakeem Nunez-Roches,3410,14
Brian Burns,Roy Robertson-Harris,3410,17
Brian Burns,Tyler Nubin,3410,5
Brian O'Neill,C.J. Ham,3000,3
Brian O'Neill,Donovan Jackson,3000,12
Brian O'Neill,J.J. McCarthy,3000,12
Brian O'Neill,Jalen Nailor,3000,12
Brian O'Neill,Jordan Addison,3000,12
Brian O'Neill,Jordan Mason,3000,12
Brian O'Neill,Josh Oliver,3000,8
Brian O'Neill,Justin Skule,3000,12
Brian O'Neill,Lucky Jackson,3000,5
Brian O'Neill,Ryan Kelly,3000,12
Brian O'Neill,T.J. Hockenson,3000,8
Brian O'Neill,Will Fries,3000,12
Brian Thomas Jr.,Anton Harrison,2250,11
Brian Thomas Jr.,Austin Trammell,2250,9
Brian Thomas Jr.,Brenton Strange,2250,23
Brian Thomas Jr.,Chuma Edoga,2250,11
Brian Thomas Jr.,Dyami Brown,2250,9
Brian Thomas Jr.,Ezra Cleveland,2250,27
Brian Thomas Jr.,Fred Johnson,2250,16
Brian Thomas Jr.,Hunter Long,2250,4
Brian Thomas Jr.,Johnny Mundt,2250,8
Brian Thomas Jr.,Parker Washington,2250,18
Brian Thomas Jr.,Patrick Mekari,2250,16
Brian Thomas Jr.,Robert Hainsey,2250,27
Brian Thomas Jr.,Tank Bigsby,2250,8
Brian Thomas Jr.,Travis Etienne,2250,19
Brian Thomas Jr.,Travis Hunter,2250,10
Brian Thomas Jr.,Trevor Lawrence,2250,27
Brian Thomas Jr.,Walker Little,2250,27
Britain Covey,A.J. Arcuri,2510,79
Britain Covey,Anthony Torres,2510,17
Britain Covey,Beaux Limmer,2510,11
Britain Covey,Ben Dooley,2510,87
Britain Covey,Blake Corum,2510,1
Britain Covey,Brennan Presley,2510,76
Britain Covey,Cody Schrader,2510,65
Britain Covey,David Quessenberry,2510,2
Britain Covey,Drake Stoops,2510,30
Britain Covey,Dresser Winn,2510,48
Britain Covey,Jarquez Hunter,2510,28
Britain Covey,John Leglue,2510,21
Britain Covey,Jordan Waters,2510,14
Britain Covey,Justin Dedich,2510,24
Britain Covey,KT Leveston,2510,109
Britain Covey,Konata Mumpfield,2510,10
Britain Covey,Mario Williams,2510,46
Britain Covey,Mark Redman,2510,63
Britain Covey,McCallan Castles,2510,18
Britain Covey,Mike Mcallister,2510,11
Britain Covey,Ronnie Rivers,2510,3
Britain Covey,Stetson Bennett,2510,63
Britain Covey,Terrance Ferguson,2510,14
Britain Covey,Trey Wedig,2510,77
Britain Covey,Tru Edwards,2510,59
Britain Covey,Willie Lampkin,2510,41
Britain Covey,Wyatt Bowles,2510,93
British Brooks,Austin Deculus,2120,24
British Brooks,Conor McDermott,2120,15
British Brooks,Cornell Powell,2120,9
British Brooks,Daniel Jackson,2120,9
British Brooks,Eli Cox,2120,23
British Brooks,Graham Mertz,2120,7
British Brooks,Harrison Bryant,2120,9
British Brooks,Jakob Johnson,2120,9
British Brooks,Jarrett Patterson,2120,1
British Brooks,Jaylon Thomas,2120,24
British Brooks,John Metchie III,2120,2
British Brooks,Juice Scruggs,2120,1
British Brooks,Justin Watson,2120,2
British Brooks,Juwann Winfree,2120,12
British Brooks,Kedon Slovis,2120,17
British Brooks,LaDarius Henderson,2120,23
British Brooks,Luke Lachey,2120,18
British Brooks,Quintez Cephus,2120,15
British Brooks,Tre' McKitty,2120,4
British Brooks,Xavier Johnson,2120,7
British Brooks,Zach Thomas,2120,9
Brittain Brown,Austin Reed,0810,8
Brittain Brown,Braxton Jones,0810,10
Brittain Brown,Caleb Williams,0810,10
Brittain Brown,Chris Glaser,0810,41
Brittain Brown,Cole Kmet,0810,3
Brittain Brown,Colston Loveland,0810,10
Brittain Brown,DJ Moore,0810,9
Brittain Brown,Darnell Wright,0810,10
Brittain Brown,Drew Dalman,0810,10
Brittain Brown,Durham Smythe,0810,19
Brittain Brown,JP Richardson,0810,10
Brittain Brown,Jahdae Walker,0810,31
Brittain Brown,Joel Wilson,0810,34
Brittain Brown,Jonah Jackson,0810,10
Brittain Brown,Jordan McFadden,0810,65
Brittain Brown,Joshua Miles,0810,36
Brittain Brown,Kiran Amegadjie,0810,36
Brittain Brown,Luke Newman,0810,34
Brittain Brown,Luther Burden III,0810,28
Brittain Brown,Maurice Alexander,0810,28
Brittain Brown,Miles Boykin,0810,6
Brittain Brown,Olamide Zaccheaus,0810,7
Brittain Brown,Ozzy Trapilo,0810,29
Brittain Brown,Ricky Stromberg,0810,36
Brittain Brown,Rome Odunze,0810,10
Brittain Brown,Ryan Bates,0810,29
Brittain Brown,Samori Toure,0810,38
Brittain Brown,Stephen Carlson,0810,26
Brittain Brown,Theo Benedet,0810,29
Brittain Brown,Thomas Gordon,0810,4
Brittain Brown,Tyler Scott,0810,37
Brittain Brown,Tyson Bagent,0810,57
Brock Bowers,Ashton Jeanty,2520,9
Brock Bowers,DJ Glaze,2520,11
Brock Bowers,Dont'e Thornton Jr.,2520,9
Brock Bowers,Dylan Parham,2520,11
Brock Bowers,Geno Smith,2520,11
Brock Bowers,Ian Thomas,2520,2
Brock Bowers,Jackson Powers-Johnson,2520,11
Brock Bowers,Jakobi Meyers,2520,9
Brock Bowers,Jordan Meredith,2520,11
Brock Bowers,Kolton Miller,2520,11
Brock Bowers,Michael Mayer,2520,2
Brock Bowers,Raheem Mostert,2520,1
Brock Bowers,Thayer Munford Jr.,2520,2
Brock Bowers,Tre Tucker,2520,9
Brock Bowers,Zamir White,2520,1
Brock Hoffman,Ajani Cornelius,1200,87
Brock Hoffman,Asim Richards,1200,92
Brock Hoffman,Deuce Vaughn,1200,46
Brock Hoffman,Geron Christian,1200,82
Brock Hoffman,Hakeem Adeniji,1200,30
Brock Hoffman,Jalen Brooks,1200,95
Brock Hoffman,Jalen Cropper,1200,58
Brock Hoffman,Jalen Tolbert,1200,13
Brock Hoffman,Jaydon Blue,1200,21
Brock Hoffman,Joe Milton III,1200,112
Brock Hoffman,John Stephens Jr.,1200,13
Brock Hoffman,Jonathan Mingo,1200,26
Brock Hoffman,Josh Kelly,1200,55
Brock Hoffman,La'el Collins,1200,25
Brock Hoffman,Luke Schoonmaker,1200,13
Brock Hoffman,Malik Davis,1200,24
Brock Hoffman,Nathan Thomas,1200,23
Brock Hoffman,Nick Broeker,1200,61
Brock Hoffman,Phil Mafah,1200,51
Brock Hoffman,Princeton Fant,1200,36
Brock Hoffman,Rivaldo Fairweather,1200,68
Brock Hoffman,Ryan Flournoy,1200,85
Brock Hoffman,Saahdiq Charles,1200,34
Brock Hoffman,TJ Bass,1200,119
Brock Hoffman,Traeshon Holden,1200,66
Brock Hoffman,Tyler Booker,1200,15
Brock Hoffman,Tyler Neville,1200,40
Brock Hoffman,Will Grier,1200,30
Brock Purdy,Colton McKivitz,4500,11
Brock Purdy,Connor Colby,4500,11
Brock Purdy,Demarcus Robinson,4500,9
Brock Purdy,Dominick Puni,4500,11
Brock Purdy,George Kittle,4500,11
Brock Purdy,Isaiah Hodgins,4500,2
Brock Purdy,Jake Brendel,4500,11
Brock Purdy,Kyle Juszczyk,4500,6
Brock Purdy,Luke Farrell,4500,2
Brock Purdy,Patrick Taylor,4500,11
Brock Purdy,Ricky Pearsall,4500,9
Brock Purdy,Russell Gage,4500,5
Brock Purdy,Spencer Burford,4500,11
Broderick Jones,Ben Skowronek,3900,3
Broderick Jones,Brandon Johnson,3900,17
Broderick Jones,Connor Heyward,3900,15
Broderick Jones,Darnell Washington,3900,21
Broderick Jones,Jaylen Warren,3900,7
Broderick Jones,Kaleb Johnson,3900,15
Broderick Jones,Ke'Shawn Williams,3900,1
Broderick Jones,Kenneth Gainwell,3900,12
Broderick Jones,Lance McCutcheon,3900,13
Broderick Jones,Mason McCormick,3900,35
Broderick Jones,Mason Rudolph,3900,34
Broderick Jones,Max Hurleman,3900,8
Broderick Jones,Pat Freiermuth,3900,11
Broderick Jones,Robert Woods,3900,10
Broderick Jones,Roman Wilson,3900,25
Broderick Jones,Scott Miller,3900,16
Broderick Jones,Skylar Thompson,3900,1
Broderick Jones,Spencer Anderson,3900,35
Broderick Jones,Trey Sermon,3900,1
Broderick Jones,Troy Fautanu,3900,35
Broderick Jones,Zach Frazier,3900,35
Brodric Martin,Ahmed Hassanein,1540,6
Brodric Martin,Allan George,1540,18
Brodric Martin,Anthony Pittman,1540,40
Brodric Martin,Avonte Maddox,1540,13
Brodric Martin,Chris Smith,1540,16
Brodric Martin,D.J. Miller,1540,14
Brodric Martin,DaRon Gilbert,1540,22
Brodric Martin,Dan Jackson,1540,8
Brodric Martin,Dicaprio Bootle,1540,11
Brodric Martin,Ennis Rakestraw Jr.,1540,3
Brodric Martin,Erick Hallett,1540,32
Brodric Martin,Ezekiel Turner,1540,36
Brodric Martin,Grant Stuard,1540,12
Brodric Martin,Ian Kennelly,1540,45
Brodric Martin,Isaac Ukwu,1540,51
Brodric Martin,Keith Cooper,1540,34
Brodric Martin,Loren Strickland,1540,38
Brodric Martin,Luq Barcoo,1540,5
Brodric Martin,Mitchell Agude,1540,29
Brodric Martin,Morice Norris Jr.,1540,11
Brodric Martin,Myles Adams,1540,47
Brodric Martin,Nate Lynn,1540,15
Brodric Martin,Nick Whiteside,1540,44
Brodric Martin,Rock Ya-Sin,1540,19
Brodric Martin,Trevor Nowaske,1540,56
Brodric Martin,Tyson Russell,1540,32
Brodric Martin,Zach Cunningham,1540,3
Bruce Harmon,Alijah Clark,1200,14
Bruce Harmon,Buddy Johnson,1200,12
Bruce Harmon,Christian Matthew,1200,11
Bruce Harmon,Damone Clark,1200,5
Bruce Harmon,Darius Harris,1200,18
Bruce Harmon,Denzel Daxon,1200,8
Bruce Harmon,Donovan Ezeiruaku,1200,7
Bruce Harmon,Earnest Brown IV,1200,18
Bruce Harmon,Israel Mukuamu,1200,16
Bruce Harmon,James Houston,1200,19
Bruce Harmon,Jay Toia,1200,16
Bruce Harmon,Kemon Hall,1200,8
Bruce Harmon,Marist Liufau,1200,2
Bruce Harmon,Markquese Bell,1200,5
Bruce Harmon,Mazi Smith,1200,4
Bruce Harmon,Mike Smith Jr.,1200,23
Bruce Harmon,Payton Turner,1200,6
Bruce Harmon,Perrion Winfrey,1200,6
Bruce Harmon,Shemar James,1200,21
Bruce Harmon,Tommy Akingbesote,1200,7
Bruce Harmon,Troy Pride,1200,17
Bruce Harmon,Tyrus Wheat,1200,21
Bruce Harmon,Zion Childress,1200,16
Bruce Hector,Alfred Collins,4500,4
Bruce Hector,Bradlee Anae,4500,16
Bruce Hector,Chase Lucas,4500,60
Bruce Hector,Chazz Surratt,4500,22
Bruce Hector,Curtis Robinson,4500,15
Bruce Hector,Dallis Flowers,4500,4
Bruce Hector,Darrell Luter Jr.,4500,16
Bruce Hector,Demone Harris,4500,11
Bruce Hector,Derrick Canteen,4500,74
Bruce Hector,Jakob Robinson,4500,64
Bruce Hector,Jalen Graham,4500,48
Bruce Hector,Jaylen Mahoney,4500,70
Bruce Hector,Jaylon Allen,4500,54
Bruce Hector,Ji'Ayir Brown,4500,4
Bruce Hector,Jonathan Garvin,4500,4
Bruce Hector,Luke Gifford,4500,1
Bruce Hector,Marques Sigle,4500,4
Bruce Hector,Michael Dwumfour,4500,14
Bruce Hector,Nick Martin,4500,50
Bruce Hector,Robert Beal Jr.,4500,18
Bruce Hector,Sebastian Valdez,4500,25
Bruce Hector,Shakel Brown,4500,31
Bruce Hector,Siran Neal,4500,46
Bruce Hector,Stone Blanton,4500,24
Bruce Hector,Tre Brown,4500,16
Bruce Hector,Trevis Gipson,4500,14
Bruce Hector,Will Bradley-King,4500,31
Bryan Bresee,Cameron Jordan,3300,12
Bryan Bresee,Carl Granderson,3300,12
Bryan Bresee,Chase Young,3300,9
Bryan Bresee,Chris Rumph II,3300,8
Bryan Bresee,D'Marco Jackson,3300,8
Bryan Bresee,Danny Stutsman,3300,8
Bryan Bresee,Davon Godchaux,3300,9
Bryan Bresee,Demario Davis,3300,17
Bryan Bresee,Fadil Diggs,3300,6
Bryan Bresee,Isaac Yiadom,3300,25
Bryan Bresee,Isaiah Foskey,3300,5
Bryan Bresee,Jonathan Bullard,3300,3
Bryan Bresee,Jordan Howden,3300,10
Bryan Bresee,Julian Blackmon,3300,25
Bryan Bresee,Justin Reid,3300,16
Bryan Bresee,Khalen Saunders,3300,6
Bryan Bresee,Kool-Aid McKinstry,3300,25
Bryan Bresee,Nathan Shepherd,3300,16
Bryan Bresee,Pete Werner,3300,12
Bryan Bresee,Terrell Burgess,3300,4
Bryan Bresee,Ugo Amadi,3300,14
Bryan Cook,Ashton Gillotte,2310,38
Bryan Cook,Cam Jones,2310,11
Bryan Cook,Chamarri Conner,2310,42
Bryan Cook,Charles Omenihu,2310,53
Bryan Cook,Chris Jones,2310,17
Bryan Cook,Christian Roland-Wallace,2310,17
Bryan Cook,Cole Christiansen,2310,19
Bryan Cook,Cooper McDonald,2310,8
Bryan Cook,Fabien Lovett Sr.,2310,3
Bryan Cook,Felix Anudike-Uzomah,2310,14
Bryan Cook,George Karlaftis,2310,29
Bryan Cook,Jack Cochrane,2310,44
Bryan Cook,Jaden Hicks,2310,54
Bryan Cook,Jaylen Watson,2310,29
Bryan Cook,Jeffrey Bassa,2310,34
Bryan Cook,Jerry Tillery,2310,54
Bryan Cook,Kristian Fulton,2310,20
Bryan Cook,Leo Chenal,2310,41
Bryan Cook,Malik Herring,2310,8
Bryan Cook,Marlon Tuipulotu,2310,20
Bryan Cook,Michael Danna,2310,24
Bryan Cook,Mike Edwards,2310,1
Bryan Cook,Mike Pennel,2310,27
Bryan Cook,Nazeeh Johnson,2310,42
Bryan Cook,Nick Bolton,2310,26
Bryan Cook,Nohl Williams,2310,33
Bryan Cook,Omarr Norman-Lott,2310,16
Bryan Cook,Trent McDuffie,2310,26
Bryan Hudson,Aaron Stinnie,3410,38
Bryan Hudson,Antwane Wells Jr.,3410,26
Bryan Hudson,Austin Schlottmann,3410,18
Bryan Hudson,Da'Quan Felton,3410,23
Bryan Hudson,Dalen Cambre,3410,15
Bryan Hudson,Dante Miller,3410,42
Bryan Hudson,Greg Dulcich,3410,30
Bryan Hudson,Gunner Olszewski,3410,25
Bryan Hudson,Ihmir Smith-Marsette,3410,9
Bryan Hudson,Jaison Williams,3410,42
Bryan Hudson,Jake Kubas,3410,43
Bryan Hudson,Jameis Winston,3410,18
Bryan Hudson,Jaxson Dart,3410,11
Bryan Hudson,Jermaine Terry,3410,24
Bryan Hudson,Jimmy Morrissey,3410,53
Bryan Hudson,Jonathan Ward,3410,39
Bryan Hudson,Jordan Bly,3410,35
Bryan Hudson,Joshua Ezeudu,3410,46
Bryan Hudson,Lil'Jordan Humphrey,3410,29
Bryan Hudson,Marcus Mbow,3410,31
Bryan Hudson,Montrell Washington,3410,28
Bryan Hudson,Stone Forsythe,3410,53
Bryan Hudson,Thomas Fidone II,3410,48
Bryan Hudson,Tommy DeVito,3410,52
Bryan Hudson,Zach Pascal,3410,32
Bryce Cabeldue,Amari Kight,4600,58
Bryce Cabeldue,Anthony Tyus III,4600,41
Bryce Cabeldue,Brady Russell,4600,29
Bryce Cabeldue,Christian Haynes,4600,17
Bryce Cabeldue,Cody White,4600,44
Bryce Cabeldue,Damien Martinez,4600,34
Bryce Cabeldue,Dareke Young,4600,30
Bryce Cabeldue,Drew Lock,4600,17
Bryce Cabeldue,Elijah Arroyo,4600,12
Bryce Cabeldue,Eric Saubert,4600,3
Bryce Cabeldue,Federico Maranges,4600,75
Bryce Cabeldue,George Holani,4600,1
Bryce Cabeldue,Jacardia Wright,4600,29
Bryce Cabeldue,Jake Bobo,4600,23
Bryce Cabeldue,Jalen Milroe,4600,89
Bryce Cabeldue,Jalen Sundell,4600,7
Bryce Cabeldue,John Rhys Plumlee,4600,15
Bryce Cabeldue,Josh Jones,4600,7
Bryce Cabeldue,Luke Felix-Fualalo,4600,53
Bryce Cabeldue,Marquez Valdes-Scantling,4600,19
Bryce Cabeldue,Marshall Lang,4600,70
Bryce Cabeldue,Mason Richman,4600,78
Bryce Cabeldue,Michael Jerrell,4600,69
Bryce Cabeldue,Nick Kallerup,4600,57
Bryce Cabeldue,Ricky White III,4600,56
Bryce Cabeldue,Sataoa Laumea,4600,60
Bryce Cabeldue,Tory Horton,4600,6
Bryce Cabeldue,Tyrone Broden,4600,61
Bryce Ganious,Anfernee Jennings,3200,8
Bryce Ganious,Bradyn Swinson,3200,8
Bryce Ganious,Brandon Crossley,3200,4
Bryce Ganious,Cam Riley,3200,8
Bryce Ganious,David Olajiga,3200,6
Bryce Ganious,Dell Pettus,3200,4
Bryce Ganious,Isaiah Bolden,3200,4
Bryce Ganious,Jahvaree Ritzie,3200,4
Bryce Ganious,Jordan Polk,3200,6
Bryce Ganious,Josh Minkins,3200,8
Bryce Ganious,Marcus Epps,3200,4
Bryce Ganious,R.J. Moten,3200,8
Bryce Ganious,Tre Avery,3200,8
Bryce Hall,Adam Gotsis,4900,7
Bryce Hall,Antonio Grier Jr.,4900,16
Bryce Hall,C.J. Brewer,4900,21
Bryce Hall,Chris Braswell,4900,39
Bryce Hall,Deion Jones,4900,22
Bryce Hall,Dvon J-Thomas,4900,6
Bryce Hall,Elijah Roberts,4900,27
Bryce Hall,Eric Banks,4900,20
Bryce Hall,Greg Gaines,4900,8
Bryce Hall,JJ Roberts,4900,21
Bryce Hall,John Bullock,4900,23
Bryce Hall,Jose Ramirez,4900,20
Bryce Hall,Kaevon Merriweather,4900,30
Bryce Hall,Kindle Vildor,4900,42
Bryce Hall,Markees Watts,4900,37
Bryce Hall,Mike Greene,4900,25
Bryce Hall,Nash Hutmacher,4900,6
Bryce Hall,Nick Jackson,4900,41
Bryce Hall,Rashad Wisdom,4900,44
Bryce Hall,Shilo Sanders,4900,30
Bryce Hall,Tre Avery,4900,4
Bryce Hall,Tyrek Funderburk,4900,5
Bryce Hall,Warren Peeples,4900,6
Bryce Hall,Will Brooks,4900,10
Bryce Huff,Alfred Collins,4500,14
Bryce Huff,CJ West,4500,4
Bryce Huff,Chase Lucas,4500,17
Bryce Huff,Dallis Flowers,4500,23
Bryce Huff,Darrell Luter Jr.,4500,8
Bryce Huff,Dee Winters,4500,23
Bryce Huff,Deommodore Lenoir,4500,13
Bryce Huff,Evan Anderson,4500,6
Bryce Huff,Jason Pinnock,4500,8
Bryce Huff,Ji'Ayir Brown,4500,15
Bryce Huff,Jonathan Garvin,4500,14
Bryce Huff,Kalia Davis,4500,16
Bryce Huff,Luke Gifford,4500,6
Bryce Huff,Marques Sigle,4500,23
Bryce Huff,Robert Beal Jr.,4500,1
Bryce Huff,Sebastian Valdez,4500,8
Bryce Huff,Tatum Bethune,4500,23
Bryce Huff,Trevis Gipson,4500,8
Bryce Oliver,Andrew Rupcich,2100,50
Bryce Oliver,Blake Hance,2100,20
Bryce Oliver,Brandon Allen,2100,41
Bryce Oliver,Brandon Crenshaw-Dickson,2100,18
Bryce Oliver,Brenden Jaimes,2100,41
Bryce Oliver,Cameron Ward,2100,3
Bryce Oliver,Chimere Dike,2100,32
Bryce Oliver,Corey Levin,2100,3
Bryce Oliver,Dan Moore Jr.,2100,1
Bryce Oliver,David Martin-Robinson,2100,17
Bryce Oliver,Elic Ayomanor,2100,19
Bryce Oliver,Gunnar Helm,2100,26
Bryce Oliver,JC Latham,2100,3
Bryce Oliver,Jackson Slater,2100,45
Bryce Oliver,Jaelyn Duncan,2100,21
Bryce Oliver,James Proche,2100,38
Bryce Oliver,Jermar Jefferson,2100,9
Bryce Oliver,Jha'Quan Jackson,2100,9
Bryce Oliver,John Ojukwu,2100,38
Bryce Oliver,Jordan Mims,2100,16
Bryce Oliver,Josh Whyle,2100,12
Bryce Oliver,Julius Chestnut,2100,23
Bryce Oliver,Kalel Mullings,2100,9
Bryce Oliver,Mason Kinsey,2100,10
Bryce Oliver,Olisaemeka Udoh,2100,37
Bryce Oliver,Peter Skoronski,2100,3
Bryce Oliver,Sam Mustipher,2100,15
Bryce Oliver,Thomas Odukoya,2100,13
Bryce Oliver,Trevor Siemian,2100,15
Bryce Oliver,Tyjae Spears,2100,2
Bryce Oliver,Van Jefferson,2100,1
Bryce Perkins,Brandon Walton,0750,29
Bryce Perkins,Bryce Pierre,0750,17
Bryce Perkins,Dominique Dafney,0750,17
Bryce Perkins,Emani Bailey,0750,14
Bryce Perkins,Ja'Seem Reed,0750,11
Bryce Perkins,Jacolby George,0750,18
Bryce Perkins,Jarrett Kingston,0750,29
Bryce Perkins,Jimmy Horn Jr.,0750,24
Bryce Perkins,Kayron Lynch-Adams,0750,15
Bryce Perkins,Kobe Hudson,0750,18
Bryce Perkins,Luke Kandra,0750,29
Bryce Perkins,Michael Tarquin,0750,29
Bryce Perkins,Steven Losoya,0750,29
Bryce Perkins,T.J. Luther,0750,11
Bryce Pierre,Brady Christensen,0750,6
Bryce Pierre,Brandon Walton,0750,28
Bryce Pierre,Bryce Perkins,0750,17
Bryce Pierre,Brycen Tremayne,0750,2
Bryce Pierre,Cade Mays,0750,2
Bryce Pierre,David Moore,0750,5
Bryce Pierre,Dominique Dafney,0750,8
Bryce Pierre,Emani Bailey,0750,15
Bryce Pierre,Hunter Renfrow,0750,4
Bryce Pierre,Ja'Seem Reed,0750,12
Bryce Pierre,Jack Plummer,0750,19
Bryce Pierre,Jacolby George,0750,17
Bryce Pierre,James Mitchell,0750,1
Bryce Pierre,Jarrett Kingston,0750,30
Bryce Pierre,Jimmy Horn Jr.,0750,15
Bryce Pierre,Kayron Lynch-Adams,0750,14
Bryce Pierre,Kobe Hudson,0750,28
Bryce Pierre,Luke Kandra,0750,36
Bryce Pierre,Michael Tarquin,0750,36
Bryce Pierre,Raheem Blackshear,0750,7
Bryce Pierre,Steven Losoya,0750,34
Bryce Pierre,T.J. Luther,0750,14
Bryce Pierre,Tyler Mabry,0750,2
Bryce Pierre,Yosh Nijman,0750,8
Bryce Young,Adam Thielen,0750,12
Bryce Young,Austin Corbett,0750,16
Bryce Young,Brycen Tremayne,0750,2
Bryce Young,Cade Mays,0750,5
Bryce Young,Chuba Hubbard,0750,10
Bryce Young,David Moore,0750,1
Bryce Young,Ikem Ekwonu,0750,16
Bryce Young,Ja'Tavion Sanders,0750,12
Bryce Young,Ja'Tyre Carter,0750,11
Bryce Young,Jalen Coker,0750,6
Bryce Young,Mitchell Evans,0750,8
Bryce Young,Rico Dowdle,0750,6
Bryce Young,Robert Hunt,0750,16
Bryce Young,Taylor Moton,0750,16
Bryce Young,Tetairoa McMillan,0750,15
Bryce Young,Xavier Legette,0750,8
Brycen Tremayne,Adam Thielen,0750,2
Brycen Tremayne,Andy Dalton,0750,2
Brycen Tremayne,Austin Corbett,0750,2
Brycen Tremayne,Brady Christensen,0750,29
Brycen Tremayne,Brandon Walton,0750,19
Brycen Tremayne,Bryce Pierre,0750,2
Brycen Tremayne,Bryce Young,0750,2
Brycen Tremayne,Cade Mays,0750,20
Brycen Tremayne,Chuba Hubbard,0750,1
Brycen Tremayne,David Moore,0750,28
Brycen Tremayne,Dominique Dafney,0750,7
Brycen Tremayne,Hunter Renfrow,0750,15
Brycen Tremayne,Ikem Ekwonu,0750,2
Brycen Tremayne,Ja'Tavion Sanders,0750,1
Brycen Tremayne,Ja'Tyre Carter,0750,18
Brycen Tremayne,Jack Plummer,0750,27
Brycen Tremayne,James Mitchell,0750,14
Brycen Tremayne,Jarrett Kingston,0750,29
Brycen Tremayne,Jimmy Horn Jr.,0750,7
Brycen Tremayne,Kobe Hudson,0750,2
Brycen Tremayne,Luke Kandra,0750,3
Brycen Tremayne,Michael Tarquin,0750,2
Brycen Tremayne,Mitchell Evans,0750,11
Brycen Tremayne,Raheem Blackshear,0750,5
Brycen Tremayne,Rico Dowdle,0750,1
Brycen Tremayne,Robert Hunt,0750,2
Brycen Tremayne,T.J. Luther,0750,2
Brycen Tremayne,Taylor Moton,0750,2
Brycen Tremayne,Tetairoa McMillan,0750,1
Brycen Tremayne,Trevor Etienne,0750,24
Brycen Tremayne,Tyler Mabry,0750,1
Brycen Tremayne,Yosh Nijman,0750,27
Bryson Green,Andre Baccellia,3800,6
Bryson Green,Bam Knight,3800,19
Bryson Green,Clayton Tune,3800,49
Bryson Green,DeeJay Dallas,3800,13
Bryson Green,Emari Demercado,3800,9
Bryson Green,Hayden Conner,3800,13
Bryson Green,Jake Curhan,3800,47
Bryson Green,Jeremiah Byers,3800,49
Bryson Green,Josh Fryar,3800,2
Bryson Green,Josiah Deguara,3800,30
Bryson Green,McClendon Curtis,3800,33
Bryson Green,Michael Carter,3800,8
Bryson Green,Nate McCollum,3800,29
Bryson Green,Nick Leverett,3800,16
Bryson Green,Oscar Cardenas,3800,28
Bryson Green,Royce Newman,3800,36
Bryson Green,Simi Fehoko,3800,6
Bryson Green,Sincere Haynesworth,3800,49
Bryson Green,Tejhaun Palmer,3800,34
Bryson Green,Travis Vokolek,3800,9
Bryson Green,Trishton Jackson,3800,5
Bryson Nesbit,Ben Yurosek,3000,1
Bryson Nesbit,Blake Brandel,3000,7
Bryson Nesbit,Brett Rypien,3000,18
Bryson Nesbit,Dontae Fleming,3000,19
Bryson Nesbit,Henry Byrd,3000,28
Bryson Nesbit,Jalen Nailor,3000,2
Bryson Nesbit,Jeshaun Jones,3000,38
Bryson Nesbit,Joe Huber,3000,72
Bryson Nesbit,Leroy Watson IV,3000,54
Bryson Nesbit,Logan Brown,3000,42
Bryson Nesbit,Lucky Jackson,3000,24
Bryson Nesbit,Max Brosmer,3000,46
Bryson Nesbit,Michael Gonzalez,3000,35
Bryson Nesbit,Michael Jurgens,3000,32
Bryson Nesbit,Myles Price,3000,39
Bryson Nesbit,Robert Lewis,3000,5
Bryson Nesbit,Sam Howell,3000,8
Bryson Nesbit,Silas Bolden,3000,12
Bryson Nesbit,Tai Felton,3000,16
Bryson Nesbit,Thayer Thomas,3000,31
Bryson Nesbit,Tim Jones,3000,29
Bryson Nesbit,Tre Stewart,3000,26
Bryson Nesbit,Ty Chandler,3000,2
Bryson Nesbit,Vershon Lee,3000,61
Bryson Nesbit,Walter Rouse,3000,14
Bryson Nesbit,Xazavian Valladay,3000,11
Bryson Nesbit,Zack Bailey,3000,10
Bryson Nesbit,Zavier Scott,3000,33
Bryson Nesbit,Zeke Correll,3000,5
Bub Means,Barry Wesley,3300,8
Bub Means,Cam Akers,3300,6
Bub Means,Cedrick Wilson Jr.,3300,6
Bub Means,Clyde Edwards-Helaire,3300,2
Bub Means,Dante Pettis,3300,2
Bub Means,Dillon Radunz,3300,8
Bub Means,Easton Kilty,3300,8
Bub Means,Jack Stoll,3300,3
Bub Means,Kevin Austin Jr.,3300,3
Bub Means,Kyle Hergel,3300,8
Bub Means,Mason Tipton,3300,4
Bub Means,Spencer Rattler,3300,5
Bub Means,Torricelli Simpkins III,3300,8
Bub Means,Treyton Welch,3300,5
Bub Means,Tyler Shough,3300,3
Bub Means,Velus Jones Jr.,3300,1
Bucky Irving,Ben Bredeson,4900,18
Bucky Irving,Cade Otton,4900,16
Bucky Irving,Charlie Heck,4900,18
Bucky Irving,Cody Mauch,4900,18
Bucky Irving,Emeka Egbuka,4900,18
Bucky Irving,Graham Barton,4900,18
Bucky Irving,Jalen McMillan,4900,6
Bucky Irving,Luke Goedeke,4900,18
Bucky Irving,Payne Durham,4900,4
Bucky Irving,Ryan Miller,4900,3
Bucky Irving,Sterling Shepard,4900,13
Bucky Irving,Teddy Bridgewater,4900,18
Bucky Irving,Tez Johnson,4900,12
Bucky Williams,Ahmani Marshall,1050,26
Bucky Williams,Brenden Bates,1050,23
Bucky Williams,Cade McDonald,1050,67
Bucky Williams,Chase Cota,1050,32
Bucky Williams,Dartanyan Tinsley,1050,46
Bucky Williams,Dillon Gabriel,1050,11
Bucky Williams,Diontae Johnson,1050,9
Bucky Williams,Gage Larvadain,1050,49
Bucky Williams,Jackson Barton,1050,11
Bucky Williams,Jamari Thrash,1050,11
Bucky Williams,Jason Ivey,1050,63
Bucky Williams,Javion Cohen,1050,42
Bucky Williams,Kaden Davis,1050,24
Bucky Williams,Kilian Zierer,1050,48
Bucky Williams,Kisean Johnson,1050,46
Bucky Williams,Lorenzo Thompson,1050,60
Bucky Williams,Mitch Van Vooren,1050,6
Bucky Williams,Mitchell Van Vooren,1050,4
Bucky Williams,Pierre Strong,1050,13
Bucky Williams,Roy Mbaeteka,1050,3
Bucky Williams,Sal Cannella,1050,73
Bucky Williams,Sebastian Gutierrez,1050,47
Bucky Williams,Shedeur Sanders,1050,23
Bucky Williams,Teven Jenkins,1050,13
Bucky Williams,Toa Taua,1050,20
Bucky Williams,Trayveon Williams,1050,27
Bucky Williams,Tyler Huntley,1050,52
Bucky Williams,Zak Zinter,1050,11
Bud Dupree,Alohi Gilman,4400,6
Bud Dupree,Benjamin St-Juste,4400,6
Bud Dupree,Daiyan Henley,4400,6
Bud Dupree,Denzel Perryman,4400,6
Bud Dupree,Donte Jackson,4400,6
Bud Dupree,Elijah Molden,4400,6
Bud Dupree,Otito Ogbonnia,4400,6
Bud Dupree,Tarheeb Still,4400,6
Bud Dupree,Teair Tart,4400,6
Bud Dupree,Tuli Tuipulotu,4400,6
Budda Baker,Akeem Davis-Gaither,3800,8
Budda Baker,Baron Browning,3800,10
Budda Baker,Dalvin Tomlinson,3800,5
Budda Baker,Dante Stills,3800,6
Budda Baker,Darius Robinson,3800,8
Budda Baker,Garrett Williams,3800,10
Budda Baker,Jalen Thompson,3800,10
Budda Baker,L.J. Collier,3800,2
Budda Baker,Mack Wilson,3800,10
Budda Baker,Max Melton,3800,10
Budda Baker,PJ Mustipher,3800,1
Budda Baker,Will Johnson,3800,10
Budda Baker,Zaven Collins,3800,10
Buddy Johnson,Alijah Clark,1200,48
Buddy Johnson,Andrew Booth,1200,8
Buddy Johnson,Bruce Harmon,1200,12
Buddy Johnson,Christian Matthew,1200,7
Buddy Johnson,Darius Harris,1200,20
Buddy Johnson,Denzel Daxon,1200,6
Buddy Johnson,Donovan Ezeiruaku,1200,10
Buddy Johnson,Earnest Brown IV,1200,12
Buddy Johnson,Israel Mukuamu,1200,27
Buddy Johnson,James Houston,1200,37
Buddy Johnson,Jay Toia,1200,23
Buddy Johnson,Justin Barron,1200,1
Buddy Johnson,Kemon Hall,1200,26
Buddy Johnson,Marist Liufau,1200,10
Buddy Johnson,Markquese Bell,1200,5
Buddy Johnson,Mazi Smith,1200,22
Buddy Johnson,Michael Ojemudia,1200,12
Buddy Johnson,Mike Smith Jr.,1200,41
Buddy Johnson,Payton Turner,1200,28
Buddy Johnson,Perrion Winfrey,1200,34
Buddy Johnson,Robert Rochell,1200,25
Buddy Johnson,Shemar James,1200,34
Buddy Johnson,Tommy Akingbesote,1200,12
Buddy Johnson,Troy Pride,1200,43
Buddy Johnson,Tyrus Wheat,1200,44
Buddy Johnson,Zion Childress,1200,23
Byron Murphy II,Boye Mafe,4600,10
Byron Murphy II,Brandon Pili,4600,3
Byron Murphy II,Coby Bryant,4600,10
Byron Murphy II,Derick Hall,4600,10
Byron Murphy II,Devon Witherspoon,4600,10
Byron Murphy II,Ernest Jones,4600,10
Byron Murphy II,Josh Jobe,4600,4
Byron Murphy II,Julian Love,4600,10
Byron Murphy II,Mike Morris,4600,4
Byron Murphy II,Nick Emmanwori,4600,6
Byron Murphy II,Patrick O'Connell,4600,9
Byron Murphy II,Quinton Bohanna,4600,4
Byron Murphy II,Riq Woolen,4600,10
Byron Young,Adoree' Jackson,3700,14
Byron Young,Andre' Sam,3700,33
Byron Young,Andrew Mukuba,3700,15
Byron Young,Antwaun Powell-Ryland,3700,5
Byron Young,Azeez Ojulari,3700,27
Byron Young,Brandon Johnson,3700,8
Byron Young,Dallas Gant,3700,10
Byron Young,Eli Ricks,3700,6
Byron Young,Gabe Hall,3700,28
Byron Young,Jacob Sykes,3700,10
Byron Young,Jakorian Bennett,3700,33
Byron Young,Jeremiah Trotter Jr.,3700,31
Byron Young,Jihaad Campbell,3700,16
Byron Young,Joe Evans,3700,5
Byron Young,Joshua Uche,3700,12
Byron Young,Kelee Ringo,3700,17
Byron Young,Lance Dixon,3700,15
Byron Young,Mac McWilliams,3700,33
Byron Young,Ochaun Mathis,3700,15
Byron Young,Ogbo Okoronkwo,3700,20
Byron Young,Parry Nickerson,3700,16
Byron Young,Patrick Johnson,3700,23
Byron Young,Smael Mondon Jr.,3700,30
Byron Young,Sydney Brown,3700,18
Byron Young,Tristin McCollum,3700,36
Byron Young,Ty Robinson,3700,34
C.J. Brewer,Adam Gotsis,4900,18
C.J. Brewer,Anthony Nelson,4900,11
C.J. Brewer,Antonio Grier Jr.,4900,15
C.J. Brewer,Bryce Hall,4900,21
C.J. Brewer,Chris Braswell,4900,42
C.J. Brewer,Christian Izien,4900,14
C.J. Brewer,Deion Jones,4900,27
C.J. Brewer,Elijah Roberts,4900,5
C.J. Brewer,Eric Banks,4900,3
C.J. Brewer,Greg Gaines,4900,32
C.J. Brewer,JJ Roberts,4900,7
C.J. Brewer,Jacob Parrish,4900,18
C.J. Brewer,JayVian Farr,4900,8
C.J. Brewer,John Bullock,4900,11
C.J. Brewer,Jose Ramirez,4900,16
C.J. Brewer,Josh Hayes,4900,11
C.J. Brewer,Kaevon Merriweather,4900,38
C.J. Brewer,Kindle Vildor,4900,44
C.J. Brewer,Markees Watts,4900,25
C.J. Brewer,Mike Greene,4900,7
C.J. Brewer,Nick Jackson,4900,30
C.J. Brewer,Rashad Wisdom,4900,33
C.J. Brewer,Shilo Sanders,4900,17
C.J. Brewer,SirVocea Dennis,4900,11
C.J. Brewer,Will Brooks,4900,6
C.J. Ham,Brian O'Neill,3000,3
C.J. Ham,Donovan Jackson,3000,3
C.J. Ham,J.J. McCarthy,3000,3
C.J. Ham,Jalen Nailor,3000,3
C.J. Ham,Jordan Addison,3000,3
C.J. Ham,Jordan Mason,3000,3
C.J. Ham,Josh Oliver,3000,3
C.J. Ham,Justin Skule,3000,3
C.J. Ham,Ryan Kelly,3000,3
C.J. Ham,Will Fries,3000,3
C.J. Hanson,Bailey Zappe,2310,42
C.J. Hanson,Brashard Smith,2310,41
C.J. Hanson,Carson Steele,2310,33
C.J. Hanson,Chris Oladokun,2310,36
C.J. Hanson,Chukwuebuka Godrick,2310,67
C.J. Hanson,Dalton Cooper,2310,36
C.J. Hanson,Elijah Mitchell,2310,22
C.J. Hanson,Elijah Young,2310,15
C.J. Hanson,Elijhah Badger,2310,19
C.J. Hanson,Esa Pole,2310,60
C.J. Hanson,Gardner Minshew,2310,30
C.J. Hanson,Geor'Quarius Spivey,2310,25
C.J. Hanson,Hal Presley,2310,26
C.J. Hanson,Hunter Nourzad,2310,72
C.J. Hanson,Jalen Royals,2310,15
C.J. Hanson,Jared Wiley,2310,41
C.J. Hanson,Jason Brownlee,2310,51
C.J. Hanson,Jaylon Moore,2310,26
C.J. Hanson,Jimmy Holiday,2310,29
C.J. Hanson,Joey Lombard,2310,36
C.J. Hanson,Key'Shawn Smith,2310,23
C.J. Hanson,Mac Dalena,2310,23
C.J. Hanson,Michael Wiley,2310,1
C.J. Hanson,Mike Caliendo,2310,72
C.J. Hanson,Nikko Remigio,2310,45
C.J. Hanson,Noah Gray,2310,1
C.J. Hanson,Robert Tonyan,2310,44
C.J. Hanson,Skyy Moore,2310,35
C.J. Hanson,Tre Watson,2310,39
C.J. Hanson,Tyquan Thornton,2310,12
C.J. Hanson,Wanya Morris,2310,63
C.J. Henderson,Bralen Trice,0200,19
C.J. Henderson,DeAngelo Malone,0200,5
C.J. Henderson,Dee Alford,0200,12
C.J. Henderson,Henry Black,0200,21
C.J. Henderson,JD Bertrand,0200,12
C.J. Henderson,Josh Thompson,0200,16
C.J. Henderson,Josh Woods,0200,11
C.J. Henderson,Keith Taylor,0200,9
C.J. Henderson,Kentavius Street,0200,12
C.J. Henderson,Khalid Kareem,0200,14
C.J. Henderson,LaCale London,0200,3
C.J. Henderson,Lamar Jackson,0200,5
C.J. Henderson,Mike Ford,0200,5
C.J. Henderson,Morgan Fox,0200,5
C.J. Henderson,Natrone Brooks,0200,15
C.J. Henderson,Nick Kubitz,0200,9
C.J. Henderson,Ronnie Harrison,0200,9
C.J. Henderson,Ronnie Perkins,0200,2
C.J. Henderson,Ruke Orhorhoro,0200,11
C.J. Henderson,Simeon Barrow Jr.,0200,2
C.J. Henderson,Zach Harrison,0200,13
C.J. Ravenell,Adedayo Odeleye,0325,3
C.J. Ravenell,Adisa Isaac,0325,15
C.J. Ravenell,Aeneas Peebles,0325,35
C.J. Ravenell,Basil Okoye,0325,37
C.J. Ravenell,Beau Brade,0325,38
C.J. Ravenell,Bilhal Kone,0325,3
C.J. Ravenell,Brent Urban,0325,4
C.J. Ravenell,Chandler Martin,0325,40
C.J. Ravenell,David Ojabo,0325,50
C.J. Ravenell,Desmond Igbinosun,0325,15
C.J. Ravenell,Jacob Hummel,0325,7
C.J. Ravenell,Jalyn Armour-Davis,0325,33
C.J. Ravenell,Jay Higgins,0325,40
C.J. Ravenell,Jayson Jones,0325,23
C.J. Ravenell,John Jenkins,0325,4
C.J. Ravenell,Kaimon Rucker,0325,38
C.J. Ravenell,Keondre Jackson,0325,35
C.J. Ravenell,Keyon Martin,0325,54
C.J. Ravenell,MJ Devonshire,0325,11
C.J. Ravenell,Malaki Starks,0325,7
C.J. Ravenell,Malik Hamm,0325,34
C.J. Ravenell,Marquise Robinson,0325,48
C.J. Ravenell,Mike Green,0325,38
C.J. Ravenell,Reuben Lowery,0325,61
C.J. Ravenell,Sanoussi Kane,0325,45
C.J. Ravenell,T.J. Tampa,0325,72
C.J. Ravenell,Teddye Buchanan,0325,48
C.J. Ravenell,Thomas Graham Jr.,0325,6
C.J. Ravenell,Trenton Simpson,0325,39
C.J. Ravenell,William Kwenkeu,0325,4
C.J. Stroud,Aireontae Ersery,2120,13
C.J. Stroud,Blake Fisher,2120,13
C.J. Stroud,Cade Stover,2120,9
C.J. Stroud,Christian Kirk,2120,9
C.J. Stroud,Dalton Schultz,2120,7
C.J. Stroud,Dare Ogunbowale,2120,2
C.J. Stroud,Ed Ingram,2120,13
C.J. Stroud,Jake Andrews,2120,13
C.J. Stroud,Jakob Johnson,2120,3
C.J. Stroud,Jayden Higgins,2120,2
C.J. Stroud,Jaylin Noel,2120,2
C.J. Stroud,Laken Tomlinson,2120,13
C.J. Stroud,Nick Chubb,2120,11
C.J. Stroud,Nico Collins,2120,11
C.J. Stroud,Xavier Hutchinson,2120,9
CJ Dippre,Alec Lindstrom,3200,40
CJ Dippre,Antonio Gibson,3200,2
CJ Dippre,Ben Brown,3200,3
CJ Dippre,Ben Wooldridge,3200,54
CJ Dippre,Caedan Wallace,3200,29
CJ Dippre,Cole Fotheringham,3200,23
CJ Dippre,Cole Strange,3200,15
CJ Dippre,Demontrey Jacobs,3200,51
CJ Dippre,Efton Chism III,3200,7
CJ Dippre,Gee Scott Jr.,3200,6
CJ Dippre,Ja'Lynn Polk,3200,2
CJ Dippre,JaMycal Hasty,3200,15
CJ Dippre,Jack Conley,3200,44
CJ Dippre,Jack Westover,3200,9
CJ Dippre,Jaheim Bell,3200,10
CJ Dippre,Jared Wilson,3200,4
CJ Dippre,Javon Baker,3200,27
CJ Dippre,Jeremiah Webb,3200,34
CJ Dippre,John Jiles,3200,34
CJ Dippre,Joshua Dobbs,3200,2
CJ Dippre,Kyle Williams,3200,6
CJ Dippre,Lan Larison,3200,8
CJ Dippre,Layden Robinson,3200,23
CJ Dippre,Marcus Bryant,3200,7
CJ Dippre,Mehki Butler,3200,25
CJ Dippre,Micah Bernard,3200,4
CJ Dippre,Phil Lutz,3200,10
CJ Dippre,Shane Watts,3200,22
CJ Dippre,Sidy Sow,3200,10
CJ Dippre,Terrell Jennings,3200,5
CJ Dippre,Tyrese Robinson,3200,19
CJ Dippre,Vederian Lowe,3200,10
CJ West,Alfred Collins,4500,15
CJ West,Bradlee Anae,4500,15
CJ West,Bryce Huff,4500,4
CJ West,Chase Lucas,4500,15
CJ West,Dallis Flowers,4500,24
CJ West,Darrell Luter Jr.,4500,24
CJ West,Dee Winters,4500,4
CJ West,Derrick Canteen,4500,20
CJ West,Jason Pinnock,4500,4
CJ West,Jaylen Mahoney,4500,6
CJ West,Jonathan Garvin,4500,17
CJ West,Kalia Davis,4500,9
CJ West,Luke Gifford,4500,9
CJ West,Marques Sigle,4500,18
CJ West,Nick Martin,4500,20
CJ West,Robert Beal Jr.,4500,12
CJ West,Stone Blanton,4500,2
CJ West,Tatum Bethune,4500,22
Cade Mays,Adam Thielen,0750,4
Cade Mays,Andy Dalton,0750,27
Cade Mays,Austin Corbett,0750,5
Cade Mays,Brady Christensen,0750,43
Cade Mays,Brandon Walton,0750,27
Cade Mays,Bryce Pierre,0750,2
Cade Mays,Bryce Young,0750,5
Cade Mays,Brycen Tremayne,0750,20
Cade Mays,Chuba Hubbard,0750,4
Cade Mays,David Moore,0750,23
Cade Mays,Dominique Dafney,0750,7
Cade Mays,Hunter Renfrow,0750,11
Cade Mays,Ikem Ekwonu,0750,5
Cade Mays,Ja'Tavion Sanders,0750,4
Cade Mays,Ja'Tyre Carter,0750,27
Cade Mays,Jack Plummer,0750,16
Cade Mays,Jalen Coker,0750,19
Cade Mays,James Mitchell,0750,23
Cade Mays,Jarrett Kingston,0750,30
Cade Mays,Jimmy Horn Jr.,0750,20
Cade Mays,Kobe Hudson,0750,2
Cade Mays,Luke Kandra,0750,2
Cade Mays,Michael Tarquin,0750,2
Cade Mays,Mitchell Evans,0750,21
Cade Mays,Raheem Blackshear,0750,9
Cade Mays,Rico Dowdle,0750,12
Cade Mays,Robert Hunt,0750,5
Cade Mays,T.J. Luther,0750,2
Cade Mays,Taylor Moton,0750,5
Cade Mays,Tetairoa McMillan,0750,23
Cade Mays,Trevor Etienne,0750,24
Cade Mays,Tyler Mabry,0750,1
Cade Mays,Xavier Legette,0750,9
Cade Mays,Yosh Nijman,0750,41
Cade McDonald,Ahmani Marshall,1050,24
Cade McDonald,Brenden Bates,1050,20
Cade McDonald,Bucky Williams,1050,67
Cade McDonald,Chase Cota,1050,30
Cade McDonald,Cornelius Lucas,1050,2
Cade McDonald,Dartanyan Tinsley,1050,40
Cade McDonald,Diontae Johnson,1050,2
Cade McDonald,Dylan Sampson,1050,1
Cade McDonald,Gage Larvadain,1050,42
Cade McDonald,Jackson Barton,1050,10
Cade McDonald,Jamari Thrash,1050,2
Cade McDonald,Jason Ivey,1050,56
Cade McDonald,Javion Cohen,1050,46
Cade McDonald,Kaden Davis,1050,22
Cade McDonald,Kilian Zierer,1050,42
Cade McDonald,Kisean Johnson,1050,44
Cade McDonald,Lorenzo Thompson,1050,64
Cade McDonald,Luke Floriea,1050,3
Cade McDonald,Luke Wypler,1050,10
Cade McDonald,Mitch Van Vooren,1050,1
Cade McDonald,Mitchell Van Vooren,1050,4
Cade McDonald,Pierre Strong,1050,11
Cade McDonald,Roy Mbaeteka,1050,3
Cade McDonald,Sal Cannella,1050,62
Cade McDonald,Sebastian Gutierrez,1050,41
Cade McDonald,Shedeur Sanders,1050,31
Cade McDonald,Teven Jenkins,1050,4
Cade McDonald,Toa Taua,1050,20
Cade McDonald,Trayveon Williams,1050,20
Cade McDonald,Tyler Huntley,1050,46
Cade Otton,Ben Bredeson,4900,17
Cade Otton,Bucky Irving,4900,16
Cade Otton,Charlie Heck,4900,17
Cade Otton,Cody Mauch,4900,17
Cade Otton,Emeka Egbuka,4900,17
Cade Otton,Graham Barton,4900,17
Cade Otton,Jalen McMillan,4900,6
Cade Otton,Luke Goedeke,4900,17
Cade Otton,Payne Durham,4900,2
Cade Otton,Ryan Miller,4900,1
Cade Otton,Sean Tucker,4900,1
Cade Otton,Sterling Shepard,4900,14
Cade Otton,Teddy Bridgewater,4900,17
Cade Otton,Tez Johnson,4900,11
Cade Stover,Aireontae Ersery,2120,20
Cade Stover,Austin Deculus,2120,3
Cade Stover,Blake Fisher,2120,25
Cade Stover,Braxton Berrios,2120,2
Cade Stover,Brevin Jordan,2120,5
Cade Stover,C.J. Stroud,2120,9
Cade Stover,Christian Kirk,2120,5
Cade Stover,Dalton Schultz,2120,7
Cade Stover,Dare Ogunbowale,2120,7
Cade Stover,Davis Mills,2120,14
Cade Stover,Ed Ingram,2120,25
Cade Stover,Jake Andrews,2120,20
Cade Stover,Jakob Johnson,2120,8
Cade Stover,Jarrett Patterson,2120,8
Cade Stover,Jayden Higgins,2120,19
Cade Stover,Jaylin Noel,2120,5
Cade Stover,Jaylon Thomas,2120,3
Cade Stover,John Metchie III,2120,6
Cade Stover,Juice Scruggs,2120,15
Cade Stover,Justin Watson,2120,2
Cade Stover,Kedon Slovis,2120,5
Cade Stover,Laken Tomlinson,2120,13
Cade Stover,Nick Chubb,2120,9
Cade Stover,Nico Collins,2120,7
Cade Stover,Woody Marks,2120,12
Cade Stover,Xavier Hutchinson,2120,18
Cade Stover,Zach Thomas,2120,8
Caden Prieskorn,A.T. Perry,1400,5
Caden Prieskorn,Adam Prentice,1400,7
Caden Prieskorn,Adam Trautman,1400,1
Caden Prieskorn,Alex Forsyth,1400,18
Caden Prieskorn,Alex Palczewski,1400,18
Caden Prieskorn,Audric EstimÃ©,1400,25
Caden Prieskorn,Blake Watson,1400,20
Caden Prieskorn,Caleb Lohner,1400,28
Caden Prieskorn,Calvin Throckmorton,1400,18
Caden Prieskorn,Clay Webb,1400,40
Caden Prieskorn,Courtney Jackson,1400,21
Caden Prieskorn,Frank Crum,1400,17
Caden Prieskorn,Jaleel McLaughlin,1400,4
Caden Prieskorn,Jarrett Stidham,1400,13
Caden Prieskorn,Jerjuan Newton,1400,27
Caden Prieskorn,Joaquin Davis,1400,30
Caden Prieskorn,Joseph Michalski,1400,46
Caden Prieskorn,Kyrese Rowan,1400,10
Caden Prieskorn,Lucas Krull,1400,19
Caden Prieskorn,Marques Cox,1400,46
Caden Prieskorn,Matt Peart,1400,18
Caden Prieskorn,Michael Bandy,1400,11
Caden Prieskorn,Nick Gargiulo,1400,12
Caden Prieskorn,Pat Bryant,1400,18
Caden Prieskorn,RJ Harvey,1400,1
Caden Prieskorn,Sam Ehlinger,1400,51
Caden Prieskorn,Trent Sherfield,1400,4
Caden Prieskorn,Troy Franklin,1400,10
Caden Prieskorn,Tyler Badie,1400,14
Caden Prieskorn,Will Sherman,1400,50
Caden Prieskorn,Xavier Truss,1400,37
Caedan Wallace,Alec Lindstrom,3200,26
Caedan Wallace,Ben Wooldridge,3200,55
Caedan Wallace,CJ Dippre,3200,29
Caedan Wallace,Cole Fotheringham,3200,18
Caedan Wallace,Cole Strange,3200,29
Caedan Wallace,Demontrey Jacobs,3200,55
Caedan Wallace,Gee Scott Jr.,3200,15
Caedan Wallace,JaMycal Hasty,3200,22
Caedan Wallace,Jack Conley,3200,32
Caedan Wallace,Jack Westover,3200,18
Caedan Wallace,Jaheim Bell,3200,9
Caedan Wallace,Javon Baker,3200,28
Caedan Wallace,Jeremiah Webb,3200,33
Caedan Wallace,John Jiles,3200,37
Caedan Wallace,Layden Robinson,3200,10
Caedan Wallace,Mehki Butler,3200,10
Caedan Wallace,Micah Bernard,3200,8
Caedan Wallace,Phil Lutz,3200,33
Caedan Wallace,Shane Watts,3200,25
Caedan Wallace,Sidy Sow,3200,23
Caedan Wallace,Tyrese Robinson,3200,12
Caedan Wallace,Vederian Lowe,3200,23
Caleb Etienne,Andrew Coker,0920,63
Caleb Etienne,Andrew Raym,0920,20
Caleb Etienne,Andrew Stueber,0920,45
Caleb Etienne,Cam Grandy,0920,14
Caleb Etienne,Cole Burgess,0920,24
Caleb Etienne,Desmond Ridder,0920,59
Caleb Etienne,Gary Brightwell,0920,28
Caleb Etienne,Isaiah Williams,0920,28
Caleb Etienne,Jalen Rivers,0920,18
Caleb Etienne,Jamoi Mayes,0920,27
Caleb Etienne,Jaxson Kirkland,0920,63
Caleb Etienne,Jermaine Burton,0920,15
Caleb Etienne,Jordan Moore,0920,25
Caleb Etienne,Kendall Milton,0920,27
Caleb Etienne,Kendric Pryor,0920,37
Caleb Etienne,Matt Lee,0920,29
Caleb Etienne,Payton Thorne,0920,4
Caleb Etienne,Quali Conley,0920,3
Caleb Etienne,Rashod Owens,0920,26
Caleb Etienne,Seth McLaughlin,0920,14
Caleb Etienne,Tahj Brooks,0920,5
Caleb Etienne,Tanner Hudson,0920,11
Caleb Etienne,Tanner McLachlan,0920,45
Caleb Johnson,Arnold Ebiketie,0200,3
Caleb Johnson,Billy Bowman Jr.,0200,19
Caleb Johnson,Bralen Trice,0200,14
Caleb Johnson,Brandon Dorlus,0200,20
Caleb Johnson,Cobee Bryant,0200,13
Caleb Johnson,DeAngelo Malone,0200,42
Caleb Johnson,Dee Alford,0200,8
Caleb Johnson,Dontae Manning,0200,33
Caleb Johnson,Henry Black,0200,38
Caleb Johnson,James Pearce Jr.,0200,35
Caleb Johnson,Jordan Fuller,0200,15
Caleb Johnson,Josh Thompson,0200,46
Caleb Johnson,Kentavius Street,0200,27
Caleb Johnson,Khalid Kareem,0200,13
Caleb Johnson,LaCale London,0200,24
Caleb Johnson,Lamar Jackson,0200,47
Caleb Johnson,Mike Ford,0200,31
Caleb Johnson,Morgan Fox,0200,17
Caleb Johnson,Natrone Brooks,0200,25
Caleb Johnson,Nick Kubitz,0200,18
Caleb Johnson,Ronnie Harrison,0200,34
Caleb Johnson,Ruke Orhorhoro,0200,14
Caleb Johnson,Simeon Barrow Jr.,0200,26
Caleb Johnson,Ta'Quon Graham,0200,4
Caleb Johnson,Xavier Watts,0200,23
Caleb Johnson,Zach Harrison,0200,21
Caleb Lohner,A.T. Perry,1400,6
Caleb Lohner,Adam Prentice,1400,2
Caleb Lohner,Alex Forsyth,1400,7
Caleb Lohner,Alex Palczewski,1400,7
Caleb Lohner,Audric EstimÃ©,1400,32
Caleb Lohner,Blake Watson,1400,34
Caleb Lohner,Caden Prieskorn,1400,28
Caleb Lohner,Calvin Throckmorton,1400,5
Caleb Lohner,Clay Webb,1400,52
Caleb Lohner,Courtney Jackson,1400,36
Caleb Lohner,Devaughn Vele,1400,1
Caleb Lohner,Frank Crum,1400,28
Caleb Lohner,Jarrett Stidham,1400,6
Caleb Lohner,Jerjuan Newton,1400,31
Caleb Lohner,Joaquin Davis,1400,42
Caleb Lohner,Joseph Michalski,1400,63
Caleb Lohner,Kyrese Rowan,1400,24
Caleb Lohner,Lucas Krull,1400,3
Caleb Lohner,Marques Cox,1400,63
Caleb Lohner,Matt Peart,1400,7
Caleb Lohner,Michael Bandy,1400,21
Caleb Lohner,Nick Gargiulo,1400,13
Caleb Lohner,Pat Bryant,1400,9
Caleb Lohner,Sam Ehlinger,1400,64
Caleb Lohner,Trent Sherfield,1400,5
Caleb Lohner,Troy Franklin,1400,1
Caleb Lohner,Tyler Badie,1400,4
Caleb Lohner,Will Sherman,1400,62
Caleb Lohner,Xavier Truss,1400,43
Caleb Murphy,Alohi Gilman,4400,2
Caleb Murphy,Benjamin St-Juste,4400,8
Caleb Murphy,Cam Hart,4400,3
Caleb Murphy,Christopher Hinton,4400,31
Caleb Murphy,Da'Shawn Hand,4400,11
Caleb Murphy,Daiyan Henley,4400,3
Caleb Murphy,Deane Leonard,4400,15
Caleb Murphy,Del'Shawn Phillips,4400,8
Caleb Murphy,Denzel Perryman,4400,3
Caleb Murphy,Donte Jackson,4400,3
Caleb Murphy,Elijah Molden,4400,3
Caleb Murphy,Emany Johnson,4400,44
Caleb Murphy,Eric Rogers,4400,16
Caleb Murphy,Harrison Hand,4400,1
Caleb Murphy,Ja'Sir Taylor,4400,66
Caleb Murphy,Jamaree Caldwell,4400,39
Caleb Murphy,Jaylen Jones,4400,2
Caleb Murphy,Jordan Oladokun,4400,8
Caleb Murphy,Josh Fuga,4400,5
Caleb Murphy,Junior Colson,4400,38
Caleb Murphy,Justin Eboigbe,4400,27
Caleb Murphy,Kana'i Mauga,4400,14
Caleb Murphy,Kendall Williamson,4400,63
Caleb Murphy,Kylan Guidry,4400,20
Caleb Murphy,Kyle Kennard,4400,6
Caleb Murphy,Marlowe Wax,4400,57
Caleb Murphy,Myles Purchase,4400,24
Caleb Murphy,Naquan Jones,4400,28
Caleb Murphy,Nehemiah Shelton,4400,1
Caleb Murphy,Nesta Jade Silvera,4400,14
Caleb Murphy,Nikko Reed,4400,55
Caleb Murphy,Otito Ogbonnia,4400,8
Caleb Murphy,R.J. Mickens,4400,82
Caleb Murphy,Scott Matlock,4400,17
Caleb Murphy,Tarheeb Still,4400,8
Caleb Murphy,TeRah Edwards,4400,26
Caleb Murphy,Tony Jefferson,4400,33
Caleb Murphy,Tre'Mon Morris-Brash,4400,71
Caleb Murphy,Trikweze Bridges,4400,72
Caleb Murphy,Troy Dye,4400,25
Caleb Rogers,Aidan O'Connell,2520,82
Caleb Rogers,Albert Okwuegbunam,2520,8
Caleb Rogers,Alex Bachman,2520,66
Caleb Rogers,Alex Cappa,2520,10
Caleb Rogers,Ashton Jeanty,2520,4
Caleb Rogers,Atonio Mafi,2520,50
Caleb Rogers,Cam Miller,2520,23
Caleb Rogers,Carter Runyon,2520,33
Caleb Rogers,Charles Grant,2520,99
Caleb Rogers,Chris Collier,2520,13
Caleb Rogers,Collin Johnson,2520,52
Caleb Rogers,DJ Glaze,2520,6
Caleb Rogers,Dont'e Thornton Jr.,2520,27
Caleb Rogers,Dylan Laube,2520,14
Caleb Rogers,Gottlieb Ayedze,2520,14
Caleb Rogers,Ian Thomas,2520,34
Caleb Rogers,Jack Bech,2520,63
Caleb Rogers,Jackson Powers-Johnson,2520,31
Caleb Rogers,Jordan Meredith,2520,31
Caleb Rogers,Justin Shorter,2520,26
Caleb Rogers,Ketron Jackson Jr.,2520,1
Caleb Rogers,Michael Mayer,2520,5
Caleb Rogers,Phillip Dorsett,2520,43
Caleb Rogers,Qadir Ismail,2520,27
Caleb Rogers,Raheem Mostert,2520,24
Caleb Rogers,Shedrick Jackson,2520,35
Caleb Rogers,Sincere McCormick,2520,28
Caleb Rogers,Thayer Munford Jr.,2520,105
Caleb Rogers,Will Putnam,2520,74
Caleb Rogers,Zamir White,2520,22
Caleb Williams,Braxton Jones,0810,39
Caleb Williams,Brittain Brown,0810,10
Caleb Williams,Cole Kmet,0810,24
Caleb Williams,Colston Loveland,0810,28
Caleb Williams,D'Andre Swift,0810,18
Caleb Williams,DJ Moore,0810,38
Caleb Williams,Darnell Wright,0810,39
Caleb Williams,Deion Hankins,0810,11
Caleb Williams,Drew Dalman,0810,39
Caleb Williams,Jonah Jackson,0810,39
Caleb Williams,Luke Newman,0810,39
Caleb Williams,Luther Burden III,0810,1
Caleb Williams,Olamide Zaccheaus,0810,26
Caleb Williams,Rome Odunze,0810,39
Calen Bullock,Azeez Al-Shaair,2120,11
Calen Bullock,Danielle Hunter,2120,9
Calen Bullock,Darrell Taylor,2120,2
Calen Bullock,Derek Stingley Jr.,2120,10
Calen Bullock,Dylan Horton,2120,2
Calen Bullock,E.J. Speed,2120,4
Calen Bullock,Henry To'oTo'o,2120,9
Calen Bullock,Jalen Pitre,2120,11
Calen Bullock,Jaylin Smith,2120,1
Calen Bullock,Kamari Lassiter,2120,11
Calen Bullock,M.J. Stewart,2120,9
Calen Bullock,Mario Edwards,2120,3
Calen Bullock,Sheldon Rankins,2120,9
Calen Bullock,Tim Settle,2120,8
Calen Bullock,Tommy Togiai,2120,2
Calen Bullock,Will Anderson Jr.,2120,9
Calijah Kancey,Christian Izien,4900,7
Calijah Kancey,Deion Jones,4900,7
Calijah Kancey,Haason Reddick,4900,7
Calijah Kancey,Jacob Parrish,4900,5
Calijah Kancey,Jamel Dean,4900,7
Calijah Kancey,Logan Hall,4900,2
Calijah Kancey,SirVocea Dennis,4900,7
Calijah Kancey,Tykee Smith,4900,7
Calijah Kancey,Vita Vea,4900,7
Calijah Kancey,Yaya Diaby,4900,7
Calijah Kancey,Zyon McCollum,4900,7
Calvin Ridley,Andrew Rupcich,2100,10
Calvin Ridley,Cameron Ward,2100,10
Calvin Ridley,Chig Okonkwo,2100,10
Calvin Ridley,Corey Levin,2100,10
Calvin Ridley,Dan Moore Jr.,2100,10
Calvin Ridley,Gunnar Helm,2100,2
Calvin Ridley,JC Latham,2100,10
Calvin Ridley,Peter Skoronski,2100,10
Calvin Ridley,Tony Pollard,2100,7
Calvin Ridley,Tyjae Spears,2100,3
Calvin Ridley,Tyler Lockett,2100,8
Calvin Ridley,Van Jefferson,2100,10
Calvin Throckmorton,A.T. Perry,1400,3
Calvin Throckmorton,Adam Prentice,1400,6
Calvin Throckmorton,Adam Trautman,1400,5
Calvin Throckmorton,Alex Forsyth,1400,80
Calvin Throckmorton,Alex Palczewski,1400,80
Calvin Throckmorton,Audric EstimÃ©,1400,8
Calvin Throckmorton,Blake Watson,1400,20
Calvin Throckmorton,Caden Prieskorn,1400,18
Calvin Throckmorton,Caleb Lohner,1400,5
Calvin Throckmorton,Devaughn Vele,1400,10
Calvin Throckmorton,Evan Engram,1400,9
Calvin Throckmorton,Frank Crum,1400,38
Calvin Throckmorton,Jaleel McLaughlin,1400,13
Calvin Throckmorton,Jarrett Stidham,1400,50
Calvin Throckmorton,Jerjuan Newton,1400,31
Calvin Throckmorton,Kyrese Rowan,1400,2
Calvin Throckmorton,Lucas Krull,1400,62
Calvin Throckmorton,Marvin Mims Jr.,1400,1
Calvin Throckmorton,Matt Peart,1400,80
Calvin Throckmorton,Michael Bandy,1400,35
Calvin Throckmorton,Nick Gargiulo,1400,20
Calvin Throckmorton,Pat Bryant,1400,71
Calvin Throckmorton,RJ Harvey,1400,10
Calvin Throckmorton,Sam Ehlinger,1400,30
Calvin Throckmorton,Trent Sherfield,1400,26
Calvin Throckmorton,Troy Franklin,1400,36
Calvin Throckmorton,Tyler Badie,1400,29
Calvin Throckmorton,Will Sherman,1400,22
Cam Akers,Barry Wesley,3300,30
Cam Akers,Bub Means,3300,6
Cam Akers,Cedrick Wilson Jr.,3300,34
Cam Akers,Cesar Ruiz,3300,6
Cam Akers,Chris Olave,3300,4
Cam Akers,Dante Pettis,3300,11
Cam Akers,Dillon Radunz,3300,24
Cam Akers,Easton Kilty,3300,33
Cam Akers,Jack Stoll,3300,10
Cam Akers,Jake Haener,3300,5
Cam Akers,Jonathan Mendoza,3300,11
Cam Akers,Josiah Ezirim,3300,5
Cam Akers,Kelvin Banks Jr.,3300,7
Cam Akers,Kevin Austin Jr.,3300,27
Cam Akers,Kyle Hergel,3300,23
Cam Akers,Landon Young,3300,9
Cam Akers,Mason Tipton,3300,32
Cam Akers,Michael Jacobson,3300,6
Cam Akers,Moliki Matavao,3300,18
Cam Akers,Rashid Shaheed,3300,4
Cam Akers,Shane Lemieux,3300,13
Cam Akers,Spencer Rattler,3300,16
Cam Akers,Taliese Fuaga,3300,4
Cam Akers,Torricelli Simpkins III,3300,42
Cam Akers,Trevor Penning,3300,3
Cam Akers,Treyton Welch,3300,14
Cam Akers,Tyler Shough,3300,21
Cam Akers,Velus Jones Jr.,3300,2
Cam Camper,Austin Trammell,2250,7
Cam Camper,Bhayshul Tuten,2250,2
Cam Camper,Chandler Brayboy,2250,29
Cam Camper,Dorian Singer,2250,31
Cam Camper,Eli Pancol,2250,1
Cam Camper,Fred Johnson,2250,3
Cam Camper,Ja'Quinden Jackson,2250,23
Cam Camper,Javon Foster,2250,41
Cam Camper,Jerome Carvin,2250,25
Cam Camper,John Copenhaver,2250,15
Cam Camper,John Wolford,2250,12
Cam Camper,Jonah Monheim,2250,19
Cam Camper,Joshua Cephus,2250,3
Cam Camper,Kevin Harris,2250,11
Cam Camper,LeQuint Allen Jr.,2250,8
Cam Camper,Luke Fortner,2250,3
Cam Camper,Patrick Herbert,2250,25
Cam Camper,Quintin Morris,2250,10
Cam Camper,Ricky Lee,2250,41
Cam Camper,Sal Wormley,2250,44
Cam Camper,Seth Henigan,2250,32
Cam Camper,Shawn Bowman,2250,11
Cam Camper,Tremayne Anchrum,2250,41
Cam Camper,Wyatt Milum,2250,3
Cam Gill,Ambry Thomas,3000,40
Cam Gill,Austin Keys,3000,33
Cam Gill,Bo Richter,3000,3
Cam Gill,Chaz Chambliss,3000,55
Cam Gill,Dorian Mausi,3000,36
Cam Gill,Dwight McGlothern,3000,27
Cam Gill,Elijah Williams,3000,23
Cam Gill,Gervarrius Owens,3000,23
Cam Gill,Jay Ward,3000,18
Cam Gill,Jonathan Harris,3000,37
Cam Gill,Kahlef Hailassie,3000,20
Cam Gill,Keenan Garber,3000,12
Cam Gill,Kobe King,3000,36
Cam Gill,Levi Drake Rodriguez,3000,20
Cam Gill,Mekhi Blackmon,3000,18
Cam Gill,Mishael Powell,3000,40
Cam Gill,Reddy Steward,3000,29
Cam Gill,Taki Taimani,3000,15
Cam Gill,Tavierre Thomas,3000,18
Cam Gill,Travis Bell,3000,33
Cam Gill,Tyler Batty,3000,3
Cam Gill,Tyrion Ingram-Dawkins,3000,23
Cam Gill,Zemaiah Vaughn,3000,18
Cam Grandy,Amarius Mims,0920,6
Cam Grandy,Andrei Iosivas,0920,2
Cam Grandy,Andrew Coker,0920,37
Cam Grandy,Andrew Raym,0920,35
Cam Grandy,Andrew Stueber,0920,34
Cam Grandy,Caleb Etienne,0920,14
Cam Grandy,Charlie Jones,0920,17
Cam Grandy,Chase Brown,0920,5
Cam Grandy,Cody Ford,0920,8
Cam Grandy,Cole Burgess,0920,14
Cam Grandy,Cordell Volson,0920,10
Cam Grandy,Desmond Ridder,0920,12
Cam Grandy,Devin Cochran,0920,10
Cam Grandy,Drew Sample,0920,5
Cam Grandy,Dylan Fairchild,0920,6
Cam Grandy,Gary Brightwell,0920,9
Cam Grandy,Isaiah Williams,0920,19
Cam Grandy,Ja'Marr Chase,0920,6
Cam Grandy,Jake Browning,0920,27
Cam Grandy,Jalen Rivers,0920,30
Cam Grandy,Jamoi Mayes,0920,11
Cam Grandy,Jaxson Kirkland,0920,39
Cam Grandy,Jermaine Burton,0920,11
Cam Grandy,Joe Burrow,0920,6
Cam Grandy,Jordan Moore,0920,12
Cam Grandy,Kendall Milton,0920,10
Cam Grandy,Kendric Pryor,0920,17
Cam Grandy,Lucas Patrick,0920,6
Cam Grandy,Matt Lee,0920,7
Cam Grandy,Mitchell Tinsley,0920,9
Cam Grandy,Orlando Brown,0920,6
Cam Grandy,Payton Thorne,0920,8
Cam Grandy,Quali Conley,0920,8
Cam Grandy,Rashod Owens,0920,15
Cam Grandy,Samaje Perine,0920,1
Cam Grandy,Seth McLaughlin,0920,11
Cam Grandy,Tahj Brooks,0920,21
Cam Grandy,Tanner McLachlan,0920,16
Cam Grandy,Ted Karras,0920,6
Cam Grandy,Tee Higgins,0920,4
Cam Hart,Caleb Murphy,4400,3
Cam Hart,Christopher Hinton,4400,3
Cam Hart,Del'Shawn Phillips,4400,6
Cam Hart,Ja'Sir Taylor,4400,4
Cam Hart,Jamaree Caldwell,4400,3
Cam Hart,Justin Eboigbe,4400,3
Cam Hart,Kylan Guidry,4400,3
Cam Hart,Kyle Kennard,4400,3
Cam Hart,Marlowe Wax,4400,6
Cam Hart,Naquan Jones,4400,2
Cam Hart,Nesta Jade Silvera,4400,2
Cam Hart,Nikko Reed,4400,4
Cam Hart,R.J. Mickens,4400,6
Cam Hart,TeRah Edwards,4400,3
Cam Hart,Tony Jefferson,4400,6
Cam Hart,Tre'Mon Morris-Brash,4400,3
Cam Horsley,Ali Gaye,2100,61
Cam Horsley,Amani Oruwariye,2100,37
Cam Horsley,Amari Burney,2100,40
Cam Horsley,Blake Lynch,2100,15
Cam Horsley,Brian Asamoah II,2100,10
Cam Horsley,Cedric Gray,2100,16
Cam Horsley,Clarence Lewis,2100,30
Cam Horsley,Curtis Jacobs,2100,37
Cam Horsley,David Gbenda,2100,16
Cam Horsley,Davion Ross,2100,38
Cam Horsley,Desmond Evans,2100,29
Cam Horsley,Gabe Jeudy-Lally,2100,30
Cam Horsley,Isaiah Raikes,2100,1
Cam Horsley,Jalen Kimber,2100,24
Cam Horsley,James Lynch,2100,1
Cam Horsley,James Williams,2100,20
Cam Horsley,Jaylen Harrell,2100,23
Cam Horsley,Jermari Harris,2100,27
Cam Horsley,Jihad Ward,2100,10
Cam Horsley,Joe Gaziano,2100,38
Cam Horsley,Joshuah Bledsoe,2100,54
Cam Horsley,Josiah Bronson,2100,11
Cam Horsley,Julius Wood,2100,53
Cam Horsley,Kendell Brooks,2100,17
Cam Horsley,Marcus Harris,2100,30
Cam Horsley,Mike Brown,2100,30
Cam Horsley,Oluwafemi Oladejo,2100,5
Cam Horsley,Philip Blidi,2100,11
Cam Horsley,T.J. Smith,2100,1
Cam Horsley,Timmy Horne,2100,55
Cam Jackson,Akayleb Evans,0750,12
Cam Jackson,Bam Martin-Scott,0750,31
Cam Jackson,Carlos Basham,0750,29
Cam Jackson,Claudin Cherelus,0750,5
Cam Jackson,Corey Thornton,0750,12
Cam Jackson,DJ Johnson,0750,9
Cam Jackson,Demani Richardson,0750,17
Cam Jackson,Isaac Gifford,0750,31
Cam Jackson,J.J. Weaver,0750,17
Cam Jackson,JaTravis Broughton,0750,19
Cam Jackson,Jack Henderson,0750,26
Cam Jackson,Jacoby Windmon,0750,20
Cam Jackson,Jaden Crumedy,0750,18
Cam Jackson,Jared Harrison-Hunte,0750,29
Cam Jackson,Jon Rhattigan,0750,10
Cam Jackson,Krys Barnes,0750,28
Cam Jackson,Lathan Ransom,0750,22
Cam Jackson,Mapalo Mwansa,0750,5
Cam Jackson,Mello Dotson,0750,21
Cam Jackson,Michael Reid,0750,9
Cam Jackson,Princely Umanmielen,0750,6
Cam Jackson,Sam Roberts,0750,22
Cam Jackson,Shemar Bartholomew,0750,12
Cam Jackson,Shy Tuttle,0750,1
Cam Jackson,Thomas Incoom,0750,32
Cam Jackson,Tre Swilling,0750,27
Cam Jackson,Trevian Thomas,0750,10
Cam Jones,Ashton Gillotte,2310,49
Cam Jones,Brandon George,2310,4
Cam Jones,Bryan Cook,2310,11
Cam Jones,Chamarri Conner,2310,1
Cam Jones,Charles Omenihu,2310,15
Cam Jones,Chris Jones,2310,1
Cam Jones,Christian Roland-Wallace,2310,44
Cam Jones,Cole Christiansen,2310,32
Cam Jones,Cooper McDonald,2310,15
Cam Jones,Coziah Izzard,2310,7
Cam Jones,Fabien Lovett Sr.,2310,15
Cam Jones,Felix Anudike-Uzomah,2310,24
Cam Jones,George Karlaftis,2310,1
Cam Jones,Glendon Miller,2310,24
Cam Jones,Jack Cochrane,2310,2
Cam Jones,Jaden Hicks,2310,27
Cam Jones,Jaylen Watson,2310,10
Cam Jones,Jeffrey Bassa,2310,25
Cam Jones,Jerry Tillery,2310,32
Cam Jones,Joshua Williams,2310,27
Cam Jones,Kevin Knowles,2310,4
Cam Jones,Kristian Fulton,2310,20
Cam Jones,Leo Chenal,2310,1
Cam Jones,Major Williams,2310,11
Cam Jones,Malik Herring,2310,33
Cam Jones,Marlon Tuipulotu,2310,33
Cam Jones,Melvin Smith Jr.,2310,12
Cam Jones,Mike Edwards,2310,28
Cam Jones,Mike Pennel,2310,5
Cam Jones,Nate Matlack,2310,3
Cam Jones,Nazeeh Johnson,2310,10
Cam Jones,Nick Bolton,2310,1
Cam Jones,Nohl Williams,2310,34
Cam Jones,Omarr Norman-Lott,2310,18
Cam Jones,Trent McDuffie,2310,1
Cam Lampkin,A.J. Green,2510,10
Cam Lampkin,Bill Norton,2510,36
Cam Lampkin,Brennan Jackson,2510,66
Cam Lampkin,Charles Woods,2510,65
Cam Lampkin,Da'Jon Terry,2510,29
Cam Lampkin,Decarius Hawthorne,2510,32
Cam Lampkin,Derion Kendrick,2510,59
Cam Lampkin,Desjuan Johnson,2510,69
Cam Lampkin,Elias Neal,2510,51
Cam Lampkin,Jack Heflin,2510,58
Cam Lampkin,Jamil Muhammad,2510,41
Cam Lampkin,Josaiah Stewart,2510,7
Cam Lampkin,Josh Pearcy,2510,35
Cam Lampkin,Josh Wallace,2510,5
Cam Lampkin,Keir Thomas,2510,6
Cam Lampkin,Larrell Murchison,2510,27
Cam Lampkin,Malik Dixon-Williams,2510,85
Cam Lampkin,Nate Valcarcel,2510,69
Cam Lampkin,Nick Hampton,2510,28
Cam Lampkin,Pooh Paul Jr.,2510,66
Cam Lampkin,Shaun Dolac,2510,42
Cam Lampkin,Shaun Jolly,2510,63
Cam Lampkin,Tanner Ingle,2510,64
Cam Lampkin,Tony Fields II,2510,58
Cam Lampkin,Ty Hamilton,2510,29
Cam Lewis,A.J. Epenesa,0610,13
Cam Lewis,Christian Benford,0610,17
Cam Lewis,DaQuan Jones,0610,11
Cam Lewis,Damar Hamlin,0610,24
Cam Lewis,Dane Jackson,0610,7
Cam Lewis,DeWayne Carter,0610,12
Cam Lewis,Deone Walker,0610,1
Cam Lewis,Dorian Strong,0610,7
Cam Lewis,Ed Oliver,0610,11
Cam Lewis,Greg Rousseau,0610,10
Cam Lewis,Javon Solomon,0610,1
Cam Lewis,Joe Andreessen,0610,24
Cam Lewis,Joey Bosa,0610,10
Cam Lewis,Keonta Jenkins,0610,7
Cam Lewis,Landon Jackson,0610,1
Cam Lewis,Larry Ogunjobi,0610,12
Cam Lewis,Matt Milano,0610,17
Cam Lewis,Michael Hoecht,0610,13
Cam Lewis,T.J. Sanders,0610,1
Cam Lewis,Taron Johnson,0610,16
Cam Lewis,Te'Cory Couch,0610,8
Cam Lewis,Tre'Davious White,0610,17
Cam Miller,Albert Okwuegbunam,2520,33
Cam Miller,Alex Bachman,2520,14
Cam Miller,Atonio Mafi,2520,54
Cam Miller,Caleb Rogers,2520,23
Cam Miller,Carter Runyon,2520,18
Cam Miller,Charles Grant,2520,23
Cam Miller,Chris Collier,2520,27
Cam Miller,Collin Johnson,2520,15
Cam Miller,Dalton Wagner,2520,47
Cam Miller,Dont'e Thornton Jr.,2520,10
Cam Miller,Dylan Laube,2520,25
Cam Miller,Gottlieb Ayedze,2520,32
Cam Miller,Ian Thomas,2520,5
Cam Miller,Jack Bech,2520,14
Cam Miller,Jarrod Hufford,2520,47
Cam Miller,Justin Shorter,2520,28
Cam Miller,Kawaan Baker,2520,3
Cam Miller,Ketron Jackson Jr.,2520,31
Cam Miller,Laki Tasi,2520,27
Cam Miller,Marquez Callaway,2520,17
Cam Miller,Parker Clements,2520,47
Cam Miller,Phillip Dorsett,2520,24
Cam Miller,Qadir Ismail,2520,14
Cam Miller,Raheem Mostert,2520,6
Cam Miller,Shedrick Jackson,2520,30
Cam Miller,Sincere McCormick,2520,8
Cam Miller,Thayer Munford Jr.,2520,23
Cam Miller,Tommy Mellott,2520,24
Cam Miller,Will Putnam,2520,27
Cam Miller,Zamir White,2520,4
Cam Riley,Alex Austin,3200,8
Cam Riley,Anfernee Jennings,3200,21
Cam Riley,Bradyn Swinson,3200,30
Cam Riley,Brandon Crossley,3200,16
Cam Riley,Bryce Ganious,3200,8
Cam Riley,Craig Woodson,3200,12
Cam Riley,David Olajiga,3200,18
Cam Riley,Dell Pettus,3200,25
Cam Riley,Elijah Ponder,3200,16
Cam Riley,Isaiah Bolden,3200,14
Cam Riley,Isaiah Iton,3200,10
Cam Riley,Jack Gibbens,3200,12
Cam Riley,Jahvaree Ritzie,3200,26
Cam Riley,Jeremiah Pharms Jr.,3200,13
Cam Riley,Jordan Polk,3200,26
Cam Riley,Josh Minkins,3200,13
Cam Riley,Joshua Farmer,3200,12
Cam Riley,K'Lavon Chaisson,3200,4
Cam Riley,Keion White,3200,3
Cam Riley,Kobee Minor,3200,39
Cam Riley,Kyle Dugger,3200,24
Cam Riley,Kyle Peko,3200,21
Cam Riley,Marcus Epps,3200,39
Cam Riley,Miles Battle,3200,22
Cam Riley,Monty Rice,3200,27
Cam Riley,Philip Blidi,3200,5
Cam Riley,R.J. Moten,3200,13
Cam Riley,Tre Avery,3200,13
Cam Riley,Truman Jones,3200,30
Cam Skattebo,Aaron Stinnie,3410,10
Cam Skattebo,Austin Schlottmann,3410,10
Cam Skattebo,Beaux Collins,3410,9
Cam Skattebo,Elijah Chatman,3410,1
Cam Skattebo,Evan Neal,3410,10
Cam Skattebo,Greg Dulcich,3410,5
Cam Skattebo,Gunner Olszewski,3410,8
Cam Skattebo,Ihmir Smith-Marsette,3410,1
Cam Skattebo,Jalin Hyatt,3410,10
Cam Skattebo,Jaxson Dart,3410,10
Cam Skattebo,Marcus Mbow,3410,10
Cam Skattebo,Stone Forsythe,3410,10
Cam Skattebo,Thomas Fidone II,3410,6
Cam Smith,Alex Huntley,2700,17
Cam Smith,BJ Adams,2700,13
Cam Smith,Ben Stille,2700,11
Cam Smith,Cameron Goode,2700,21
Cam Smith,Channing Tindall,2700,44
Cam Smith,Chop Robinson,2700,4
Cam Smith,Cornell Armstrong,2700,8
Cam Smith,Dequan Jackson,2700,14
Cam Smith,Derrick McLendon,2700,28
Cam Smith,Elijah Campbell,2700,9
Cam Smith,Ethan Robinson,2700,15
Cam Smith,Eugene Asante,2700,21
Cam Smith,Grayson Murphy,2700,23
Cam Smith,Isaiah Johnson,2700,36
Cam Smith,Jason Marshall Jr.,2700,14
Cam Smith,John Saunders Jr.,2700,19
Cam Smith,Jordan Colbert,2700,26
Cam Smith,Jordan Phillips,2700,13
Cam Smith,K.J. Britt,2700,9
Cam Smith,Matt Dickerson,2700,23
Cam Smith,Matthew Butler,2700,10
Cam Smith,Matthew Judon,2700,4
Cam Smith,Mike Hilton,2700,1
Cam Smith,Mohamed Kamara,2700,3
Cam Smith,Patrick McMorris,2700,21
Cam Smith,Quinton Bell,2700,5
Cam Smith,Zeek Biggers,2700,28
Cam Taylor-Britt,Daijahn Anthony,0920,3
Cam Taylor-Britt,Daxton Hill,0920,7
Cam Taylor-Britt,Demetrius Knight Jr.,0920,7
Cam Taylor-Britt,Jordan Battle,0920,7
Cam Taylor-Britt,Joseph Ossai,0920,7
Cam Taylor-Britt,Josh Newton,0920,6
Cam Taylor-Britt,Kris Jenkins,0920,7
Cam Taylor-Britt,Logan Wilson,0920,7
Cam Taylor-Britt,Oren Burks,0920,1
Cam Taylor-Britt,Shemar Stewart,0920,7
Cam Taylor-Britt,Tedarrell Slaton,0920,7
Cam Taylor-Britt,Tycen Anderson,0920,4
Cam Ward,Blake Hance,2100,15
Cam Ward,Chig Okonkwo,2100,13
Cam Ward,Chimere Dike,2100,2
Cam Ward,Corey Levin,2100,15
Cam Ward,Dan Moore Jr.,2100,15
Cam Ward,David Martin-Robinson,2100,1
Cam Ward,Elic Ayomanor,2100,14
Cam Ward,Gunnar Helm,2100,9
Cam Ward,John Ojukwu,2100,1
Cam Ward,Julius Chestnut,2100,10
Cam Ward,Kalel Mullings,2100,6
Cam Ward,Olisaemeka Udoh,2100,15
Cam Ward,Peter Skoronski,2100,15
Cam Ward,Tyler Lockett,2100,8
Cam Ward,Van Jefferson,2100,11
Cam'Ron Silmon-Craig,Aydan White,2250,57
Cam'Ron Silmon-Craig,BJ Green II,2250,45
Cam'Ron Silmon-Craig,Branson Combs,2250,50
Cam'Ron Silmon-Craig,Chad Muma,2250,46
Cam'Ron Silmon-Craig,Christian Braswell,2250,3
Cam'Ron Silmon-Craig,Daniel Thomas,2250,3
Cam'Ron Silmon-Craig,Danny Striggow,2250,38
Cam'Ron Silmon-Craig,Deantre Prince,2250,16
Cam'Ron Silmon-Craig,Dennis Gardeck,2250,6
Cam'Ron Silmon-Craig,Doneiko Slaughter,2250,44
Cam'Ron Silmon-Craig,Eli Mostaert,2250,13
Cam'Ron Silmon-Craig,Ethan Downs,2250,35
Cam'Ron Silmon-Craig,Jabbar Muhammad,2250,45
Cam'Ron Silmon-Craig,Jack Kiser,2250,64
Cam'Ron Silmon-Craig,James Carpenter,2250,41
Cam'Ron Silmon-Craig,Jordan Jefferson,2250,33
Cam'Ron Silmon-Craig,Keivie Rose,2250,48
Cam'Ron Silmon-Craig,Keni-H Lovely,2250,41
Cam'Ron Silmon-Craig,Maason Smith,2250,17
Cam'Ron Silmon-Craig,Myles Cole,2250,39
Cam'Ron Silmon-Craig,Rayuan Lane III,2250,77
Cam'Ron Silmon-Craig,Tyler Lacy,2250,8
Cam'Ron Silmon-Craig,Yasir Abdullah,2250,21
Cam'Ron Silmon-Craig,Zech McPhearson,2250,10
Cameron Dantzler,Alex Huntley,2700,11
Cameron Dantzler,BJ Adams,2700,13
Cameron Dantzler,Ben Stille,2700,5
Cameron Dantzler,Cameron Goode,2700,5
Cameron Dantzler,Dequan Jackson,2700,13
Cameron Dantzler,Derrick McLendon,2700,8
Cameron Dantzler,Ethan Robinson,2700,2
Cameron Dantzler,Eugene Asante,2700,3
Cameron Dantzler,Grayson Murphy,2700,2
Cameron Dantzler,Isaiah Johnson,2700,10
Cameron Dantzler,John Saunders Jr.,2700,13
Cameron Dantzler,Jordan Colbert,2700,13
Cameron Dantzler,Matt Dickerson,2700,8
Cameron Dantzler,Matthew Butler,2700,4
Cameron Dantzler,Mohamed Kamara,2700,5
Cameron Dantzler,Quinton Bell,2700,6
Cameron Dantzler,Zeek Biggers,2700,9
Cameron Goode,Alex Huntley,2700,24
Cameron Goode,BJ Adams,2700,25
Cameron Goode,Ben Stille,2700,27
Cameron Goode,Benito Jones,2700,2
Cameron Goode,Cam Smith,2700,21
Cameron Goode,Cameron Dantzler,2700,5
Cameron Goode,Channing Tindall,2700,59
Cameron Goode,Cornell Armstrong,2700,21
Cameron Goode,Dequan Jackson,2700,36
Cameron Goode,Derrick McLendon,2700,31
Cameron Goode,Elijah Campbell,2700,5
Cameron Goode,Ethan Bonner,2700,1
Cameron Goode,Ethan Robinson,2700,19
Cameron Goode,Eugene Asante,2700,28
Cameron Goode,Grayson Murphy,2700,35
Cameron Goode,Ifeatu Melifonwu,2700,15
Cameron Goode,Isaiah Johnson,2700,37
Cameron Goode,Jack Jones,2700,18
Cameron Goode,Jason Marshall Jr.,2700,29
Cameron Goode,John Saunders Jr.,2700,38
Cameron Goode,Jordan Colbert,2700,45
Cameron Goode,Jordan Phillips,2700,24
Cameron Goode,K.J. Britt,2700,8
Cameron Goode,Kendall Sheffield,2700,11
Cameron Goode,Kenneth Grant,2700,8
Cameron Goode,Matt Dickerson,2700,26
Cameron Goode,Matthew Butler,2700,18
Cameron Goode,Mike Hilton,2700,4
Cameron Goode,Mohamed Kamara,2700,5
Cameron Goode,Patrick McMorris,2700,35
Cameron Goode,Quinton Bell,2700,1
Cameron Goode,Storm Duck,2700,11
Cameron Goode,Willie Gay Jr.,2700,8
Cameron Goode,Zeek Biggers,2700,40
Cameron Jordan,Bryan Bresee,3300,12
Cameron Jordan,Carl Granderson,3300,7
Cameron Jordan,Chase Young,3300,4
Cameron Jordan,Chris Rumph II,3300,3
Cameron Jordan,Davon Godchaux,3300,4
Cameron Jordan,Demario Davis,3300,12
Cameron Jordan,Isaac Yiadom,3300,12
Cameron Jordan,Jonathan Bullard,3300,1
Cameron Jordan,Jordan Howden,3300,1
Cameron Jordan,Julian Blackmon,3300,12
Cameron Jordan,Justin Reid,3300,12
Cameron Jordan,Kool-Aid McKinstry,3300,12
Cameron Jordan,Nathan Shepherd,3300,7
Cameron Jordan,Pete Werner,3300,9
Cameron Jordan,Ugo Amadi,3300,12
Cameron Latu,Ainias Smith,3700,3
Cameron Latu,Brett Toth,3700,9
Cameron Latu,Cameron Williams,3700,34
Cameron Latu,Darian Kinnard,3700,5
Cameron Latu,Darius Cooper,3700,4
Cameron Latu,Dorian Thompson-Robinson,3700,3
Cameron Latu,Drew Kendall,3700,9
Cameron Latu,E.J. Jenkins,3700,1
Cameron Latu,Elijah Cooks,3700,19
Cameron Latu,Giles Jackson,3700,12
Cameron Latu,Hollin Pierce,3700,22
Cameron Latu,Ife Adeyi,3700,12
Cameron Latu,John Metchie III,3700,1
Cameron Latu,Keilan Robinson,3700,16
Cameron Latu,Kendall Lamm,3700,1
Cameron Latu,Kenyon Green,3700,19
Cameron Latu,Kyle McCord,3700,32
Cameron Latu,Laekin Vakalahi,3700,7
Cameron Latu,Montrell Johnson Jr.,3700,14
Cameron Latu,Myles Hinton,3700,34
Cameron Latu,Nick Muse,3700,23
Cameron Latu,ShunDerrick Powell,3700,5
Cameron Latu,Taylor Morin,3700,12
Cameron Latu,Terrace Marshall Jr.,3700,18
Cameron Latu,Trevor Keegan,3700,35
Cameron McCutcheon,Beanie Bishop Jr.,3900,6
Cameron McCutcheon,Chuck Clark,3900,6
Cameron McCutcheon,Cole Holcomb,3900,3
Cameron McCutcheon,D'Shawn Jamison,3900,3
Cameron McCutcheon,Daniel Ekuale,3900,3
Cameron McCutcheon,DeMarvin Leal,3900,6
Cameron McCutcheon,Derrick Harmon,3900,12
Cameron McCutcheon,Eku Leota,3900,6
Cameron McCutcheon,Isaiahh Loudermilk,3900,12
Cameron McCutcheon,Jack Sawyer,3900,6
Cameron McCutcheon,James Pierre,3900,9
Cameron McCutcheon,Julius Welschof,3900,6
Cameron McCutcheon,Kyler McMichael,3900,3
Cameron McCutcheon,Malik Harrison,3900,9
Cameron McCutcheon,Mark Robinson,3900,12
Cameron McCutcheon,Miles Killebrew,3900,6
Cameron McCutcheon,Quindell Johnson,3900,6
Cameron McCutcheon,Sebastian Castro,3900,6
Cameron McGrone,Adetomiwa Adebawore,2200,24
Cameron McGrone,Alex Johnson,2200,5
Cameron McGrone,Austin Ajiake,2200,12
Cameron McGrone,Camryn Bynum,2200,5
Cameron McGrone,Charvarius Ward,2200,5
Cameron McGrone,Chris Lammons,2200,27
Cameron McGrone,Daniel Scott,2200,17
Cameron McGrone,DeForest Buckner,2200,4
Cameron McGrone,Desmond Little,2200,3
Cameron McGrone,Duke Shelley,2200,6
Cameron McGrone,Durell Nchami,2200,24
Cameron McGrone,Eric Johnson,2200,18
Cameron McGrone,Grover Stewart,2200,5
Cameron McGrone,Hunter Wohler,2200,24
Cameron McGrone,Isaiah Land,2200,16
Cameron McGrone,JT Tuimoloau,2200,23
Cameron McGrone,Joe Bachie,2200,30
Cameron McGrone,Johnathan Edwards,2200,37
Cameron McGrone,Josh Tupou,2200,7
Cameron McGrone,Julius Brents,2200,13
Cameron McGrone,Kwity Paye,2200,1
Cameron McGrone,Laiatu Latu,2200,12
Cameron McGrone,Neville Gallimore,2200,27
Cameron McGrone,Rodney Thomas,2200,38
Cameron McGrone,Samuel Womack,2200,25
Cameron McGrone,Tim Smith,2200,8
Cameron McGrone,Trey Washington,2200,2
Cameron McGrone,Tyquan Lewis,2200,11
Cameron Mitchell,Adin Huntington,1050,9
Cameron Mitchell,Alex Wright,1050,22
Cameron Mitchell,Cameron Thomas,1050,22
Cameron Mitchell,Carson Schwesinger,1050,21
Cameron Mitchell,Charlie Thomas,1050,1
Cameron Mitchell,Chigozie Anusiem,1050,19
Cameron Mitchell,Chris Edmonds,1050,15
Cameron Mitchell,Damontae Kazee,1050,27
Cameron Mitchell,Devin Bush,1050,34
Cameron Mitchell,Dom Jones,1050,22
Cameron Mitchell,Donovan McMillon,1050,5
Cameron Mitchell,Easton Mascarenas-Arnold,1050,6
Cameron Mitchell,Grant Delpit,1050,8
Cameron Mitchell,Isaiah McGuire,1050,21
Cameron Mitchell,Jerome Baker,1050,22
Cameron Mitchell,Joe Tryon-Shoyinka,1050,20
Cameron Mitchell,Jowon Briggs,1050,7
Cameron Mitchell,Julian Okwara,1050,11
Cameron Mitchell,KJ Henry,1050,7
Cameron Mitchell,Keenan Isaac,1050,3
Cameron Mitchell,Maliek Collins,1050,8
Cameron Mitchell,Mason Graham,1050,19
Cameron Mitchell,Myles Harden,1050,23
Cameron Mitchell,Nathaniel Watson,1050,14
Cameron Mitchell,Nik Needham,1050,1
Cameron Mitchell,Ralph Holley,1050,7
Cameron Mitchell,Rayshawn Jenkins,1050,15
Cameron Mitchell,Ronnie Hickman Jr.,1050,35
Cameron Mitchell,Sam Kamara,1050,35
Cameron Mitchell,Shelby Harris,1050,16
Cameron Mitchell,Tony Brown,1050,26
Cameron Mitchell,Winston Reid,1050,9
Cameron Sample,Barrett Carter,0920,26
Cameron Sample,Bralyn Lux,0920,18
Cameron Sample,D.J. Ivey,0920,26
Cameron Sample,Daijahn Anthony,0920,24
Cameron Sample,Eric Gregory,0920,9
Cameron Sample,Howard Cross III,0920,22
Cameron Sample,Isaiah Thomas,0920,2
Cameron Sample,Jalen Davis,0920,4
Cameron Sample,Joe Giles-Harris,0920,4
Cameron Sample,Marco Wilson,0920,10
Cameron Sample,McKinnley Jackson,0920,15
Cameron Sample,Nate Brooks,0920,16
Cameron Sample,Oren Burks,0920,24
Cameron Sample,PJ Jules,0920,2
Cameron Sample,Raymond Johnson III,0920,5
Cameron Sample,Shaka Heyward,0920,5
Cameron Sample,Shemar Stewart,0920,16
Cameron Sample,Taven Bryan,0920,6
Cameron Sample,Tycen Anderson,0920,26
Cameron Thomas,Adin Huntington,1050,19
Cameron Thomas,Cameron Mitchell,1050,22
Cameron Thomas,Carson Schwesinger,1050,5
Cameron Thomas,Charlie Thomas,1050,6
Cameron Thomas,Chigozie Anusiem,1050,18
Cameron Thomas,Chris Edmonds,1050,41
Cameron Thomas,Damontae Kazee,1050,27
Cameron Thomas,Devin Bush,1050,11
Cameron Thomas,Dom Jones,1050,39
Cameron Thomas,Donovan McMillon,1050,25
Cameron Thomas,Easton Mascarenas-Arnold,1050,31
Cameron Thomas,Isaiah McGuire,1050,3
Cameron Thomas,Jerome Baker,1050,16
Cameron Thomas,Joe Tryon-Shoyinka,1050,17
Cameron Thomas,Jowon Briggs,1050,21
Cameron Thomas,Julian Okwara,1050,30
Cameron Thomas,KJ Henry,1050,7
Cameron Thomas,Keenan Isaac,1050,3
Cameron Thomas,Mason Graham,1050,3
Cameron Thomas,Myles Harden,1050,23
Cameron Thomas,Nathaniel Watson,1050,30
Cameron Thomas,Nik Needham,1050,13
Cameron Thomas,Ralph Holley,1050,25
Cameron Thomas,Rayshawn Jenkins,1050,13
Cameron Thomas,Ronnie Hickman Jr.,1050,10
Cameron Thomas,Sam Kamara,1050,34
Cameron Thomas,Shelby Harris,1050,12
Cameron Thomas,Tony Brown,1050,48
Cameron Thomas,Winston Reid,1050,18
Cameron Ward,Andrew Rupcich,2100,14
Cameron Ward,Blake Hance,2100,11
Cameron Ward,Bryce Oliver,2100,3
Cameron Ward,Calvin Ridley,2100,10
Cameron Ward,Chig Okonkwo,2100,20
Cameron Ward,Chimere Dike,2100,10
Cameron Ward,Corey Levin,2100,25
Cameron Ward,Dan Moore Jr.,2100,21
Cameron Ward,David Martin-Robinson,2100,3
Cameron Ward,Elic Ayomanor,2100,14
Cameron Ward,Gunnar Helm,2100,10
Cameron Ward,JC Latham,2100,25
Cameron Ward,Julius Chestnut,2100,8
Cameron Ward,Kalel Mullings,2100,3
Cameron Ward,Olisaemeka Udoh,2100,4
Cameron Ward,Peter Skoronski,2100,25
Cameron Ward,Tony Pollard,2100,11
Cameron Ward,Tyjae Spears,2100,3
Cameron Ward,Tyler Lockett,2100,9
Cameron Ward,Van Jefferson,2100,21
Cameron Williams,Ainias Smith,3700,26
Cameron Williams,Ben VanSumeren,3700,2
Cameron Williams,Brett Toth,3700,30
Cameron Williams,Cameron Latu,3700,34
Cameron Williams,Darian Kinnard,3700,15
Cameron Williams,Darius Cooper,3700,33
Cameron Williams,Dorian Thompson-Robinson,3700,18
Cameron Williams,Drew Kendall,3700,38
Cameron Williams,E.J. Jenkins,3700,35
Cameron Williams,Elijah Cooks,3700,33
Cameron Williams,Giles Jackson,3700,23
Cameron Williams,Hollin Pierce,3700,36
Cameron Williams,Ife Adeyi,3700,21
Cameron Williams,Johnny Wilson,3700,12
Cameron Williams,Keilan Robinson,3700,36
Cameron Williams,Kenyon Green,3700,51
Cameron Williams,Kyle McCord,3700,71
Cameron Williams,Kylen Granson,3700,10
Cameron Williams,Laekin Vakalahi,3700,12
Cameron Williams,Montrell Johnson Jr.,3700,28
Cameron Williams,Myles Hinton,3700,89
Cameron Williams,Nick Muse,3700,44
Cameron Williams,ShunDerrick Powell,3700,25
Cameron Williams,Taylor Morin,3700,35
Cameron Williams,Terrace Marshall Jr.,3700,48
Cameron Williams,Trevor Keegan,3700,85
Camryn Bynum,Adetomiwa Adebawore,2200,8
Camryn Bynum,Austin Ajiake,2200,2
Camryn Bynum,Cameron McGrone,2200,5
Camryn Bynum,Charvarius Ward,2200,12
Camryn Bynum,Chris Lammons,2200,12
Camryn Bynum,DeForest Buckner,2200,9
Camryn Bynum,Durell Nchami,2200,3
Camryn Bynum,Grover Stewart,2200,7
Camryn Bynum,Hunter Wohler,2200,12
Camryn Bynum,JT Tuimoloau,2200,3
Camryn Bynum,Joe Bachie,2200,12
Camryn Bynum,Johnathan Edwards,2200,12
Camryn Bynum,Laiatu Latu,2200,9
Camryn Bynum,Rodney Thomas,2200,5
Camryn Bynum,Tyquan Lewis,2200,9
Car'lin Vigers,Ale Kaho,5110,72
Car'lin Vigers,Allan George,5110,28
Car'lin Vigers,Andre Jones Jr.,5110,92
Car'lin Vigers,Antonio Hamilton,5110,34
Car'lin Vigers,Ben Nikkel,5110,76
Car'lin Vigers,Bobby Price,5110,60
Car'lin Vigers,Carl Davis,5110,46
Car'lin Vigers,Clelin Ferrell,5110,59
Car'lin Vigers,Daron Payne,5110,1
Car'lin Vigers,Daryl Worley,5110,38
Car'lin Vigers,Deatrich Wise,5110,7
Car'lin Vigers,Dominique Hampton,5110,36
Car'lin Vigers,Duke Riley,5110,38
Car'lin Vigers,Eddie Goldman,5110,48
Car'lin Vigers,Essang Bassey,5110,30
Car'lin Vigers,Jacob Martin,5110,26
Car'lin Vigers,Jalyn Holmes,5110,72
Car'lin Vigers,Jer'Zhan Newton,5110,36
Car'lin Vigers,Jeremy Reaves,5110,37
Car'lin Vigers,Kain Medrano,5110,97
Car'lin Vigers,Kam Arnold,5110,43
Car'lin Vigers,Kevon Seymour,5110,2
Car'lin Vigers,Mike Sainristil,5110,1
Car'lin Vigers,Noah Igbinoghene,5110,77
Car'lin Vigers,Norell Pollard,5110,45
Car'lin Vigers,Percy Butler,5110,48
Car'lin Vigers,Quan Martin,5110,1
Car'lin Vigers,Ricky Barber,5110,40
Car'lin Vigers,Robert McDaniel,5110,75
Car'lin Vigers,Sheldon Day,5110,67
Car'lin Vigers,T.J. Maguranyanga,5110,36
Car'lin Vigers,Trey Amos,5110,9
Car'lin Vigers,Tyler Owens,5110,40
Car'lin Vigers,Viliami Fehoko Jr.,5110,12
Car'lin Vigers,Will Harris,5110,1
Carl Davis,Ale Kaho,5110,27
Carl Davis,Allan George,5110,10
Carl Davis,Andre Jones Jr.,5110,37
Carl Davis,Antonio Hamilton,5110,16
Carl Davis,Ben Nikkel,5110,31
Carl Davis,Bobby Price,5110,15
Carl Davis,Car'lin Vigers,5110,46
Carl Davis,Clelin Ferrell,5110,24
Carl Davis,Daryl Worley,5110,19
Carl Davis,Deatrich Wise,5110,2
Carl Davis,Dominique Hampton,5110,19
Carl Davis,Duke Riley,5110,20
Carl Davis,Eddie Goldman,5110,22
Carl Davis,Essang Bassey,5110,5
Carl Davis,Jacob Martin,5110,5
Carl Davis,Jalyn Holmes,5110,42
Carl Davis,Javontae Jean-Baptiste,5110,4
Carl Davis,Jer'Zhan Newton,5110,3
Carl Davis,Jeremy Reaves,5110,13
Carl Davis,Jordan Magee,5110,7
Carl Davis,Kain Medrano,5110,42
Carl Davis,Kam Arnold,5110,6
Carl Davis,Noah Igbinoghene,5110,35
Carl Davis,Norell Pollard,5110,2
Carl Davis,Percy Butler,5110,19
Carl Davis,Ricky Barber,5110,7
Carl Davis,Robert McDaniel,5110,29
Carl Davis,Sheldon Day,5110,33
Carl Davis,T.J. Maguranyanga,5110,5
Carl Davis,Trey Amos,5110,11
Carl Davis,Tyler Owens,5110,21
Carl Davis,Viliami Fehoko Jr.,5110,3
Carl Granderson,Bryan Bresee,3300,12
Carl Granderson,Cameron Jordan,3300,7
Carl Granderson,Chase Young,3300,7
Carl Granderson,Davon Godchaux,3300,9
Carl Granderson,Demario Davis,3300,12
Carl Granderson,Isaac Yiadom,3300,12
Carl Granderson,Jonathan Bullard,3300,2
Carl Granderson,Jordan Howden,3300,1
Carl Granderson,Julian Blackmon,3300,12
Carl Granderson,Justin Reid,3300,11
Carl Granderson,Kool-Aid McKinstry,3300,12
Carl Granderson,Nathan Shepherd,3300,5
Carl Granderson,Pete Werner,3300,9
Carl Granderson,Ugo Amadi,3300,9
Carl Jones,Alex Cook,0810,45
Carl Jones,Austin Booker,0810,9
Carl Jones,Daniel Hardy,0810,34
Carl Jones,Dominique Robinson,0810,2
Carl Jones,Elijah Hicks,0810,2
Carl Jones,Jamree Kromah,0810,40
Carl Jones,Jeremiah Walker,0810,37
Carl Jones,Jonathan Ford,0810,43
Carl Jones,Jonathan Owens,0810,2
Carl Jones,Josh Blackwell,0810,15
Carl Jones,Kaleb Hayes,0810,15
Carl Jones,Major Burns,0810,2
Carl Jones,Mark Perry,0810,18
Carl Jones,Mekhi Garner,0810,18
Carl Jones,Power Echols,0810,28
Carl Jones,Swayze Bozeman,0810,37
Carl Jones,Terell Smith,0810,14
Carl Jones,Tre Flowers,0810,32
Carl Jones,Tysheem Johnson,0810,29
Carl Jones,Xavier Carlton,0810,24
Carl Jones,Zacch Pickens,0810,44
Carlos Basham,Akayleb Evans,0750,26
Carlos Basham,Bam Martin-Scott,0750,28
Carlos Basham,Bobby Brown III,0750,2
Carlos Basham,Cam Jackson,0750,29
Carlos Basham,Claudin Cherelus,0750,7
Carlos Basham,Corey Thornton,0750,19
Carlos Basham,Demani Richardson,0750,29
Carlos Basham,Isaac Gifford,0750,43
Carlos Basham,J.J. Weaver,0750,31
Carlos Basham,JaTravis Broughton,0750,33
Carlos Basham,Jack Henderson,0750,41
Carlos Basham,Jacoby Windmon,0750,35
Carlos Basham,Jaden Crumedy,0750,44
Carlos Basham,Jared Harrison-Hunte,0750,44
Carlos Basham,Jon Rhattigan,0750,21
Carlos Basham,Krys Barnes,0750,35
Carlos Basham,Lathan Ransom,0750,28
Carlos Basham,Mapalo Mwansa,0750,10
Carlos Basham,Mello Dotson,0750,29
Carlos Basham,Michael Reid,0750,12
Carlos Basham,Nick Scott,0750,3
Carlos Basham,Princely Umanmielen,0750,12
Carlos Basham,Sam Roberts,0750,46
Carlos Basham,Shemar Bartholomew,0750,12
Carlos Basham,Shy Tuttle,0750,8
Carlos Basham,Thomas Incoom,0750,27
Carlos Basham,Tre Swilling,0750,30
Carlos Basham,Trevian Thomas,0750,16
Carlos Watkins,Ali Gaye,2100,19
Carlos Watkins,Amani Hooker,2100,6
Carlos Watkins,Amani Oruwariye,2100,36
Carlos Watkins,Amari Burney,2100,8
Carlos Watkins,Arden Key,2100,4
Carlos Watkins,Blake Lynch,2100,12
Carlos Watkins,Brian Asamoah II,2100,7
Carlos Watkins,Cedric Gray,2100,31
Carlos Watkins,Cody Barton,2100,6
Carlos Watkins,Curtis Jacobs,2100,5
Carlos Watkins,Darrell Baker Jr.,2100,6
Carlos Watkins,Dre'Mont Jones,2100,5
Carlos Watkins,Gabe Jeudy-Lally,2100,45
Carlos Watkins,James Lynch,2100,51
Carlos Watkins,James Williams,2100,33
Carlos Watkins,Jarvis Brownlee Jr.,2100,6
Carlos Watkins,Jaylen Harrell,2100,12
Carlos Watkins,Jihad Ward,2100,36
Carlos Watkins,Joe Gaziano,2100,3
Carlos Watkins,Julius Wood,2100,7
Carlos Watkins,Kendell Brooks,2100,33
Carlos Watkins,Marcus Harris,2100,45
Carlos Watkins,Mike Brown,2100,40
Carlos Watkins,Oluwafemi Oladejo,2100,23
Carlos Watkins,Quandre Diggs,2100,5
Carlos Watkins,Roger McCreary,2100,3
Carlos Watkins,Timmy Horne,2100,12
Carlos Watkins,Xavier Woods,2100,11
Carlton Davis III,Alex Austin,3200,6
Carlton Davis III,Christian Elliss,3200,6
Carlton Davis III,Craig Woodson,3200,6
Carlton Davis III,Harold Landry III,3200,6
Carlton Davis III,Jaylinn Hawkins,3200,6
Carlton Davis III,Jeremiah Pharms Jr.,3200,2
Carlton Davis III,Keion White,3200,6
Carlton Davis III,Khyiris Tonga,3200,6
Carlton Davis III,Marcus Jones,3200,4
Carlton Davis III,Milton Williams,3200,6
Carlton Davis III,Robert Spillane,3200,6
Carrington Valentine,Brenton Cox Jr.,1800,2
Carrington Valentine,Colby Wooden,1800,5
Carrington Valentine,Devonte Wyatt,1800,9
Carrington Valentine,Edgerrin Cooper,1800,14
Carrington Valentine,Evan Williams,1800,14
Carrington Valentine,Isaiah McDuffie,1800,13
Carrington Valentine,Isaiah Simmons,1800,4
Carrington Valentine,Javon Bullard,1800,14
Carrington Valentine,Karl Brooks,1800,5
Carrington Valentine,Keisean Nixon,1800,14
Carrington Valentine,Kenny Clark,1800,9
Carrington Valentine,Kingsley Enagbare,1800,1
Carrington Valentine,Kitan Oladapo,1800,3
Carrington Valentine,Lukas Van Ness,1800,13
Carrington Valentine,Quay Walker,1800,4
Carrington Valentine,Rashan Gary,1800,12
Carrington Valentine,Zayne Anderson,1800,4
Carson Bruener,Breiden Fehoko,3900,23
Carson Bruener,D'Shawn Jamison,3900,51
Carson Bruener,Daniel Ekuale,3900,8
Carson Bruener,Daryl Porter,3900,34
Carson Bruener,DeMarvin Leal,3900,27
Carson Bruener,Devin Harper,3900,32
Carson Bruener,Domenique Davis,3900,27
Carson Bruener,Eku Leota,3900,34
Carson Bruener,Esezi Otomewo,3900,32
Carson Bruener,Isaiahh Loudermilk,3900,5
Carson Bruener,Jack Sawyer,3900,21
Carson Bruener,Julius Welschof,3900,32
Carson Bruener,Kam Alexander,3900,17
Carson Bruener,Kenny Willekes,3900,14
Carson Bruener,Kyler Baugh,3900,23
Carson Bruener,Kyler McMichael,3900,47
Carson Bruener,Logan Lee,3900,19
Carson Bruener,Mark Robinson,3900,32
Carson Bruener,Mikey Victor,3900,30
Carson Bruener,Quindell Johnson,3900,64
Carson Bruener,Sebastian Castro,3900,64
Carson Bruener,Yahya Black,3900,4
Carson Schwesinger,Adin Huntington,1050,1
Carson Schwesinger,Alex Wright,1050,15
Carson Schwesinger,Cameron Mitchell,1050,21
Carson Schwesinger,Cameron Thomas,1050,5
Carson Schwesinger,Chigozie Anusiem,1050,11
Carson Schwesinger,Damontae Kazee,1050,6
Carson Schwesinger,Devin Bush,1050,19
Carson Schwesinger,Dom Jones,1050,10
Carson Schwesinger,Grant Delpit,1050,8
Carson Schwesinger,Isaiah McGuire,1050,16
Carson Schwesinger,Jerome Baker,1050,4
Carson Schwesinger,Joe Tryon-Shoyinka,1050,6
Carson Schwesinger,Maliek Collins,1050,8
Carson Schwesinger,Mason Graham,1050,19
Carson Schwesinger,Myles Harden,1050,17
Carson Schwesinger,Rayshawn Jenkins,1050,9
Carson Schwesinger,Ronnie Hickman Jr.,1050,21
Carson Schwesinger,Sam Kamara,1050,12
Carson Schwesinger,Shelby Harris,1050,2
Carson Steele,Bailey Zappe,2310,15
Carson Steele,Brashard Smith,2310,2
Carson Steele,C.J. Hanson,2310,33
Carson Steele,Chris Oladokun,2310,2
Carson Steele,Chukwuebuka Godrick,2310,20
Carson Steele,Creed Humphrey,2310,5
Carson Steele,Dalton Cooper,2310,11
Carson Steele,Elijah Mitchell,2310,2
Carson Steele,Elijhah Badger,2310,4
Carson Steele,Esa Pole,2310,16
Carson Steele,Gardner Minshew,2310,21
Carson Steele,Geor'Quarius Spivey,2310,11
Carson Steele,Hal Presley,2310,8
Carson Steele,Hunter Nourzad,2310,22
Carson Steele,Jalen Royals,2310,13
Carson Steele,Jared Wiley,2310,17
Carson Steele,Jason Brownlee,2310,10
Carson Steele,Jaylon Moore,2310,15
Carson Steele,Jimmy Holiday,2310,6
Carson Steele,Joey Lombard,2310,11
Carson Steele,Josh Simmons,2310,5
Carson Steele,JuJu Smith-Schuster,2310,4
Carson Steele,Key'Shawn Smith,2310,7
Carson Steele,Kingsley Suamataia,2310,5
Carson Steele,Mac Dalena,2310,6
Carson Steele,Mike Caliendo,2310,22
Carson Steele,Nikko Remigio,2310,9
Carson Steele,Noah Gray,2310,4
Carson Steele,Robert Tonyan,2310,21
Carson Steele,Skyy Moore,2310,12
Carson Steele,Tre Watson,2310,13
Carson Steele,Trey Smith,2310,5
Carson Steele,Tyquan Thornton,2310,3
Carson Steele,Wanya Morris,2310,20
Carson Vinson,Anthony Miller,0325,55
Carson Vinson,Baylor Cupp,0325,19
Carson Vinson,Ben Cleveland,0325,69
Carson Vinson,Charlie Kolar,0325,25
Carson Vinson,Cooper Rush,0325,51
Carson Vinson,Corey Bullock,0325,45
Carson Vinson,D'Ernest Johnson,0325,79
Carson Vinson,Darrian Dalcourt,0325,57
Carson Vinson,Dayton Wade,0325,52
Carson Vinson,Devin Leary,0325,116
Carson Vinson,Devontez Walker,0325,74
Carson Vinson,Garrett Dellinger,0325,128
Carson Vinson,Gerad Lichtenhan,0325,124
Carson Vinson,Jahmal Banks,0325,55
Carson Vinson,Jared Penning,0325,80
Carson Vinson,Joe Noteboom,0325,45
Carson Vinson,Keaton Mitchell,0325,4
Carson Vinson,Keith Kirkwood,0325,34
Carson Vinson,LaJohntay Wester,0325,59
Carson Vinson,Lucas Scott,0325,54
Carson Vinson,Malik Cunningham,0325,32
Carson Vinson,Myles Gaskin,0325,21
Carson Vinson,Nick Samac,0325,83
Carson Vinson,Rasheen Ali,0325,63
Carson Vinson,Reid Holskey,0325,39
Carson Vinson,Scotty Washington,0325,65
Carson Vinson,Xavier Guillory,0325,48
Carson Vinson,Zaire Mitchell-Paden,0325,94
Carter Bradley,Ameer Abdullah,4500,5
Carter Bradley,Austen Pleasants,4500,32
Carter Bradley,Brayden Willis,4500,47
Carter Bradley,Connor Colby,4500,34
Carter Bradley,Corey Kiner,4500,19
Carter Bradley,Demarcus Robinson,4500,17
Carter Bradley,Drake Nugent,4500,64
Carter Bradley,Drew Moss,4500,54
Carter Bradley,Isaac Alarcon,4500,56
Carter Bradley,Isaac Guerendo,4500,12
Carter Bradley,Isaiah Hodgins,4500,14
Carter Bradley,Isaiah Prince,4500,41
Carter Bradley,Jake Tonges,4500,55
Carter Bradley,Jeff Wilson,4500,22
Carter Bradley,Jordan Watkins,4500,14
Carter Bradley,Junior Bergen,4500,27
Carter Bradley,Ke'Shawn Vaughn,4500,17
Carter Bradley,Luke Farrell,4500,4
Carter Bradley,Malik Turner,4500,21
Carter Bradley,Matt Hennessy,4500,9
Carter Bradley,Michael Dunn,4500,16
Carter Bradley,Nick Zakelj,4500,42
Carter Bradley,Robbie Chosen,4500,44
Carter Bradley,Russell Gage,4500,11
Carter Bradley,Skyy Moore,4500,11
Carter Bradley,Spencer Burford,4500,17
Carter Bradley,Terique Owens,4500,25
Carter Runyon,Aidan O'Connell,2520,26
Carter Runyon,Alex Bachman,2520,7
Carter Runyon,Atonio Mafi,2520,26
Carter Runyon,Caleb Rogers,2520,33
Carter Runyon,Cam Miller,2520,18
Carter Runyon,Charles Grant,2520,33
Carter Runyon,Chris Collier,2520,18
Carter Runyon,Collin Johnson,2520,10
Carter Runyon,Dalton Wagner,2520,11
Carter Runyon,Dylan Laube,2520,13
Carter Runyon,Gottlieb Ayedze,2520,17
Carter Runyon,Jack Bech,2520,4
Carter Runyon,Jackson Powers-Johnson,2520,6
Carter Runyon,Jarrod Hufford,2520,11
Carter Runyon,Jordan Meredith,2520,6
Carter Runyon,Justin Shorter,2520,29
Carter Runyon,Ketron Jackson Jr.,2520,11
Carter Runyon,Laki Tasi,2520,2
Carter Runyon,Marquez Callaway,2520,5
Carter Runyon,Parker Clements,2520,11
Carter Runyon,Phillip Dorsett,2520,29
Carter Runyon,Qadir Ismail,2520,2
Carter Runyon,Raheem Mostert,2520,4
Carter Runyon,Shedrick Jackson,2520,30
Carter Runyon,Sincere McCormick,2520,7
Carter Runyon,Thayer Munford Jr.,2520,33
Carter Runyon,Tommy Mellott,2520,5
Carter Runyon,Will Putnam,2520,31
Carter Runyon,Zamir White,2520,2
Carter Warren,Adrian Martinez,3430,68
Carter Warren,Andrew Beck,3430,14
Carter Warren,Arian Smith,3430,29
Carter Warren,Brady Cook,3430,40
Carter Warren,Brandon Smith,3430,36
Carter Warren,Donovan Edwards,3430,62
Carter Warren,Dymere Miller,3430,32
Carter Warren,Jamaal Pritchett,3430,46
Carter Warren,Josh Myers,3430,4
Carter Warren,Kene Nwangwu,3430,19
Carter Warren,Kohl Levao,3430,87
Carter Warren,Lawrance Toafili,3430,27
Carter Warren,Leander Wiegand,3430,21
Carter Warren,Liam Fornadel,3430,92
Carter Warren,Malachi Corley,3430,30
Carter Warren,Marquis Hayes,3430,104
Carter Warren,Max Mitchell,3430,16
Carter Warren,Neal Johnson,3430,45
Carter Warren,Pokey Wilson,3430,52
Carter Warren,Quentin Skinner,3430,68
Carter Warren,Samuel Jackson,3430,92
Carter Warren,Stone Smartt,3430,27
Carter Warren,Xavier Newman-Johnson,3430,16
Carter Warren,Zack Kuntz,3430,53
Case Keenum,Chris Glaser,0810,22
Case Keenum,Deion Hankins,0810,14
Case Keenum,Ian Wheeler,0810,8
Case Keenum,JP Richardson,0810,17
Case Keenum,Jahdae Walker,0810,12
Case Keenum,Joel Wilson,0810,19
Case Keenum,Jordan McFadden,0810,12
Case Keenum,Joshua Miles,0810,22
Case Keenum,Luke Newman,0810,10
Case Keenum,Maurice Alexander,0810,12
Case Keenum,Ozzy Trapilo,0810,12
Case Keenum,Ricky Stromberg,0810,22
Case Keenum,Samori Toure,0810,13
Case Keenum,Stephen Carlson,0810,7
Case Keenum,Theo Benedet,0810,10
Case Keenum,Thomas Gordon,0810,3
Case Keenum,Tyler Scott,0810,5
Casey Rogers,Brandon Codrington,0610,17
Casey Rogers,Daequan Hardy,0610,25
Casey Rogers,Damar Hamlin,0610,3
Casey Rogers,Dane Jackson,0610,7
Casey Rogers,Darrick Forrest,0610,36
Casey Rogers,DeWayne Carter,0610,9
Casey Rogers,Dorian Strong,0610,24
Casey Rogers,Dorian Williams,0610,6
Casey Rogers,Edefuan Ulofoshio,0610,43
Casey Rogers,Garnett Hollis Jr.,0610,9
Casey Rogers,Ja'Marcus Ingram,0610,33
Casey Rogers,Javon Solomon,0610,12
Casey Rogers,Jimmy Ciarlo,0610,33
Casey Rogers,Joe Andreessen,0610,16
Casey Rogers,Jordan Hancock,0610,22
Casey Rogers,Justin Hollins,0610,13
Casey Rogers,Keonta Jenkins,0610,16
Casey Rogers,Landon Jackson,0610,13
Casey Rogers,Marcus Harris,0610,5
Casey Rogers,Michael Hoecht,0610,18
Casey Rogers,Nelson Ceaser,0610,14
Casey Rogers,Paris Shand,0610,28
Casey Rogers,Te'Cory Couch,0610,7
Casey Rogers,Tre Herndon,0610,15
Casey Rogers,Wande Owens,0610,22
Casey Rogers,Zion Logue,0610,35
Casey Rogers,Zy Alexander,0610,9
Casey Toohill,Arthur Maulet,2120,27
Casey Toohill,Christian Harris,2120,5
Casey Toohill,D'Angelo Ross,2120,26
Casey Toohill,Damon Arnette,2120,44
Casey Toohill,Darrell Taylor,2120,3
Casey Toohill,Dylan Horton,2120,8
Casey Toohill,E.J. Speed,2120,16
Casey Toohill,Foley Fatukasi,2120,3
Casey Toohill,Haggai Ndubuisi,2120,38
Casey Toohill,Henry To'oTo'o,2120,2
Casey Toohill,Jackson Woodard,2120,31
Casey Toohill,Jake Hansen,2120,18
Casey Toohill,Jalen Mills,2120,23
Casey Toohill,Jamal Hill,2120,38
Casey Toohill,Jaylin Smith,2120,22
Casey Toohill,Junior Tafuna,2120,54
Casey Toohill,K.C. Ossai,2120,30
Casey Toohill,M.J. Stewart,2120,30
Casey Toohill,Marlon Davidson,2120,20
Casey Toohill,Myles Bryant,2120,58
Casey Toohill,Nick Niemann,2120,31
Casey Toohill,Russ Yeast,2120,50
Casey Toohill,Solomon Byrd,2120,52
Casey Toohill,Tim Settle,2120,7
Casey Toohill,Tommy Togiai,2120,23
Casey Toohill,Tremon Smith,2120,51
Casey Washington,Brandon Parker,0200,11
Casey Washington,David Sills,0200,11
Casey Washington,Dylan Drummond,0200,9
Casey Washington,Easton Stick,0200,11
Casey Washington,Elijah Dotson,0200,8
Casey Washington,Elijah Wilkinson,0200,11
Casey Washington,Feleipe Franks,0200,6
Casey Washington,Jack Nelson,0200,11
Casey Washington,Jovaughn Gwyn,0200,11
Casey Washington,Kyle Hinton,0200,11
Casey Washington,Nate Carter,0200,3
Casey Washington,Nikola Kalinic,0200,7
Cedric Gray,Ali Gaye,2100,39
Cedric Gray,Amani Hooker,2100,21
Cedric Gray,Amani Oruwariye,2100,31
Cedric Gray,Arden Key,2100,17
Cedric Gray,Cam Horsley,2100,16
Cedric Gray,Carlos Watkins,2100,31
Cedric Gray,Clarence Lewis,2100,6
Cedric Gray,Cody Barton,2100,21
Cedric Gray,Curtis Jacobs,2100,9
Cedric Gray,Darrell Baker Jr.,2100,21
Cedric Gray,Davion Ross,2100,6
Cedric Gray,Desmond Evans,2100,7
Cedric Gray,Dre'Mont Jones,2100,18
Cedric Gray,Gabe Jeudy-Lally,2100,65
Cedric Gray,Isaiah Raikes,2100,21
Cedric Gray,Jalen Kimber,2100,30
Cedric Gray,James Lynch,2100,47
Cedric Gray,James Williams,2100,62
Cedric Gray,Jarvis Brownlee Jr.,2100,21
Cedric Gray,Jaylen Harrell,2100,21
Cedric Gray,Jeffery Simmons,2100,13
Cedric Gray,Jihad Ward,2100,50
Cedric Gray,Joe Gaziano,2100,8
Cedric Gray,Joshuah Bledsoe,2100,9
Cedric Gray,Josiah Bronson,2100,7
Cedric Gray,Julius Wood,2100,9
Cedric Gray,Kendell Brooks,2100,56
Cedric Gray,Marcus Harris,2100,65
Cedric Gray,Mike Brown,2100,56
Cedric Gray,Oluwafemi Oladejo,2100,38
Cedric Gray,Philip Blidi,2100,2
Cedric Gray,Quandre Diggs,2100,6
Cedric Gray,Roger McCreary,2100,16
Cedric Gray,Sebastian Joseph-Day,2100,9
Cedric Gray,Timmy Horne,2100,39
Cedric Gray,Xavier Woods,2100,27
Cedric Tillman,Ahmani Marshall,1050,2
Cedric Tillman,Blake Whiteheart,1050,11
Cedric Tillman,Brenden Bates,1050,7
Cedric Tillman,Dawand Jones,1050,13
Cedric Tillman,Dillon Gabriel,1050,13
Cedric Tillman,Diontae Johnson,1050,10
Cedric Tillman,Jackson Barton,1050,13
Cedric Tillman,Jamari Thrash,1050,8
Cedric Tillman,Kaden Davis,1050,3
Cedric Tillman,Luke Wypler,1050,13
Cedric Tillman,Pierre Strong,1050,11
Cedric Tillman,Teven Jenkins,1050,13
Cedric Tillman,Zak Zinter,1050,13
Cedrick Wilson Jr.,Barry Wesley,3300,52
Cedrick Wilson Jr.,Brandin Cooks,3300,4
Cedrick Wilson Jr.,Bub Means,3300,6
Cedrick Wilson Jr.,Cam Akers,3300,34
Cedrick Wilson Jr.,Cesar Ruiz,3300,17
Cedrick Wilson Jr.,Chris Olave,3300,11
Cedrick Wilson Jr.,Clyde Edwards-Helaire,3300,10
Cedrick Wilson Jr.,Dante Pettis,3300,14
Cedrick Wilson Jr.,Devin Neal,3300,13
Cedrick Wilson Jr.,Dillon Radunz,3300,40
Cedrick Wilson Jr.,Donovan Peoples-Jones,3300,1
Cedrick Wilson Jr.,Easton Kilty,3300,59
Cedrick Wilson Jr.,Jack Stoll,3300,24
Cedrick Wilson Jr.,Jake Haener,3300,6
Cedrick Wilson Jr.,Jonathan Mendoza,3300,28
Cedrick Wilson Jr.,Josiah Ezirim,3300,7
Cedrick Wilson Jr.,Juwan Johnson,3300,5
Cedrick Wilson Jr.,Kelvin Banks Jr.,3300,25
Cedrick Wilson Jr.,Kendre Miller,3300,18
Cedrick Wilson Jr.,Kevin Austin Jr.,3300,52
Cedrick Wilson Jr.,Kyle Hergel,3300,33
Cedrick Wilson Jr.,Landon Young,3300,16
Cedrick Wilson Jr.,Marcus Yarns,3300,1
Cedrick Wilson Jr.,Mason Tipton,3300,63
Cedrick Wilson Jr.,Michael Jacobson,3300,7
Cedrick Wilson Jr.,Mike Panasiuk,3300,1
Cedrick Wilson Jr.,Moliki Matavao,3300,29
Cedrick Wilson Jr.,Rashid Shaheed,3300,11
Cedrick Wilson Jr.,Seth Green,3300,1
Cedrick Wilson Jr.,Shane Lemieux,3300,37
Cedrick Wilson Jr.,Spencer Rattler,3300,32
Cedrick Wilson Jr.,Taliese Fuaga,3300,16
Cedrick Wilson Jr.,Torricelli Simpkins III,3300,83
Cedrick Wilson Jr.,Trevor Penning,3300,14
Cedrick Wilson Jr.,Treyton Welch,3300,25
Cedrick Wilson Jr.,Tyler Shough,3300,48
Cedrick Wilson Jr.,Velus Jones Jr.,3300,15
Cedrick Wilson Jr.,Will Clapp,3300,2
Cesar Ruiz,Alvin Kamara,3300,1
Cesar Ruiz,Barry Wesley,3300,2
Cesar Ruiz,Brandin Cooks,3300,18
Cesar Ruiz,Cam Akers,3300,6
Cesar Ruiz,Cedrick Wilson Jr.,3300,17
Cesar Ruiz,Chris Olave,3300,30
Cesar Ruiz,Clyde Edwards-Helaire,3300,4
Cesar Ruiz,Dillon Radunz,3300,32
Cesar Ruiz,Erik McCoy,3300,14
Cesar Ruiz,Jack Stoll,3300,17
Cesar Ruiz,Juwan Johnson,3300,20
Cesar Ruiz,Kelvin Banks Jr.,3300,38
Cesar Ruiz,Kendre Miller,3300,29
Cesar Ruiz,Kevin Austin Jr.,3300,2
Cesar Ruiz,Landon Young,3300,16
Cesar Ruiz,Mason Tipton,3300,9
Cesar Ruiz,Moliki Matavao,3300,4
Cesar Ruiz,Rashid Shaheed,3300,30
Cesar Ruiz,Spencer Rattler,3300,22
Cesar Ruiz,Taliese Fuaga,3300,24
Cesar Ruiz,Torricelli Simpkins III,3300,24
Cesar Ruiz,Trevor Penning,3300,8
Cesar Ruiz,Treyton Welch,3300,11
Cesar Ruiz,Tyler Shough,3300,18
Cesar Ruiz,Velus Jones Jr.,3300,2
Cesar Ruiz,Will Clapp,3300,2
Chad Muma,Andrew Wingard,2250,13
Chad Muma,Antonio Johnson,2250,40
Chad Muma,Austin Johnson,2250,19
Chad Muma,Aydan White,2250,37
Chad Muma,BJ Green II,2250,36
Chad Muma,Branson Combs,2250,16
Chad Muma,Cam'Ron Silmon-Craig,2250,46
Chad Muma,Christian Braswell,2250,30
Chad Muma,Daniel Thomas,2250,34
Chad Muma,Danny Striggow,2250,48
Chad Muma,Darnell Savage,2250,16
Chad Muma,Dawuane Smoot,2250,16
Chad Muma,Deantre Prince,2250,40
Chad Muma,Dennis Gardeck,2250,6
Chad Muma,Devin Lloyd,2250,10
Chad Muma,Doneiko Slaughter,2250,34
Chad Muma,Eli Mostaert,2250,1
Chad Muma,Emmanuel Ogbah,2250,16
Chad Muma,Ethan Downs,2250,26
Chad Muma,Jabbar Muhammad,2250,41
Chad Muma,Jack Kiser,2250,45
Chad Muma,James Carpenter,2250,16
Chad Muma,Jarrian Jones,2250,4
Chad Muma,Jordan Jefferson,2250,58
Chad Muma,Keivie Rose,2250,50
Chad Muma,Keni-H Lovely,2250,29
Chad Muma,Maason Smith,2250,17
Chad Muma,Myles Cole,2250,37
Chad Muma,Rayuan Lane III,2250,49
Chad Muma,Travis Hunter,2250,7
Chad Muma,Tyler Lacy,2250,17
Chad Muma,Ventrell Miller,2250,13
Chad Muma,Yasir Abdullah,2250,23
Chad Muma,Zech McPhearson,2250,10
Chamarri Conner,Ashton Gillotte,2310,10
Chamarri Conner,Bryan Cook,2310,42
Chamarri Conner,Cam Jones,2310,1
Chamarri Conner,Charles Omenihu,2310,25
Chamarri Conner,Chris Jones,2310,17
Chamarri Conner,Cole Christiansen,2310,7
Chamarri Conner,George Karlaftis,2310,29
Chamarri Conner,Jack Cochrane,2310,21
Chamarri Conner,Jaden Hicks,2310,21
Chamarri Conner,Jaylen Watson,2310,15
Chamarri Conner,Jeffrey Bassa,2310,8
Chamarri Conner,Jerry Tillery,2310,30
Chamarri Conner,Kristian Fulton,2310,13
Chamarri Conner,Leo Chenal,2310,41
Chamarri Conner,Marlon Tuipulotu,2310,8
Chamarri Conner,Michael Danna,2310,24
Chamarri Conner,Mike Pennel,2310,19
Chamarri Conner,Nazeeh Johnson,2310,16
Chamarri Conner,Nick Bolton,2310,26
Chamarri Conner,Nohl Williams,2310,16
Chamarri Conner,Omarr Norman-Lott,2310,5
Chamarri Conner,Trent McDuffie,2310,26
Chance Campbell,Andre' Sam,3700,15
Chance Campbell,Antwaun Powell-Ryland,3700,18
Chance Campbell,Brandon Johnson,3700,2
Chance Campbell,Dallas Gant,3700,20
Chance Campbell,Eli Ricks,3700,17
Chance Campbell,Jacob Sykes,3700,16
Chance Campbell,Jereme Robinson,3700,5
Chance Campbell,Joe Evans,3700,20
Chance Campbell,Justin Rogers,3700,15
Chance Campbell,Lewis Cine,3700,5
Chance Campbell,Mac McWilliams,3700,16
Chance Campbell,Maxen Hook,3700,20
Chance Campbell,Ochaun Mathis,3700,17
Chance Campbell,Parry Nickerson,3700,14
Chandler Brayboy,Cam Camper,2250,29
Chandler Brayboy,Darius Lassiter,2250,10
Chandler Brayboy,Dorian Singer,2250,29
Chandler Brayboy,Ja'Quinden Jackson,2250,20
Chandler Brayboy,Javon Foster,2250,39
Chandler Brayboy,Jerome Carvin,2250,19
Chandler Brayboy,John Copenhaver,2250,12
Chandler Brayboy,John Wolford,2250,12
Chandler Brayboy,Jonah Monheim,2250,20
Chandler Brayboy,Kevin Harris,2250,9
Chandler Brayboy,LeQuint Allen Jr.,2250,10
Chandler Brayboy,Patrick Herbert,2250,16
Chandler Brayboy,Quintin Morris,2250,12
Chandler Brayboy,Ricky Lee,2250,39
Chandler Brayboy,Sal Wormley,2250,39
Chandler Brayboy,Seth Henigan,2250,27
Chandler Brayboy,Shawn Bowman,2250,9
Chandler Brayboy,Tremayne Anchrum,2250,39
Chandler Martin,Adedayo Odeleye,0325,26
Chandler Martin,Adisa Isaac,0325,3
Chandler Martin,Aeneas Peebles,0325,36
Chandler Martin,Basil Okoye,0325,38
Chandler Martin,Beau Brade,0325,42
Chandler Martin,C.J. Ravenell,0325,40
Chandler Martin,David Ojabo,0325,12
Chandler Martin,Desmond Igbinosun,0325,36
Chandler Martin,Jay Higgins,0325,83
Chandler Martin,Jayson Jones,0325,35
Chandler Martin,Kaimon Rucker,0325,72
Chandler Martin,Keondre Jackson,0325,69
Chandler Martin,Keyon Martin,0325,34
Chandler Martin,MJ Devonshire,0325,26
Chandler Martin,Malik Hamm,0325,75
Chandler Martin,Marquise Robinson,0325,83
Chandler Martin,Mike Green,0325,2
Chandler Martin,Reuben Lowery,0325,60
Chandler Martin,T.J. Tampa,0325,48
Chandler Martin,Thomas Graham Jr.,0325,15
Chandler Martin,William Kwenkeu,0325,1
Chandler Zavala,Brady Christensen,0750,10
Chandler Zavala,Brandon Walton,0750,8
Chandler Zavala,David Moore,0750,18
Chandler Zavala,Dominique Dafney,0750,8
Chandler Zavala,Hunter Renfrow,0750,15
Chandler Zavala,Ja'Tyre Carter,0750,10
Chandler Zavala,Jack Plummer,0750,18
Chandler Zavala,Jalen Coker,0750,10
Chandler Zavala,James Mitchell,0750,13
Chandler Zavala,Jarrett Kingston,0750,18
Chandler Zavala,Luke Kandra,0750,8
Chandler Zavala,Michael Tarquin,0750,8
Chandler Zavala,Raheem Blackshear,0750,10
Chandler Zavala,T.J. Luther,0750,8
Chandler Zavala,Trevor Etienne,0750,8
Chandler Zavala,Yosh Nijman,0750,10
Channing Tindall,Alex Huntley,2700,29
Channing Tindall,BJ Adams,2700,33
Channing Tindall,Ben Stille,2700,41
Channing Tindall,Cam Smith,2700,44
Channing Tindall,Cameron Goode,2700,59
Channing Tindall,Chop Robinson,2700,4
Channing Tindall,Cornell Armstrong,2700,31
Channing Tindall,Dequan Jackson,2700,47
Channing Tindall,Derrick McLendon,2700,59
Channing Tindall,Elijah Campbell,2700,15
Channing Tindall,Ethan Robinson,2700,35
Channing Tindall,Eugene Asante,2700,49
Channing Tindall,Grayson Murphy,2700,70
Channing Tindall,Ifeatu Melifonwu,2700,10
Channing Tindall,Isaiah Johnson,2700,65
Channing Tindall,Jack Jones,2700,26
Channing Tindall,Jason Marshall Jr.,2700,48
Channing Tindall,John Saunders Jr.,2700,59
Channing Tindall,Jordan Colbert,2700,64
Channing Tindall,Jordan Phillips,2700,37
Channing Tindall,K.J. Britt,2700,11
Channing Tindall,Kendall Sheffield,2700,6
Channing Tindall,Kenneth Grant,2700,6
Channing Tindall,Matt Dickerson,2700,41
Channing Tindall,Matthew Butler,2700,25
Channing Tindall,Matthew Judon,2700,4
Channing Tindall,Mike Hilton,2700,6
Channing Tindall,Mohamed Kamara,2700,3
Channing Tindall,Patrick McMorris,2700,53
Channing Tindall,Quinton Bell,2700,15
Channing Tindall,Storm Duck,2700,14
Channing Tindall,Willie Gay Jr.,2700,2
Channing Tindall,Zeek Biggers,2700,59
Charles Grant,Aidan O'Connell,2520,76
Charles Grant,Albert Okwuegbunam,2520,8
Charles Grant,Alex Bachman,2520,60
Charles Grant,Alex Cappa,2520,10
Charles Grant,Atonio Mafi,2520,50
Charles Grant,Caleb Rogers,2520,99
Charles Grant,Cam Miller,2520,23
Charles Grant,Carter Runyon,2520,33
Charles Grant,Chris Collier,2520,13
Charles Grant,Collin Johnson,2520,52
Charles Grant,Dont'e Thornton Jr.,2520,21
Charles Grant,Dylan Laube,2520,14
Charles Grant,Gottlieb Ayedze,2520,14
Charles Grant,Ian Thomas,2520,33
Charles Grant,Jack Bech,2520,57
Charles Grant,Jackson Powers-Johnson,2520,25
Charles Grant,Jordan Meredith,2520,25
Charles Grant,Justin Shorter,2520,26
Charles Grant,Ketron Jackson Jr.,2520,1
Charles Grant,Phillip Dorsett,2520,43
Charles Grant,Qadir Ismail,2520,27
Charles Grant,Raheem Mostert,2520,22
Charles Grant,Shedrick Jackson,2520,35
Charles Grant,Sincere McCormick,2520,28
Charles Grant,Thayer Munford Jr.,2520,99
Charles Grant,Will Putnam,2520,74
Charles Grant,Zamir White,2520,22
Charles Omenihu,Ashton Gillotte,2310,36
Charles Omenihu,Bryan Cook,2310,53
Charles Omenihu,Cam Jones,2310,15
Charles Omenihu,Chamarri Conner,2310,25
Charles Omenihu,Chris Jones,2310,6
Charles Omenihu,Christian Roland-Wallace,2310,21
Charles Omenihu,Cole Christiansen,2310,19
Charles Omenihu,Cooper McDonald,2310,8
Charles Omenihu,Fabien Lovett Sr.,2310,3
Charles Omenihu,Felix Anudike-Uzomah,2310,9
Charles Omenihu,George Karlaftis,2310,12
Charles Omenihu,Jack Cochrane,2310,35
Charles Omenihu,Jaden Hicks,2310,48
Charles Omenihu,Jaylen Watson,2310,20
Charles Omenihu,Jeffrey Bassa,2310,26
Charles Omenihu,Jerry Tillery,2310,46
Charles Omenihu,Joshua Williams,2310,6
Charles Omenihu,Kristian Fulton,2310,16
Charles Omenihu,Leo Chenal,2310,24
Charles Omenihu,Malik Herring,2310,7
Charles Omenihu,Marlon Tuipulotu,2310,24
Charles Omenihu,Michael Danna,2310,10
Charles Omenihu,Mike Edwards,2310,5
Charles Omenihu,Mike Pennel,2310,17
Charles Omenihu,Nazeeh Johnson,2310,33
Charles Omenihu,Nick Bolton,2310,13
Charles Omenihu,Nohl Williams,2310,30
Charles Omenihu,Omarr Norman-Lott,2310,10
Charles Omenihu,Trent McDuffie,2310,13
Charles Snowden,Amari Gainer,2520,3
Charles Snowden,Andre Carter II,2520,34
Charles Snowden,Anthony Booker,2520,10
Charles Snowden,Chris Smith II,2520,54
Charles Snowden,Cody Lindenberg,2520,19
Charles Snowden,Darien Porter,2520,33
Charles Snowden,Darnay Holmes,2520,13
Charles Snowden,Decamerion Richardson,2520,57
Charles Snowden,Eric Stokes,2520,5
Charles Snowden,Greedy Vance,2520,16
Charles Snowden,Hudson Clark,2520,16
Charles Snowden,Isaiah Pola-Mao,2520,31
Charles Snowden,JJ Pegues,2520,30
Charles Snowden,JT Woods,2520,23
Charles Snowden,Jah Joyner,2520,6
Charles Snowden,Jahfari Harvey,2520,1
Charles Snowden,Jamal Adams,2520,25
Charles Snowden,Jaylon Smith,2520,24
Charles Snowden,John Humphrey,2520,13
Charles Snowden,Jonah Laulu,2520,28
Charles Snowden,Keondre Coburn,2520,2
Charles Snowden,Kyu Kelly,2520,12
Charles Snowden,Leki Fotu,2520,9
Charles Snowden,Malcolm Koonce,2520,4
Charles Snowden,Matt Jones,2520,41
Charles Snowden,Michael Barrett,2520,15
Charles Snowden,Ovie Oghoufo,2520,6
Charles Snowden,Sam Webb,2520,11
Charles Snowden,Terrell Edmunds,2520,33
Charles Snowden,Thomas Booker,2520,16
Charles Snowden,Thomas Harper,2520,1
Charles Snowden,Tommy Eichenberg,2520,30
Charles Snowden,Tonka Hemingway,2520,46
Charles Snowden,Treven Ma'ae,2520,14
Charles Snowden,Trey Taylor,2520,21
Charles Snowden,Tyree Wilson,2520,36
Charles Snowden,Zachary Carter,2520,32
Charles Woods,A.J. Green,2510,20
Charles Woods,Bill Norton,2510,27
Charles Woods,Brennan Jackson,2510,50
Charles Woods,Cam Lampkin,2510,65
Charles Woods,Da'Jon Terry,2510,20
Charles Woods,Decarius Hawthorne,2510,16
Charles Woods,Derion Kendrick,2510,36
Charles Woods,Desjuan Johnson,2510,49
Charles Woods,Elias Neal,2510,48
Charles Woods,Jack Heflin,2510,42
Charles Woods,Jamil Muhammad,2510,33
Charles Woods,Josaiah Stewart,2510,8
Charles Woods,Josh Pearcy,2510,30
Charles Woods,Josh Wallace,2510,8
Charles Woods,Larrell Murchison,2510,20
Charles Woods,Malik Dixon-Williams,2510,57
Charles Woods,Nate Valcarcel,2510,55
Charles Woods,Nick Hampton,2510,22
Charles Woods,Pooh Paul Jr.,2510,32
Charles Woods,Shaun Dolac,2510,34
Charles Woods,Shaun Jolly,2510,33
Charles Woods,Tanner Ingle,2510,45
Charles Woods,Tony Fields II,2510,49
Charles Woods,Ty Hamilton,2510,21
Charlie Heck,Ben Bredeson,4900,19
Charlie Heck,Ben Scott,4900,5
Charlie Heck,Bucky Irving,4900,18
Charlie Heck,Cade Otton,4900,17
Charlie Heck,Cody Mauch,4900,19
Charlie Heck,Dennis Houston,4900,1
Charlie Heck,Devin Culp,4900,2
Charlie Heck,Elijah Klein,4900,15
Charlie Heck,Emeka Egbuka,4900,29
Charlie Heck,Graham Barton,4900,19
Charlie Heck,Jalen McMillan,4900,15
Charlie Heck,Ko Kieft,4900,5
Charlie Heck,Kyle Trask,4900,15
Charlie Heck,Luke Goedeke,4900,19
Charlie Heck,Luke Haggard,4900,15
Charlie Heck,Mike Jordan,4900,15
Charlie Heck,Payne Durham,4900,17
Charlie Heck,Rachaad White,4900,10
Charlie Heck,Raiqwon O'Neal,4900,10
Charlie Heck,Rakim Jarrett,4900,5
Charlie Heck,Ryan Miller,4900,8
Charlie Heck,Sean Tucker,4900,6
Charlie Heck,Sterling Shepard,4900,19
Charlie Heck,Teddy Bridgewater,4900,19
Charlie Heck,Tez Johnson,4900,18
Charlie Jones,Amarius Mims,0920,15
Charlie Jones,Andrei Iosivas,0920,15
Charlie Jones,Andrew Coker,0920,8
Charlie Jones,Andrew Raym,0920,27
Charlie Jones,Andrew Stueber,0920,8
Charlie Jones,Cam Grandy,0920,17
Charlie Jones,Cody Ford,0920,16
Charlie Jones,Cordell Volson,0920,19
Charlie Jones,Devin Cochran,0920,19
Charlie Jones,Drew Sample,0920,3
Charlie Jones,Dylan Fairchild,0920,15
Charlie Jones,Gary Brightwell,0920,2
Charlie Jones,Isaiah Williams,0920,14
Charlie Jones,Ja'Marr Chase,0920,3
Charlie Jones,Jake Browning,0920,27
Charlie Jones,Jalen Rivers,0920,34
Charlie Jones,Jaxson Kirkland,0920,11
Charlie Jones,Jermaine Burton,0920,17
Charlie Jones,Joe Burrow,0920,15
Charlie Jones,Kendric Pryor,0920,1
Charlie Jones,Lucas Patrick,0920,8
Charlie Jones,Mitchell Tinsley,0920,29
Charlie Jones,Noah Fant,0920,7
Charlie Jones,Orlando Brown,0920,15
Charlie Jones,Samaje Perine,0920,9
Charlie Jones,Tahj Brooks,0920,32
Charlie Jones,Tanner Hudson,0920,14
Charlie Jones,Tanner McLachlan,0920,5
Charlie Jones,Ted Karras,0920,15
Charlie Kolar,Andrew Vorhees,0325,27
Charlie Kolar,Anthony Miller,0325,6
Charlie Kolar,Ben Cleveland,0325,25
Charlie Kolar,Carson Vinson,0325,25
Charlie Kolar,Cooper Rush,0325,52
Charlie Kolar,Corey Bullock,0325,38
Charlie Kolar,D'Ernest Johnson,0325,19
Charlie Kolar,Daniel Faalele,0325,27
Charlie Kolar,Dayton Wade,0325,16
Charlie Kolar,Devontez Walker,0325,42
Charlie Kolar,Garrett Dellinger,0325,25
Charlie Kolar,Gerad Lichtenhan,0325,15
Charlie Kolar,Joe Noteboom,0325,38
Charlie Kolar,Keaton Mitchell,0325,7
Charlie Kolar,Keith Kirkwood,0325,10
Charlie Kolar,LaJohntay Wester,0325,31
Charlie Kolar,Lucas Scott,0325,19
Charlie Kolar,Malik Cunningham,0325,3
Charlie Kolar,Nick Samac,0325,14
Charlie Kolar,Rasheen Ali,0325,26
Charlie Kolar,Roger Rosengarten,0325,27
Charlie Kolar,Scotty Washington,0325,7
Charlie Kolar,Tylan Wallace,0325,14
Charlie Kolar,Zaire Mitchell-Paden,0325,7
Charlie Thomas,Adin Huntington,1050,19
Charlie Thomas,Cameron Mitchell,1050,1
Charlie Thomas,Cameron Thomas,1050,6
Charlie Thomas,Chigozie Anusiem,1050,4
Charlie Thomas,Chris Edmonds,1050,27
Charlie Thomas,Christian Holmes,1050,9
Charlie Thomas,Damontae Kazee,1050,6
Charlie Thomas,Darius Rush,1050,9
Charlie Thomas,Dom Jones,1050,2
Charlie Thomas,Donovan McMillon,1050,21
Charlie Thomas,Easton Mascarenas-Arnold,1050,27
Charlie Thomas,Jerome Baker,1050,1
Charlie Thomas,Joe Tryon-Shoyinka,1050,1
Charlie Thomas,Julian Okwara,1050,8
Charlie Thomas,KJ Henry,1050,21
Charlie Thomas,Keenan Isaac,1050,12
Charlie Thomas,LaMareon James,1050,12
Charlie Thomas,Marvin Moody,1050,4
Charlie Thomas,Myles Harden,1050,4
Charlie Thomas,Nik Needham,1050,17
Charlie Thomas,Ralph Holley,1050,24
Charlie Thomas,Sam Kamara,1050,10
Charlie Thomas,Shelby Harris,1050,1
Charlie Thomas,Titus Leo,1050,18
Charlie Thomas,Tony Brown,1050,6
Charvarius Ward,Adetomiwa Adebawore,2200,8
Charvarius Ward,Austin Ajiake,2200,2
Charvarius Ward,Cameron McGrone,2200,5
Charvarius Ward,Camryn Bynum,2200,12
Charvarius Ward,Chris Lammons,2200,12
Charvarius Ward,DeForest Buckner,2200,9
Charvarius Ward,Durell Nchami,2200,3
Charvarius Ward,Grover Stewart,2200,7
Charvarius Ward,Hunter Wohler,2200,12
Charvarius Ward,JT Tuimoloau,2200,3
Charvarius Ward,Joe Bachie,2200,12
Charvarius Ward,Johnathan Edwards,2200,12
Charvarius Ward,Laiatu Latu,2200,9
Charvarius Ward,Rodney Thomas,2200,5
Charvarius Ward,Tyquan Lewis,2200,9
Chase Brown,Amarius Mims,0920,19
Chase Brown,Andrei Iosivas,0920,10
Chase Brown,Cam Grandy,0920,5
Chase Brown,Drew Sample,0920,18
Chase Brown,Dylan Fairchild,0920,19
Chase Brown,Ja'Marr Chase,0920,19
Chase Brown,Joe Burrow,0920,19
Chase Brown,Lucas Patrick,0920,19
Chase Brown,Noah Fant,0920,5
Chase Brown,Orlando Brown,0920,19
Chase Brown,Tanner Hudson,0920,1
Chase Brown,Ted Karras,0920,19
Chase Brown,Tee Higgins,0920,18
Chase Cota,Ahmani Marshall,1050,16
Chase Cota,Brenden Bates,1050,6
Chase Cota,Bucky Williams,1050,32
Chase Cota,Cade McDonald,1050,30
Chase Cota,Dartanyan Tinsley,1050,23
Chase Cota,Gage Larvadain,1050,7
Chase Cota,Jackson Barton,1050,3
Chase Cota,Jason Ivey,1050,25
Chase Cota,Javion Cohen,1050,20
Chase Cota,Kaden Davis,1050,13
Chase Cota,Kilian Zierer,1050,25
Chase Cota,Kisean Johnson,1050,12
Chase Cota,Lorenzo Thompson,1050,25
Chase Cota,Luke Floriea,1050,2
Chase Cota,Luke Wypler,1050,3
Chase Cota,Mitch Van Vooren,1050,5
Chase Cota,Mitchell Van Vooren,1050,1
Chase Cota,Sal Cannella,1050,29
Chase Cota,Sebastian Gutierrez,1050,17
Chase Cota,Shedeur Sanders,1050,17
Chase Cota,Teven Jenkins,1050,2
Chase Cota,Toa Taua,1050,8
Chase Cota,Trayveon Williams,1050,11
Chase Cota,Tyler Huntley,1050,18
Chase Lucas,Alfred Collins,4500,33
Chase Lucas,Bradlee Anae,4500,32
Chase Lucas,Bruce Hector,4500,60
Chase Lucas,Bryce Huff,4500,17
Chase Lucas,CJ West,4500,15
Chase Lucas,Chazz Surratt,4500,21
Chase Lucas,Curtis Robinson,4500,17
Chase Lucas,Dallis Flowers,4500,51
Chase Lucas,Darrell Luter Jr.,4500,50
Chase Lucas,Dee Winters,4500,19
Chase Lucas,Demone Harris,4500,13
Chase Lucas,Deommodore Lenoir,4500,10
Chase Lucas,Derrick Canteen,4500,99
Chase Lucas,Evan Anderson,4500,24
Chase Lucas,Jakob Robinson,4500,71
Chase Lucas,Jalen Graham,4500,48
Chase Lucas,Jason Pinnock,4500,9
Chase Lucas,Jaylen Mahoney,4500,88
Chase Lucas,Jaylon Allen,4500,63
Chase Lucas,Ji'Ayir Brown,4500,23
Chase Lucas,Jonathan Garvin,4500,43
Chase Lucas,Kalia Davis,4500,22
Chase Lucas,Luke Gifford,4500,1
Chase Lucas,Marques Sigle,4500,43
Chase Lucas,Michael Dwumfour,4500,17
Chase Lucas,Nick Martin,4500,87
Chase Lucas,Robert Beal Jr.,4500,28
Chase Lucas,Sebastian Valdez,4500,60
Chase Lucas,Shakel Brown,4500,31
Chase Lucas,Siran Neal,4500,55
Chase Lucas,Stone Blanton,4500,28
Chase Lucas,Tatum Bethune,4500,48
Chase Lucas,Tre Brown,4500,18
Chase Lucas,Trevis Gipson,4500,34
Chase Lucas,Will Bradley-King,4500,32
Chase Lundt,Dan Feeney,0610,70
Chase Lundt,Darrynton Evans,0610,14
Chase Lundt,Deon Cain,0610,41
Chase Lundt,Elijah Moore,0610,38
Chase Lundt,Elijah Young,0610,33
Chase Lundt,Frank Gore Jr.,0610,77
Chase Lundt,Jackson Hawes,0610,32
Chase Lundt,Jacob Bayer,0610,74
Chase Lundt,Jalen Virgil,0610,22
Chase Lundt,Josh Palmer,0610,8
Chase Lundt,KJ Hamler,0610,69
Chase Lundt,Kaden Prather,0610,10
Chase Lundt,Keleki Latu,0610,59
Chase Lundt,Kendrick Green,0610,67
Chase Lundt,Kristian Wilkerson,0610,73
Chase Lundt,Laviska Shenault Jr.,0610,39
Chase Lundt,Matt Sokol,0610,32
Chase Lundt,Mike Edwards,0610,101
Chase Lundt,Mike White,0610,35
Chase Lundt,Mitchell Trubisky,0610,25
Chase Lundt,Ray Davis,0610,17
Chase Lundt,Richard Gouraige,0610,141
Chase Lundt,Rush Reimer,0610,35
Chase Lundt,Ryan Van Demark,0610,56
Chase Lundt,Shane Buechele,0610,81
Chase Lundt,Stephen Gosnell,0610,28
Chase Lundt,Travis Clayton,0610,20
Chase Lundt,Tyrell Shavers,0610,61
Chase Lundt,Zach Davidson,0610,52
Chase Young,Bryan Bresee,3300,9
Chase Young,Cameron Jordan,3300,4
Chase Young,Carl Granderson,3300,7
Chase Young,Chris Rumph II,3300,2
Chase Young,Davon Godchaux,3300,7
Chase Young,Demario Davis,3300,11
Chase Young,Isaac Yiadom,3300,11
Chase Young,Jonathan Bullard,3300,2
Chase Young,Jordan Howden,3300,2
Chase Young,Julian Blackmon,3300,11
Chase Young,Justin Reid,3300,10
Chase Young,Kool-Aid McKinstry,3300,11
Chase Young,Nathan Shepherd,3300,7
Chase Young,Pete Werner,3300,8
Chase Young,Ugo Amadi,3300,8
Chau Smith-Wade,A'Shawn Robinson,0750,12
Chau Smith-Wade,Bobby Brown III,0750,2
Chau Smith-Wade,Christian Rozeboom,0750,18
Chau Smith-Wade,Corey Thornton,0750,11
Chau Smith-Wade,D.J. Wonnum,0750,18
Chau Smith-Wade,Demani Richardson,0750,2
Chau Smith-Wade,Derrick Brown,0750,2
Chau Smith-Wade,Mike Jackson,0750,18
Chau Smith-Wade,Nick Scott,0750,18
Chau Smith-Wade,Patrick Jones II,0750,18
Chau Smith-Wade,Princely Umanmielen,0750,2
Chau Smith-Wade,Shemar Bartholomew,0750,7
Chau Smith-Wade,Shy Tuttle,0750,2
Chau Smith-Wade,Tershawn Wharton,0750,16
Chau Smith-Wade,Tre'von Moehrig,0750,18
Chau Smith-Wade,Trevin Wallace,0750,16
Chauncey Golston,Abdul Carter,3410,6
Chauncey Golston,Andru Phillips,3410,8
Chauncey Golston,Art Green,3410,31
Chauncey Golston,Bobby Okereke,3410,3
Chauncey Golston,Chris Board,3410,20
Chauncey Golston,Cordale Flott,3410,6
Chauncey Golston,Cory Durden,3410,7
Chauncey Golston,DJ Davidson,3410,20
Chauncey Golston,Dane Belton,3410,17
Chauncey Golston,Darius Alexander,3410,16
Chauncey Golston,Darius Muasau,3410,17
Chauncey Golston,Dee Williams,3410,1
Chauncey Golston,Dyontae Johnson,3410,18
Chauncey Golston,Elijah Chatman,3410,14
Chauncey Golston,Elijah Garcia,3410,10
Chauncey Golston,Jeremiah Ledbetter,3410,4
Chauncey Golston,Jordon Riley,3410,4
Chauncey Golston,K'Von Wallace,3410,9
Chauncey Golston,K.J. Cloyd,3410,12
Chauncey Golston,Korie Black,3410,6
Chauncey Golston,Makari Paige,3410,18
Chauncey Golston,Nic Jones,3410,17
Chauncey Golston,O'Donnell Fortune,3410,6
Chauncey Golston,Raheem Layne,3410,26
Chauncey Golston,TJ Moore,3410,20
Chauncey Golston,Tomon Fox,3410,21
Chauncey Golston,Trace Ford,3410,13
Chaz Chambliss,Ambry Thomas,3000,50
Chaz Chambliss,Austin Keys,3000,60
Chaz Chambliss,Bo Richter,3000,25
Chaz Chambliss,Brian Asamoah,3000,6
Chaz Chambliss,Cam Gill,3000,55
Chaz Chambliss,Dorian Mausi,3000,51
Chaz Chambliss,Dwight McGlothern,3000,58
Chaz Chambliss,Elijah Williams,3000,53
Chaz Chambliss,Gabriel Murphy,3000,10
Chaz Chambliss,Gervarrius Owens,3000,27
Chaz Chambliss,Jalen Redmond,3000,4
Chaz Chambliss,Jay Ward,3000,49
Chaz Chambliss,Jonathan Harris,3000,54
Chaz Chambliss,Kahlef Hailassie,3000,41
Chaz Chambliss,Keenan Garber,3000,12
Chaz Chambliss,Kobe King,3000,70
Chaz Chambliss,Levi Drake Rodriguez,3000,34
Chaz Chambliss,Mekhi Blackmon,3000,55
Chaz Chambliss,Mishael Powell,3000,54
Chaz Chambliss,Reddy Steward,3000,39
Chaz Chambliss,Taki Taimani,3000,30
Chaz Chambliss,Tavierre Thomas,3000,54
Chaz Chambliss,Travis Bell,3000,48
Chaz Chambliss,Tyler Batty,3000,30
Chaz Chambliss,Tyrion Ingram-Dawkins,3000,49
Chaz Chambliss,Zemaiah Vaughn,3000,62
Chazz Surratt,Alfred Collins,4500,25
Chazz Surratt,Bruce Hector,4500,22
Chazz Surratt,Chase Lucas,4500,21
Chazz Surratt,Curtis Robinson,4500,5
Chazz Surratt,Dallis Flowers,4500,33
Chazz Surratt,Darrell Luter Jr.,4500,24
Chazz Surratt,Demone Harris,4500,17
Chazz Surratt,Derrick Canteen,4500,47
Chazz Surratt,Evan Anderson,4500,22
Chazz Surratt,Jakob Robinson,4500,22
Chazz Surratt,Jalen Graham,4500,45
Chazz Surratt,Jaylen Mahoney,4500,26
Chazz Surratt,Jaylon Allen,4500,15
Chazz Surratt,Ji'Ayir Brown,4500,33
Chazz Surratt,Jonathan Garvin,4500,16
Chazz Surratt,Jordan Elliott,4500,14
Chazz Surratt,Luke Gifford,4500,12
Chazz Surratt,Marques Sigle,4500,33
Chazz Surratt,Nick Martin,4500,14
Chazz Surratt,Renardo Green,4500,13
Chazz Surratt,Robert Beal Jr.,4500,18
Chazz Surratt,Sam Okuayinonu,4500,12
Chazz Surratt,Sebastian Valdez,4500,21
Chazz Surratt,Shakel Brown,4500,14
Chazz Surratt,Siran Neal,4500,26
Chazz Surratt,Trevis Gipson,4500,27
Chazz Surratt,Will Bradley-King,4500,13
Chig Okonkwo,Andrew Rupcich,2100,14
Chig Okonkwo,Blake Hance,2100,19
Chig Okonkwo,Calvin Ridley,2100,10
Chig Okonkwo,Cam Ward,2100,13
Chig Okonkwo,Cameron Ward,2100,20
Chig Okonkwo,Chimere Dike,2100,7
Chig Okonkwo,Corey Levin,2100,33
Chig Okonkwo,Dan Moore Jr.,2100,32
Chig Okonkwo,David Martin-Robinson,2100,3
Chig Okonkwo,Elic Ayomanor,2100,22
Chig Okonkwo,Gunnar Helm,2100,12
Chig Okonkwo,JC Latham,2100,20
Chig Okonkwo,John Ojukwu,2100,1
Chig Okonkwo,Julius Chestnut,2100,13
Chig Okonkwo,Kalel Mullings,2100,7
Chig Okonkwo,Olisaemeka Udoh,2100,14
Chig Okonkwo,Peter Skoronski,2100,33
Chig Okonkwo,Tony Pollard,2100,11
Chig Okonkwo,Tyjae Spears,2100,3
Chig Okonkwo,Tyler Lockett,2100,15
Chig Okonkwo,Van Jefferson,2100,28
Chigozie Anusiem,Adin Huntington,1050,10
Chigozie Anusiem,Alex Wright,1050,7
Chigozie Anusiem,Cameron Mitchell,1050,19
Chigozie Anusiem,Cameron Thomas,1050,18
Chigozie Anusiem,Carson Schwesinger,1050,11
Chigozie Anusiem,Charlie Thomas,1050,4
Chigozie Anusiem,Chris Edmonds,1050,17
Chigozie Anusiem,Damontae Kazee,1050,23
Chigozie Anusiem,Devin Bush,1050,11
Chigozie Anusiem,Donovan McMillon,1050,1
Chigozie Anusiem,Easton Mascarenas-Arnold,1050,5
Chigozie Anusiem,Isaiah McGuire,1050,8
Chigozie Anusiem,Jerome Baker,1050,10
Chigozie Anusiem,Joe Tryon-Shoyinka,1050,4
Chigozie Anusiem,Jowon Briggs,1050,6
Chigozie Anusiem,Julian Okwara,1050,14
Chigozie Anusiem,KJ Henry,1050,5
Chigozie Anusiem,Mason Graham,1050,11
Chigozie Anusiem,Myles Harden,1050,15
Chigozie Anusiem,Nathaniel Watson,1050,6
Chigozie Anusiem,Nik Needham,1050,1
Chigozie Anusiem,Ralph Holley,1050,9
Chigozie Anusiem,Rayshawn Jenkins,1050,5
Chigozie Anusiem,Ronnie Hickman Jr.,1050,11
Chigozie Anusiem,Sam Kamara,1050,20
Chigozie Anusiem,Tony Brown,1050,17
Chigozie Anusiem,Winston Reid,1050,12
Chimere Dike,Andrew Rupcich,2100,31
Chimere Dike,Blake Hance,2100,33
Chimere Dike,Brandon Allen,2100,40
Chimere Dike,Brandon Crenshaw-Dickson,2100,4
Chimere Dike,Brenden Jaimes,2100,40
Chimere Dike,Bryce Oliver,2100,32
Chimere Dike,Cam Ward,2100,2
Chimere Dike,Cameron Ward,2100,10
Chimere Dike,Chig Okonkwo,2100,7
Chimere Dike,Corey Levin,2100,12
Chimere Dike,Dan Moore Jr.,2100,9
Chimere Dike,David Martin-Robinson,2100,10
Chimere Dike,Elic Ayomanor,2100,37
Chimere Dike,Gunnar Helm,2100,36
Chimere Dike,JC Latham,2100,10
Chimere Dike,Jackson Slater,2100,28
Chimere Dike,Jaelyn Duncan,2100,18
Chimere Dike,James Proche,2100,12
Chimere Dike,John Ojukwu,2100,36
Chimere Dike,Josh Whyle,2100,4
Chimere Dike,Julius Chestnut,2100,34
Chimere Dike,Kalel Mullings,2100,14
Chimere Dike,Olisaemeka Udoh,2100,27
Chimere Dike,Peter Skoronski,2100,12
Chimere Dike,Tony Pollard,2100,1
Chimere Dike,Tyjae Spears,2100,3
Chimere Dike,Tyler Lockett,2100,1
Chimere Dike,Van Jefferson,2100,15
Chimere Dike,Xavier Restrepo,2100,2
Chop Robinson,Benito Jones,2700,5
Chop Robinson,Bradley Chubb,2700,2
Chop Robinson,Cam Smith,2700,4
Chop Robinson,Channing Tindall,2700,4
Chop Robinson,Elijah Campbell,2700,12
Chop Robinson,Ifeatu Melifonwu,2700,7
Chop Robinson,Isaiah Johnson,2700,4
Chop Robinson,Jack Jones,2700,6
Chop Robinson,Jason Marshall Jr.,2700,6
Chop Robinson,Jordan Phillips,2700,9
Chop Robinson,Jordyn Brooks,2700,2
Chop Robinson,K.J. Britt,2700,10
Chop Robinson,Kendall Sheffield,2700,2
Chop Robinson,Kenneth Grant,2700,1
Chop Robinson,Matt Dickerson,2700,1
Chop Robinson,Matthew Butler,2700,9
Chop Robinson,Matthew Judon,2700,10
Chop Robinson,Mike Hilton,2700,1
Chop Robinson,Minkah Fitzpatrick,2700,2
Chop Robinson,Patrick McMorris,2700,4
Chop Robinson,Storm Duck,2700,8
Chop Robinson,Tyrel Dodson,2700,2
Chop Robinson,Willie Gay Jr.,2700,6
Chop Robinson,Zach Sieler,2700,2
Chop Robinson,Zeek Biggers,2700,1
Chris Blair,Brandon Parker,0200,60
Chris Blair,David Sills,0200,6
Chris Blair,Dylan Drummond,0200,68
Chris Blair,Easton Stick,0200,103
Chris Blair,Elijah Dotson,0200,23
Chris Blair,Elijah Wilkinson,0200,57
Chris Blair,Feleipe Franks,0200,47
Chris Blair,Jack Nelson,0200,103
Chris Blair,Jashaun Corbin,0200,36
Chris Blair,Jesse Matthews,0200,33
Chris Blair,Joshua Gray,0200,89
Chris Blair,Joshua Simon,0200,44
Chris Blair,Jovaughn Gwyn,0200,103
Chris Blair,Kyle Hinton,0200,103
Chris Blair,Nate Carter,0200,44
Chris Blair,Nick Nash,0200,80
Chris Blair,Nikola Kalinic,0200,31
Chris Board,Abdul Carter,3410,1
Chris Board,Andru Phillips,3410,1
Chris Board,Art Green,3410,17
Chris Board,Chauncey Golston,3410,20
Chris Board,Cordale Flott,3410,3
Chris Board,Cory Durden,3410,17
Chris Board,DJ Davidson,3410,20
Chris Board,Dane Belton,3410,30
Chris Board,Darius Alexander,3410,24
Chris Board,Darius Muasau,3410,28
Chris Board,Dee Williams,3410,7
Chris Board,Deonte Banks,3410,12
Chris Board,Dyontae Johnson,3410,13
Chris Board,Elijah Chatman,3410,17
Chris Board,Elijah Garcia,3410,12
Chris Board,Jeremiah Ledbetter,3410,11
Chris Board,K'Von Wallace,3410,4
Chris Board,Korie Black,3410,3
Chris Board,Makari Paige,3410,11
Chris Board,Nic Jones,3410,26
Chris Board,O'Donnell Fortune,3410,17
Chris Board,Raheem Layne,3410,37
Chris Board,TJ Moore,3410,23
Chris Board,Tomon Fox,3410,31
Chris Board,Trace Ford,3410,25
Chris Braswell,Adam Gotsis,4900,20
Chris Braswell,Anthony Nelson,4900,14
Chris Braswell,Antonio Grier Jr.,4900,20
Chris Braswell,Bryce Hall,4900,39
Chris Braswell,C.J. Brewer,4900,42
Chris Braswell,Christian Izien,4900,25
Chris Braswell,Deion Jones,4900,55
Chris Braswell,Elijah Roberts,4900,30
Chris Braswell,Eric Banks,4900,24
Chris Braswell,Greg Gaines,4900,27
Chris Braswell,JJ Roberts,4900,16
Chris Braswell,Jacob Parrish,4900,33
Chris Braswell,JayVian Farr,4900,4
Chris Braswell,John Bullock,4900,11
Chris Braswell,Jose Ramirez,4900,12
Chris Braswell,Josh Hayes,4900,17
Chris Braswell,Kaevon Merriweather,4900,60
Chris Braswell,Kindle Vildor,4900,68
Chris Braswell,Markees Watts,4900,50
Chris Braswell,Mike Greene,4900,36
Chris Braswell,Nick Jackson,4900,52
Chris Braswell,Rashad Wisdom,4900,57
Chris Braswell,Shilo Sanders,4900,28
Chris Braswell,SirVocea Dennis,4900,14
Chris Braswell,Will Brooks,4900,6
Chris Brooks,Aaron Banks,1800,9
Chris Brooks,Anthony Belton,1800,8
Chris Brooks,Ben Sims,1800,1
Chris Brooks,Cornelius Johnson,1800,4
Chris Brooks,Donovan Jennings,1800,14
Chris Brooks,Elgton Jenkins,1800,9
Chris Brooks,Isaiah Neyor,1800,1
Chris Brooks,Jacob Monk,1800,8
Chris Brooks,John FitzPatrick,1800,8
Chris Brooks,Jordan Love,1800,9
Chris Brooks,Jordan Morgan,1800,23
Chris Brooks,Julian Hicks,1800,7
Chris Brooks,Luke Musgrave,1800,9
Chris Brooks,Malik Heath,1800,13
Chris Brooks,Malik Willis,1800,14
Chris Brooks,Matthew Golden,1800,14
Chris Brooks,Mecole Hardman,1800,8
Chris Brooks,Rasheed Walker,1800,6
Chris Brooks,Romeo Doubs,1800,15
Chris Brooks,Sean Rhyan,1800,23
Chris Brooks,Tucker Kraft,1800,12
Chris Brooks,Zach Tom,1800,15
Chris Collier,Aidan O'Connell,2520,13
Chris Collier,Albert Okwuegbunam,2520,17
Chris Collier,Alex Bachman,2520,1
Chris Collier,Atonio Mafi,2520,21
Chris Collier,Caleb Rogers,2520,13
Chris Collier,Cam Miller,2520,27
Chris Collier,Carter Runyon,2520,18
Chris Collier,Charles Grant,2520,13
Chris Collier,Collin Johnson,2520,6
Chris Collier,Dalton Wagner,2520,27
Chris Collier,Gottlieb Ayedze,2520,32
Chris Collier,Jackson Powers-Johnson,2520,3
Chris Collier,Jarrod Hufford,2520,27
Chris Collier,Jordan Meredith,2520,3
Chris Collier,Justin Shorter,2520,19
Chris Collier,Kawaan Baker,2520,2
Chris Collier,Ketron Jackson Jr.,2520,21
Chris Collier,Laki Tasi,2520,11
Chris Collier,Marquez Callaway,2520,15
Chris Collier,Parker Clements,2520,27
Chris Collier,Phillip Dorsett,2520,19
Chris Collier,Qadir Ismail,2520,7
Chris Collier,Shedrick Jackson,2520,17
Chris Collier,Thayer Munford Jr.,2520,13
Chris Collier,Tommy Mellott,2520,18
Chris Collier,Will Putnam,2520,10
Chris Edmonds,Adin Huntington,1050,55
Chris Edmonds,Cameron Mitchell,1050,15
Chris Edmonds,Cameron Thomas,1050,41
Chris Edmonds,Charlie Thomas,1050,27
Chris Edmonds,Chigozie Anusiem,1050,17
Chris Edmonds,Christian Holmes,1050,14
Chris Edmonds,Damontae Kazee,1050,21
Chris Edmonds,Darius Rush,1050,18
Chris Edmonds,Dom Jones,1050,39
Chris Edmonds,Donovan McMillon,1050,81
Chris Edmonds,Easton Mascarenas-Arnold,1050,81
Chris Edmonds,Jerome Baker,1050,9
Chris Edmonds,Joe Tryon-Shoyinka,1050,4
Chris Edmonds,Jowon Briggs,1050,44
Chris Edmonds,Julian Okwara,1050,60
Chris Edmonds,KJ Henry,1050,63
Chris Edmonds,Keenan Isaac,1050,47
Chris Edmonds,LaMareon James,1050,23
Chris Edmonds,Marvin Moody,1050,5
Chris Edmonds,Myles Harden,1050,19
Chris Edmonds,Nathaniel Watson,1050,64
Chris Edmonds,Nik Needham,1050,56
Chris Edmonds,Ralph Holley,1050,76
Chris Edmonds,Sam Kamara,1050,26
Chris Edmonds,Shelby Harris,1050,1
Chris Edmonds,Titus Leo,1050,32
Chris Edmonds,Tony Brown,1050,41
Chris Edmonds,Winston Reid,1050,21
Chris Glaser,Austin Reed,0810,30
Chris Glaser,Braxton Jones,0810,5
Chris Glaser,Brittain Brown,0810,41
Chris Glaser,Case Keenum,0810,22
Chris Glaser,Colston Loveland,0810,5
Chris Glaser,Deion Hankins,0810,14
Chris Glaser,Devin Duvernay,0810,5
Chris Glaser,Durham Smythe,0810,2
Chris Glaser,Ian Wheeler,0810,30
Chris Glaser,JP Richardson,0810,37
Chris Glaser,Jahdae Walker,0810,64
Chris Glaser,Joel Wilson,0810,76
Chris Glaser,John Jackson,0810,5
Chris Glaser,Jordan McFadden,0810,86
Chris Glaser,Joshua Miles,0810,82
Chris Glaser,Kiran Amegadjie,0810,55
Chris Glaser,Kyle Monangai,0810,5
Chris Glaser,Luke Newman,0810,15
Chris Glaser,Luther Burden III,0810,18
Chris Glaser,Maurice Alexander,0810,39
Chris Glaser,Miles Boykin,0810,7
Chris Glaser,Ozzy Trapilo,0810,31
Chris Glaser,Ricky Stromberg,0810,82
Chris Glaser,Royce Freeman,0810,11
Chris Glaser,Ryan Bates,0810,19
Chris Glaser,Samori Toure,0810,70
Chris Glaser,Stephen Carlson,0810,30
Chris Glaser,Theo Benedet,0810,29
Chris Glaser,Thomas Gordon,0810,14
Chris Glaser,Tyler Scott,0810,32
Chris Glaser,Tyson Bagent,0810,49
Chris Jones,Ashton Gillotte,2310,4
Chris Jones,Bryan Cook,2310,17
Chris Jones,Cam Jones,2310,1
Chris Jones,Chamarri Conner,2310,17
Chris Jones,Charles Omenihu,2310,6
Chris Jones,George Karlaftis,2310,14
Chris Jones,Jack Cochrane,2310,2
Chris Jones,Jaden Hicks,2310,11
Chris Jones,Jaylen Watson,2310,10
Chris Jones,Jeffrey Bassa,2310,3
Chris Jones,Jerry Tillery,2310,8
Chris Jones,Kristian Fulton,2310,8
Chris Jones,Leo Chenal,2310,16
Chris Jones,Michael Danna,2310,13
Chris Jones,Mike Pennel,2310,6
Chris Jones,Nick Bolton,2310,17
Chris Jones,Trent McDuffie,2310,17
Chris Lammons,Adetomiwa Adebawore,2200,37
Chris Lammons,Alex Johnson,2200,7
Chris Lammons,Austin Ajiake,2200,38
Chris Lammons,Cameron McGrone,2200,27
Chris Lammons,Camryn Bynum,2200,12
Chris Lammons,Charvarius Ward,2200,12
Chris Lammons,Daniel Scott,2200,46
Chris Lammons,DeForest Buckner,2200,9
Chris Lammons,Desmond Little,2200,10
Chris Lammons,Devonta Davis,2200,4
Chris Lammons,Duke Shelley,2200,30
Chris Lammons,Durell Nchami,2200,41
Chris Lammons,Eric Johnson,2200,9
Chris Lammons,Grover Stewart,2200,7
Chris Lammons,Hunter Wohler,2200,17
Chris Lammons,Isaiah Land,2200,22
Chris Lammons,JT Tuimoloau,2200,43
Chris Lammons,Jacob Phillips,2200,2
Chris Lammons,Joe Bachie,2200,21
Chris Lammons,Johnathan Edwards,2200,43
Chris Lammons,Josh Tupou,2200,10
Chris Lammons,Julius Brents,2200,18
Chris Lammons,Laiatu Latu,2200,13
Chris Lammons,Neville Gallimore,2200,29
Chris Lammons,Rodney Thomas,2200,46
Chris Lammons,Samuel Womack,2200,15
Chris Lammons,Segun Olubi,2200,31
Chris Lammons,Solomon DeShields,2200,5
Chris Lammons,Tim Smith,2200,13
Chris Lammons,Tre Herndon,2200,5
Chris Lammons,Trey Washington,2200,14
Chris Lammons,Tyquan Lewis,2200,13
Chris Manhertz,Aaron Stinnie,3410,2
Chris Manhertz,Austin Schlottmann,3410,2
Chris Manhertz,Daniel Bellinger,3410,2
Chris Manhertz,Dante Miller,3410,2
Chris Manhertz,Devin Singletary,3410,3
Chris Manhertz,Greg Dulcich,3410,2
Chris Manhertz,Greg Van Roten,3410,5
Chris Manhertz,Jake Kubas,3410,2
Chris Manhertz,James Hudson,3410,5
Chris Manhertz,Jaxson Dart,3410,2
Chris Manhertz,Jermaine Eluemunor,3410,5
Chris Manhertz,John Michael Schmitz,3410,5
Chris Manhertz,Jon Runyan,3410,5
Chris Manhertz,Joshua Ezeudu,3410,2
Chris Manhertz,Lil'Jordan Humphrey,3410,6
Chris Manhertz,Marcus Mbow,3410,2
Chris Manhertz,Russell Wilson,3410,5
Chris Manhertz,Theo Johnson,3410,3
Chris Manhertz,Tyrone Tracy Jr.,3410,2
Chris Manhertz,Wan'Dale Robinson,3410,2
Chris Manhertz,Zach Pascal,3410,6
Chris Moore,Ben Sinnott,5110,22
Chris Moore,Bobby Hart,5110,12
Chris Moore,Brandon Coleman,5110,9
Chris Moore,Chris Paul,5110,27
Chris Moore,Chris Rodriguez Jr.,5110,11
Chris Moore,Cole Turner,5110,6
Chris Moore,Colson Yankoff,5110,2
Chris Moore,Foster Sarell,5110,3
Chris Moore,Jacory Croskey-Merritt,5110,9
Chris Moore,Jaylin Lane,5110,1
Chris Moore,Jeremy McNichols,5110,7
Chris Moore,Josh Conerly Jr.,5110,15
Chris Moore,Julian Good-Jones,5110,6
Chris Moore,K.J. Osborn,5110,23
Chris Moore,Lawrence Cager,5110,1
Chris Moore,Luke McCaffrey,5110,23
Chris Moore,Michael Deiter,5110,21
Chris Moore,Michael Gallup,5110,3
Chris Moore,Sam Hartman,5110,27
Chris Moore,Trent Scott,5110,27
Chris Moore,Tyre Phillips,5110,15
Chris Myarick,A.J. Henning,2700,17
Chris Myarick,Aaron Shampklin,2700,10
Chris Myarick,Addison West,2700,40
Chris Myarick,Andrew Armstrong,2700,31
Chris Myarick,Braeden Daniels,2700,47
Chris Myarick,Daniel Brunskill,2700,7
Chris Myarick,Dee Eskridge,2700,4
Chris Myarick,Erik Ezukanma,2700,9
Chris Myarick,Hayden Rucci,2700,26
Chris Myarick,Jackson Carman,2700,7
Chris Myarick,Jalen McKenzie,2700,29
Chris Myarick,Josh Priebe,2700,40
Chris Myarick,Kion Smith,2700,36
Chris Myarick,Mason Brooks,2700,3
Chris Myarick,Mike Boone,2700,18
Chris Myarick,Monaray Baldwin,2700,6
Chris Myarick,Ollie Gordon II,2700,19
Chris Myarick,Quinn Ewers,2700,40
Chris Myarick,Ryan Hayes,2700,26
Chris Myarick,Tahj Washington,2700,7
Chris Myarick,Tarik Black,2700,6
Chris Myarick,Theo Wease Jr.,2700,35
Chris Myarick,Zach Wilson,2700,7
Chris Oladokun,Brashard Smith,2310,11
Chris Oladokun,C.J. Hanson,2310,36
Chris Oladokun,Carson Steele,2310,2
Chris Oladokun,Chukwuebuka Godrick,2310,24
Chris Oladokun,Dalton Cooper,2310,17
Chris Oladokun,Elijah Mitchell,2310,11
Chris Oladokun,Elijah Young,2310,13
Chris Oladokun,Elijhah Badger,2310,12
Chris Oladokun,Esa Pole,2310,27
Chris Oladokun,Geor'Quarius Spivey,2310,11
Chris Oladokun,Hal Presley,2310,15
Chris Oladokun,Hunter Nourzad,2310,19
Chris Oladokun,Jared Wiley,2310,9
Chris Oladokun,Jason Brownlee,2310,17
Chris Oladokun,Jaylon Moore,2310,4
Chris Oladokun,Jimmy Holiday,2310,10
Chris Oladokun,Joey Lombard,2310,17
Chris Oladokun,Key'Shawn Smith,2310,15
Chris Oladokun,Mac Dalena,2310,7
Chris Oladokun,Mike Caliendo,2310,19
Chris Oladokun,Nikko Remigio,2310,10
Chris Oladokun,Robert Tonyan,2310,8
Chris Oladokun,Skyy Moore,2310,10
Chris Oladokun,Tre Watson,2310,19
Chris Oladokun,Wanya Morris,2310,17
Chris Olave,Alvin Kamara,3300,1
Chris Olave,Brandin Cooks,3300,11
Chris Olave,Cam Akers,3300,4
Chris Olave,Cedrick Wilson Jr.,3300,11
Chris Olave,Cesar Ruiz,3300,30
Chris Olave,Clyde Edwards-Helaire,3300,4
Chris Olave,Dillon Radunz,3300,30
Chris Olave,Erik McCoy,3300,14
Chris Olave,Jack Stoll,3300,14
Chris Olave,Juwan Johnson,3300,12
Chris Olave,Kelvin Banks Jr.,3300,30
Chris Olave,Kendre Miller,3300,21
Chris Olave,Landon Young,3300,14
Chris Olave,Moliki Matavao,3300,3
Chris Olave,Rashid Shaheed,3300,30
Chris Olave,Spencer Rattler,3300,14
Chris Olave,Taliese Fuaga,3300,16
Chris Olave,Torricelli Simpkins III,3300,16
Chris Olave,Treyton Welch,3300,9
Chris Olave,Tyler Shough,3300,16
Chris Paul,Andrew Wylie,5110,7
Chris Paul,Ben Sinnott,5110,45
Chris Paul,Bobby Hart,5110,40
Chris Paul,Brandon Coleman,5110,10
Chris Paul,Chris Moore,5110,27
Chris Paul,Chris Rodriguez Jr.,5110,29
Chris Paul,Cole Turner,5110,23
Chris Paul,Colson Yankoff,5110,11
Chris Paul,Deebo Samuel Sr.,5110,4
Chris Paul,Demetric Felton,5110,10
Chris Paul,Foster Sarell,5110,13
Chris Paul,George Fant,5110,10
Chris Paul,Ja'Corey Brooks,5110,22
Chris Paul,Jacory Croskey-Merritt,5110,19
Chris Paul,Jayden Daniels,5110,4
Chris Paul,Jaylin Lane,5110,30
Chris Paul,Jeremy McNichols,5110,27
Chris Paul,John Bates,5110,7
Chris Paul,Josh Conerly Jr.,5110,39
Chris Paul,Josh Johnson,5110,36
Chris Paul,Julian Good-Jones,5110,35
Chris Paul,K.J. Osborn,5110,64
Chris Paul,Kazmeir Allen,5110,4
Chris Paul,Lawrence Cager,5110,17
Chris Paul,Luke McCaffrey,5110,42
Chris Paul,Michael Deiter,5110,65
Chris Paul,Michael Gallup,5110,26
Chris Paul,Mike Strachan,5110,2
Chris Paul,Nick Allegretti,5110,7
Chris Paul,Noah Brown,5110,6
Chris Paul,Sam Hartman,5110,49
Chris Paul,Tay Martin,5110,30
Chris Paul,Timothy McKay,5110,4
Chris Paul,Trent Scott,5110,72
Chris Paul,Tyler Biadasz,5110,7
Chris Paul,Tyre Phillips,5110,47
Chris Rodriguez Jr.,Andrew Wylie,5110,4
Chris Rodriguez Jr.,Ben Sinnott,5110,22
Chris Rodriguez Jr.,Bobby Hart,5110,21
Chris Rodriguez Jr.,Brandon Coleman,5110,8
Chris Rodriguez Jr.,Braylon Sanders,5110,6
Chris Rodriguez Jr.,Chris Moore,5110,11
Chris Rodriguez Jr.,Chris Paul,5110,29
Chris Rodriguez Jr.,Cole Turner,5110,6
Chris Rodriguez Jr.,Colson Yankoff,5110,5
Chris Rodriguez Jr.,Deebo Samuel Sr.,5110,4
Chris Rodriguez Jr.,Foster Sarell,5110,6
Chris Rodriguez Jr.,Ja'Corey Brooks,5110,6
Chris Rodriguez Jr.,Jacoby Jones,5110,2
Chris Rodriguez Jr.,Jayden Daniels,5110,4
Chris Rodriguez Jr.,Jaylin Lane,5110,10
Chris Rodriguez Jr.,John Bates,5110,4
Chris Rodriguez Jr.,Josh Conerly Jr.,5110,14
Chris Rodriguez Jr.,Josh Johnson,5110,15
Chris Rodriguez Jr.,Julian Good-Jones,5110,16
Chris Rodriguez Jr.,K.J. Osborn,5110,21
Chris Rodriguez Jr.,Lawrence Cager,5110,7
Chris Rodriguez Jr.,Luke McCaffrey,5110,15
Chris Rodriguez Jr.,Michael Deiter,5110,27
Chris Rodriguez Jr.,Michael Gallup,5110,6
Chris Rodriguez Jr.,Mike Strachan,5110,4
Chris Rodriguez Jr.,Nick Allegretti,5110,4
Chris Rodriguez Jr.,Noah Brown,5110,2
Chris Rodriguez Jr.,Sam Hartman,5110,16
Chris Rodriguez Jr.,Tay Martin,5110,9
Chris Rodriguez Jr.,Trent Scott,5110,25
Chris Rodriguez Jr.,Tyler Biadasz,5110,4
Chris Rodriguez Jr.,Tyre Phillips,5110,17
Chris Rumph II,Bryan Bresee,3300,8
Chris Rumph II,Cameron Jordan,3300,3
Chris Rumph II,Chase Young,3300,2
Chris Rumph II,D'Marco Jackson,3300,28
Chris Rumph II,Dalys Beanum,3300,17
Chris Rumph II,Danny Stutsman,3300,46
Chris Rumph II,Davon Godchaux,3300,2
Chris Rumph II,Demario Davis,3300,5
Chris Rumph II,Elliott Davison,3300,22
Chris Rumph II,Fadil Diggs,3300,35
Chris Rumph II,Isaac Yiadom,3300,23
Chris Rumph II,Isaiah Foskey,3300,42
Chris Rumph II,Isaiah Stalbird,3300,40
Chris Rumph II,Jayden Peevy,3300,15
Chris Rumph II,Jayden Price,3300,20
Chris Rumph II,Jaylan Ford,3300,30
Chris Rumph II,Jeremiah Martin,3300,8
Chris Rumph II,John Ridgeway,3300,22
Chris Rumph II,Jonah Williams,3300,39
Chris Rumph II,Jonas Sanker,3300,67
Chris Rumph II,Jonathan Bullard,3300,15
Chris Rumph II,Jordan Howden,3300,55
Chris Rumph II,Julian Blackmon,3300,10
Chris Rumph II,Justin Reid,3300,5
Chris Rumph II,Khalen Saunders,3300,14
Chris Rumph II,Khristian Boyd,3300,28
Chris Rumph II,Kool-Aid McKinstry,3300,10
Chris Rumph II,Nathan Shepherd,3300,8
Chris Rumph II,Nephi Sewell,3300,23
Chris Rumph II,Omari Thomas,3300,9
Chris Rumph II,Pete Werner,3300,4
Chris Rumph II,Quincy Riley,3300,62
Chris Rumph II,Rejzohn Wright,3300,30
Chris Rumph II,Rico Payton,3300,29
Chris Rumph II,Terrell Burgess,3300,20
Chris Rumph II,Ugo Amadi,3300,49
Chris Rumph II,Vernon Broughton,3300,44
Chris Smith,Ahmed Hassanein,1540,16
Chris Smith,Al-Quadin Muhammad,1540,53
Chris Smith,Allan George,1540,32
Chris Smith,Anthony Pittman,1540,50
Chris Smith,Avonte Maddox,1540,37
Chris Smith,Brodric Martin,1540,16
Chris Smith,D.J. Miller,1540,36
Chris Smith,DaRon Gilbert,1540,30
Chris Smith,Dan Jackson,1540,13
Chris Smith,Dicaprio Bootle,1540,18
Chris Smith,Ennis Rakestraw Jr.,1540,11
Chris Smith,Erick Hallett,1540,58
Chris Smith,Ezekiel Turner,1540,30
Chris Smith,Grant Stuard,1540,58
Chris Smith,Ian Kennelly,1540,57
Chris Smith,Isaac Ukwu,1540,40
Chris Smith,Keith Cooper,1540,52
Chris Smith,Loren Strickland,1540,40
Chris Smith,Luq Barcoo,1540,7
Chris Smith,Mitchell Agude,1540,14
Chris Smith,Morice Norris Jr.,1540,7
Chris Smith,Myles Adams,1540,31
Chris Smith,Nate Lynn,1540,43
Chris Smith,Nick Whiteside,1540,45
Chris Smith,Pat O'Connor,1540,31
Chris Smith,Raequan Williams,1540,6
Chris Smith,Rock Ya-Sin,1540,58
Chris Smith,Trevor Nowaske,1540,49
Chris Smith,Tyleik Williams,1540,13
Chris Smith,Tyson Russell,1540,51
Chris Smith,Zach Cunningham,1540,48
Chris Smith II,Adam Butler,2520,7
Chris Smith II,Andre Carter II,2520,30
Chris Smith II,Anthony Booker,2520,1
Chris Smith II,Charles Snowden,2520,54
Chris Smith II,Cody Lindenberg,2520,14
Chris Smith II,Darien Porter,2520,40
Chris Smith II,Darnay Holmes,2520,19
Chris Smith II,Decamerion Richardson,2520,49
Chris Smith II,Devin White,2520,7
Chris Smith II,Eric Stokes,2520,17
Chris Smith II,Germaine Pratt,2520,7
Chris Smith II,Greedy Vance,2520,12
Chris Smith II,Hudson Clark,2520,2
Chris Smith II,Isaiah Pola-Mao,2520,44
Chris Smith II,JJ Pegues,2520,20
Chris Smith II,JT Woods,2520,28
Chris Smith II,Jah Joyner,2520,1
Chris Smith II,Jahfari Harvey,2520,3
Chris Smith II,Jamal Adams,2520,31
Chris Smith II,Jaylon Smith,2520,26
Chris Smith II,Jeremy Chinn,2520,7
Chris Smith II,John Humphrey,2520,1
Chris Smith II,Jonah Laulu,2520,36
Chris Smith II,Kyu Kelly,2520,27
Chris Smith II,Leki Fotu,2520,1
Chris Smith II,Malcolm Koonce,2520,21
Chris Smith II,Matt Jones,2520,49
Chris Smith II,Maxx Crosby,2520,7
Chris Smith II,Michael Barrett,2520,7
Chris Smith II,Ovie Oghoufo,2520,13
Chris Smith II,Sam Webb,2520,2
Chris Smith II,Terrell Edmunds,2520,28
Chris Smith II,Thomas Booker,2520,25
Chris Smith II,Thomas Harper,2520,1
Chris Smith II,Tommy Eichenberg,2520,33
Chris Smith II,Tonka Hemingway,2520,54
Chris Smith II,Treven Ma'ae,2520,8
Chris Smith II,Trey Taylor,2520,11
Chris Smith II,Tyree Wilson,2520,45
Chris Smith II,Zachary Carter,2520,32
Chris Williams,Alex Cook,0810,22
Chris Williams,Amen Ogbongbemiga,0810,10
Chris Williams,Andrew Billings,0810,25
Chris Williams,Austin Booker,0810,19
Chris Williams,Dayo Odeyingbo,0810,14
Chris Williams,Dominique Robinson,0810,33
Chris Williams,Elijah Hicks,0810,11
Chris Williams,Gervon Dexter Sr.,0810,12
Chris Williams,Jaquan Brisker,0810,15
Chris Williams,Jonathan Ford,0810,3
Chris Williams,Jonathan Owens,0810,40
Chris Williams,Josh Blackwell,0810,8
Chris Williams,Kevin Byard,0810,15
Chris Williams,Major Burns,0810,7
Chris Williams,Mekhi Garner,0810,12
Chris Williams,Montez Sweat,0810,13
Chris Williams,Nahshon Wright,0810,26
Chris Williams,Nick McCloud,0810,31
Chris Williams,Noah Sewell,0810,51
Chris Williams,Ruben Hyppolite II,0810,45
Chris Williams,Swayze Bozeman,0810,2
Chris Williams,T.J. Edwards,0810,15
Chris Williams,Tanoh Kpassagnon,0810,31
Chris Williams,Terell Smith,0810,17
Chris Williams,Tre Flowers,0810,29
Chris Williams,Tremaine Edmunds,0810,3
Chris Williams,Tyrique Stevenson,0810,26
Chris Williams,Zacch Pickens,0810,15
Christian Benford,A.J. Epenesa,0610,7
Christian Benford,Cam Lewis,0610,17
Christian Benford,DaQuan Jones,0610,11
Christian Benford,Damar Hamlin,0610,17
Christian Benford,DeWayne Carter,0610,6
Christian Benford,Ed Oliver,0610,11
Christian Benford,Greg Rousseau,0610,10
Christian Benford,Joe Andreessen,0610,17
Christian Benford,Joey Bosa,0610,10
Christian Benford,Larry Ogunjobi,0610,6
Christian Benford,Matt Milano,0610,17
Christian Benford,Michael Hoecht,0610,7
Christian Benford,Taron Johnson,0610,16
Christian Benford,Te'Cory Couch,0610,1
Christian Benford,Tre'Davious White,0610,17
Christian Braswell,Andrew Wingard,2250,15
Christian Braswell,Antonio Johnson,2250,42
Christian Braswell,Austin Johnson,2250,21
Christian Braswell,BJ Green II,2250,12
Christian Braswell,Branson Combs,2250,6
Christian Braswell,Cam'Ron Silmon-Craig,2250,3
Christian Braswell,Chad Muma,2250,30
Christian Braswell,DaVon Hamilton,2250,5
Christian Braswell,Daniel Thomas,2250,26
Christian Braswell,Danny Striggow,2250,26
Christian Braswell,Darnell Savage,2250,28
Christian Braswell,Dawuane Smoot,2250,26
Christian Braswell,Deantre Prince,2250,46
Christian Braswell,Devin Lloyd,2250,9
Christian Braswell,Eli Mostaert,2250,3
Christian Braswell,Emmanuel Ogbah,2250,23
Christian Braswell,Eric Murray,2250,5
Christian Braswell,Ethan Downs,2250,1
Christian Braswell,Foye Oluokun,2250,5
Christian Braswell,Jabbar Muhammad,2250,27
Christian Braswell,Jack Kiser,2250,24
Christian Braswell,James Carpenter,2250,4
Christian Braswell,Jarrian Jones,2250,5
Christian Braswell,Jordan Jefferson,2250,32
Christian Braswell,Josh Hines-Allen,2250,5
Christian Braswell,Jourdan Lewis,2250,5
Christian Braswell,Keivie Rose,2250,17
Christian Braswell,Myles Cole,2250,19
Christian Braswell,Rayuan Lane III,2250,6
Christian Braswell,Travis Hunter,2250,3
Christian Braswell,Travon Walker,2250,5
Christian Braswell,Tyler Lacy,2250,17
Christian Braswell,Ventrell Miller,2250,27
Christian Braswell,Yasir Abdullah,2250,12
Christian Elliss,Alex Austin,3200,14
Christian Elliss,Carlton Davis III,3200,6
Christian Elliss,Craig Woodson,3200,7
Christian Elliss,DJ James,3200,12
Christian Elliss,Harold Landry III,3200,6
Christian Elliss,Isaiah Iton,3200,5
Christian Elliss,Jabrill Peppers,3200,14
Christian Elliss,Jaylinn Hawkins,3200,21
Christian Elliss,Jeremiah Pharms Jr.,3200,4
Christian Elliss,Joshua Farmer,3200,5
Christian Elliss,K'Lavon Chaisson,3200,1
Christian Elliss,Keion White,3200,22
Christian Elliss,Khyiris Tonga,3200,18
Christian Elliss,Kyle Dugger,3200,16
Christian Elliss,Marcus Jones,3200,20
Christian Elliss,Miles Battle,3200,1
Christian Elliss,Milton Williams,3200,18
Christian Elliss,Robert Spillane,3200,23
Christian Elliss,Truman Jones,3200,17
Christian Harris,Arthur Maulet,2120,6
Christian Harris,Casey Toohill,2120,5
Christian Harris,D'Angelo Ross,2120,8
Christian Harris,Damon Arnette,2120,4
Christian Harris,Darrell Taylor,2120,7
Christian Harris,Derek Barnett,2120,7
Christian Harris,Dylan Horton,2120,5
Christian Harris,E.J. Speed,2120,6
Christian Harris,Foley Fatukasi,2120,9
Christian Harris,Jake Hansen,2120,9
Christian Harris,Jalen Mills,2120,4
Christian Harris,Jaylin Smith,2120,8
Christian Harris,Junior Tafuna,2120,2
Christian Harris,M.J. Stewart,2120,12
Christian Harris,Nick Niemann,2120,3
Christian Harris,Russ Yeast,2120,8
Christian Harris,Tim Settle,2120,7
Christian Harris,Tommy Togiai,2120,6
Christian Harris,Tremon Smith,2120,4
Christian Haynes,Amari Kight,4600,52
Christian Haynes,Brady Russell,4600,26
Christian Haynes,Bryce Cabeldue,4600,17
Christian Haynes,Cody White,4600,22
Christian Haynes,Damien Martinez,4600,33
Christian Haynes,Dareke Young,4600,38
Christian Haynes,Drew Lock,4600,46
Christian Haynes,Elijah Arroyo,4600,38
Christian Haynes,Eric Saubert,4600,7
Christian Haynes,Federico Maranges,4600,24
Christian Haynes,George Holani,4600,6
Christian Haynes,Jacardia Wright,4600,14
Christian Haynes,Jake Bobo,4600,29
Christian Haynes,Jalen Milroe,4600,8
Christian Haynes,Jalen Sundell,4600,30
Christian Haynes,John Rhys Plumlee,4600,2
Christian Haynes,Josh Jones,4600,30
Christian Haynes,Marshall Lang,4600,5
Christian Haynes,Mason Richman,4600,11
Christian Haynes,Michael Jerrell,4600,16
Christian Haynes,Nick Kallerup,4600,21
Christian Haynes,Ricky White III,4600,3
Christian Haynes,Sataoa Laumea,4600,37
Christian Haynes,Tory Horton,4600,21
Christian Haynes,Tyrone Broden,4600,4
Christian Holmes,Adin Huntington,1050,12
Christian Holmes,Charlie Thomas,1050,9
Christian Holmes,Chris Edmonds,1050,14
Christian Holmes,Darius Rush,1050,10
Christian Holmes,Donovan McMillon,1050,14
Christian Holmes,Easton Mascarenas-Arnold,1050,14
Christian Holmes,Jowon Briggs,1050,4
Christian Holmes,Julian Okwara,1050,2
Christian Holmes,KJ Henry,1050,14
Christian Holmes,Keenan Isaac,1050,4
Christian Holmes,Marvin Moody,1050,4
Christian Holmes,Nathaniel Watson,1050,4
Christian Holmes,Nik Needham,1050,11
Christian Holmes,Ralph Holley,1050,12
Christian Holmes,Titus Leo,1050,12
Christian Izien,Adam Gotsis,4900,8
Christian Izien,Anthony Nelson,4900,14
Christian Izien,Antonio Grier Jr.,4900,2
Christian Izien,C.J. Brewer,4900,14
Christian Izien,Calijah Kancey,4900,7
Christian Izien,Chris Braswell,4900,25
Christian Izien,Deion Jones,4900,32
Christian Izien,Elijah Roberts,4900,7
Christian Izien,Eric Banks,4900,3
Christian Izien,Greg Gaines,4900,12
Christian Izien,Haason Reddick,4900,7
Christian Izien,JJ Roberts,4900,2
Christian Izien,Jacob Parrish,4900,30
Christian Izien,Jamel Dean,4900,7
Christian Izien,Josh Hayes,4900,16
Christian Izien,Kaevon Merriweather,4900,23
Christian Izien,Kindle Vildor,4900,18
Christian Izien,Logan Hall,4900,2
Christian Izien,Markees Watts,4900,11
Christian Izien,Mike Greene,4900,11
Christian Izien,Nick Jackson,4900,9
Christian Izien,Rashad Wisdom,4900,11
Christian Izien,SirVocea Dennis,4900,21
Christian Izien,Tykee Smith,4900,7
Christian Izien,Vita Vea,4900,7
Christian Izien,Yaya Diaby,4900,7
Christian Izien,Zyon McCollum,4900,7
Christian Jones,Andre Baccellia,3800,5
Christian Jones,Elijah Higgins,3800,14
Christian Jones,Emari Demercado,3800,9
Christian Jones,Greg Dortch,3800,7
Christian Jones,Hayden Conner,3800,16
Christian Jones,Jacoby Brissett,3800,16
Christian Jones,Josh Fryar,3800,16
Christian Jones,Josiah Deguara,3800,1
Christian Jones,Nick Leverett,3800,16
Christian Jones,Royce Newman,3800,16
Christian Jones,Tejhaun Palmer,3800,13
Christian Jones,Tip Reiman,3800,2
Christian Jones,Travis Vokolek,3800,6
Christian Jones,Trey Benson,3800,7
Christian Jones,Xavier Weaver,3800,16
Christian Kirk,Aireontae Ersery,2120,9
Christian Kirk,Blake Fisher,2120,9
Christian Kirk,C.J. Stroud,2120,9
Christian Kirk,Cade Stover,2120,5
Christian Kirk,Dalton Schultz,2120,5
Christian Kirk,Dare Ogunbowale,2120,2
Christian Kirk,Ed Ingram,2120,9
Christian Kirk,Jake Andrews,2120,9
Christian Kirk,Jakob Johnson,2120,1
Christian Kirk,Laken Tomlinson,2120,9
Christian Kirk,Nick Chubb,2120,7
Christian Kirk,Nico Collins,2120,9
Christian Kirk,Xavier Hutchinson,2120,7
Christian Matthew,Alijah Clark,1200,21
Christian Matthew,Bruce Harmon,1200,11
Christian Matthew,Buddy Johnson,1200,7
Christian Matthew,Damone Clark,1200,11
Christian Matthew,Darius Harris,1200,34
Christian Matthew,Denzel Daxon,1200,16
Christian Matthew,Donovan Ezeiruaku,1200,12
Christian Matthew,Earnest Brown IV,1200,30
Christian Matthew,Israel Mukuamu,1200,53
Christian Matthew,James Houston,1200,40
Christian Matthew,Jay Toia,1200,28
Christian Matthew,Justin Barron,1200,12
Christian Matthew,Kemon Hall,1200,7
Christian Matthew,Mazi Smith,1200,13
Christian Matthew,Mike Smith Jr.,1200,53
Christian Matthew,Payton Turner,1200,5
Christian Matthew,Perrion Winfrey,1200,15
Christian Matthew,Shemar James,1200,49
Christian Matthew,Tommy Akingbesote,1200,12
Christian Matthew,Troy Pride,1200,23
Christian Matthew,Tyrus Wheat,1200,40
Christian Matthew,Zion Childress,1200,37
Christian Roland-Wallace,Ajani Carter,2310,8
Christian Roland-Wallace,Ashton Gillotte,2310,55
Christian Roland-Wallace,Brandon George,2310,15
Christian Roland-Wallace,Bryan Cook,2310,17
Christian Roland-Wallace,Cam Jones,2310,44
Christian Roland-Wallace,Charles Omenihu,2310,21
Christian Roland-Wallace,Cole Christiansen,2310,41
Christian Roland-Wallace,Cooper McDonald,2310,16
Christian Roland-Wallace,Coziah Izzard,2310,14
Christian Roland-Wallace,Deon Bush,2310,3
Christian Roland-Wallace,Fabien Lovett Sr.,2310,19
Christian Roland-Wallace,Felix Anudike-Uzomah,2310,33
Christian Roland-Wallace,Glendon Miller,2310,33
Christian Roland-Wallace,Jack Cochrane,2310,9
Christian Roland-Wallace,Jacobe Covington,2310,2
Christian Roland-Wallace,Jaden Hicks,2310,29
Christian Roland-Wallace,Jaylen Watson,2310,9
Christian Roland-Wallace,Jeffrey Bassa,2310,38
Christian Roland-Wallace,Jerry Tillery,2310,46
Christian Roland-Wallace,Joshua Williams,2310,30
Christian Roland-Wallace,Kevin Knowles,2310,4
Christian Roland-Wallace,Kristian Fulton,2310,19
Christian Roland-Wallace,Major Williams,2310,14
Christian Roland-Wallace,Malik Herring,2310,43
Christian Roland-Wallace,Marlon Tuipulotu,2310,29
Christian Roland-Wallace,Melvin Smith Jr.,2310,9
Christian Roland-Wallace,Mike Edwards,2310,27
Christian Roland-Wallace,Mike Pennel,2310,2
Christian Roland-Wallace,Nate Matlack,2310,8
Christian Roland-Wallace,Nazeeh Johnson,2310,24
Christian Roland-Wallace,Nohl Williams,2310,47
Christian Roland-Wallace,Omarr Norman-Lott,2310,22
Christian Rozeboom,A'Shawn Robinson,0750,18
Christian Rozeboom,Bobby Brown III,0750,2
Christian Rozeboom,Chau Smith-Wade,0750,18
Christian Rozeboom,Corey Thornton,0750,11
Christian Rozeboom,D.J. Wonnum,0750,24
Christian Rozeboom,Demani Richardson,0750,2
Christian Rozeboom,Derrick Brown,0750,3
Christian Rozeboom,Mike Jackson,0750,24
Christian Rozeboom,Nick Scott,0750,24
Christian Rozeboom,Patrick Jones II,0750,24
Christian Rozeboom,Princely Umanmielen,0750,2
Christian Rozeboom,Shemar Bartholomew,0750,13
Christian Rozeboom,Shy Tuttle,0750,7
Christian Rozeboom,Tershawn Wharton,0750,22
Christian Rozeboom,Tre'von Moehrig,0750,24
Christian Rozeboom,Trevin Wallace,0750,22
Christopher Hinton,Caleb Murphy,4400,31
Christopher Hinton,Cam Hart,4400,3
Christopher Hinton,Deane Leonard,4400,12
Christopher Hinton,Del'Shawn Phillips,4400,6
Christopher Hinton,Emany Johnson,4400,73
Christopher Hinton,Eric Rogers,4400,14
Christopher Hinton,Garmon Randolph,4400,43
Christopher Hinton,Harrison Hand,4400,14
Christopher Hinton,Ja'Sir Taylor,4400,57
Christopher Hinton,Jamaree Caldwell,4400,10
Christopher Hinton,Jaylen Jones,4400,14
Christopher Hinton,Jordan Oladokun,4400,11
Christopher Hinton,Josh Fuga,4400,2
Christopher Hinton,Junior Colson,4400,21
Christopher Hinton,Justin Eboigbe,4400,5
Christopher Hinton,Kana'i Mauga,4400,28
Christopher Hinton,Kendall Williamson,4400,81
Christopher Hinton,Kylan Guidry,4400,53
Christopher Hinton,Kyle Kennard,4400,19
Christopher Hinton,Marlowe Wax,4400,65
Christopher Hinton,Myles Purchase,4400,53
Christopher Hinton,Naquan Jones,4400,23
Christopher Hinton,Nehemiah Shelton,4400,3
Christopher Hinton,Nesta Jade Silvera,4400,40
Christopher Hinton,Nikko Reed,4400,35
Christopher Hinton,R.J. Mickens,4400,73
Christopher Hinton,Scott Matlock,4400,9
Christopher Hinton,TeRah Edwards,4400,50
Christopher Hinton,Tony Jefferson,4400,12
Christopher Hinton,Tre'Mon Morris-Brash,4400,55
Christopher Hinton,Trikweze Bridges,4400,78
Christopher Hinton,Troy Dye,4400,7
Chuba Hubbard,Adam Thielen,0750,7
Chuba Hubbard,Austin Corbett,0750,10
Chuba Hubbard,Bryce Young,0750,10
Chuba Hubbard,Brycen Tremayne,0750,1
Chuba Hubbard,Cade Mays,0750,4
Chuba Hubbard,David Moore,0750,1
Chuba Hubbard,Ikem Ekwonu,0750,10
Chuba Hubbard,Ja'Tavion Sanders,0750,8
Chuba Hubbard,Ja'Tyre Carter,0750,6
Chuba Hubbard,Jalen Coker,0750,1
Chuba Hubbard,Mitchell Evans,0750,5
Chuba Hubbard,Robert Hunt,0750,10
Chuba Hubbard,Taylor Moton,0750,10
Chuba Hubbard,Tetairoa McMillan,0750,9
Chuba Hubbard,Xavier Legette,0750,8
Chuck Clark,Beanie Bishop Jr.,3900,35
Chuck Clark,Brandin Echols,3900,74
Chuck Clark,Cameron McCutcheon,3900,6
Chuck Clark,Cole Holcomb,3900,66
Chuck Clark,Daniel Ekuale,3900,27
Chuck Clark,Darius Slay,3900,6
Chuck Clark,Daryl Porter,3900,26
Chuck Clark,DeMarvin Leal,3900,47
Chuck Clark,DeShon Elliott,3900,6
Chuck Clark,Derrick Harmon,3900,57
Chuck Clark,Eku Leota,3900,37
Chuck Clark,Isaiahh Loudermilk,3900,41
Chuck Clark,Jack Sawyer,3900,48
Chuck Clark,Jalen Ramsey,3900,6
Chuck Clark,James Pierre,3900,80
Chuck Clark,Joey Porter Jr.,3900,6
Chuck Clark,Juan Thornhill,3900,30
Chuck Clark,Julius Welschof,3900,37
Chuck Clark,Keeanu Benton,3900,28
Chuck Clark,Logan Lee,3900,10
Chuck Clark,Malik Harrison,3900,50
Chuck Clark,Mark Robinson,3900,11
Chuck Clark,Miles Killebrew,3900,50
Chuck Clark,Nick Herbig,3900,3
Chuck Clark,Patrick Queen,3900,6
Chuck Clark,Payton Wilson,3900,39
Chuck Clark,Yahya Black,3900,28
Chukwuebuka Godrick,Bailey Zappe,2310,35
Chukwuebuka Godrick,Brashard Smith,2310,17
Chukwuebuka Godrick,C.J. Hanson,2310,67
Chukwuebuka Godrick,Carson Steele,2310,20
Chukwuebuka Godrick,Chris Oladokun,2310,24
Chukwuebuka Godrick,Dalton Cooper,2310,36
Chukwuebuka Godrick,Elijah Mitchell,2310,16
Chukwuebuka Godrick,Elijah Young,2310,15
Chukwuebuka Godrick,Elijhah Badger,2310,19
Chukwuebuka Godrick,Esa Pole,2310,45
Chukwuebuka Godrick,Gardner Minshew,2310,8
Chukwuebuka Godrick,Geor'Quarius Spivey,2310,23
Chukwuebuka Godrick,Hal Presley,2310,26
Chukwuebuka Godrick,Hunter Nourzad,2310,31
Chukwuebuka Godrick,Jalen Royals,2310,7
Chukwuebuka Godrick,Jared Wiley,2310,19
Chukwuebuka Godrick,Jason Brownlee,2310,25
Chukwuebuka Godrick,Jimmy Holiday,2310,18
Chukwuebuka Godrick,Joey Lombard,2310,36
Chukwuebuka Godrick,Key'Shawn Smith,2310,23
Chukwuebuka Godrick,Mac Dalena,2310,15
Chukwuebuka Godrick,Michael Wiley,2310,1
Chukwuebuka Godrick,Mike Caliendo,2310,31
Chukwuebuka Godrick,Nikko Remigio,2310,20
Chukwuebuka Godrick,Robert Tonyan,2310,24
Chukwuebuka Godrick,Skyy Moore,2310,20
Chukwuebuka Godrick,Tre Watson,2310,26
Chukwuebuka Godrick,Tyquan Thornton,2310,1
Chukwuebuka Godrick,Wanya Morris,2310,22
Chukwuma Okorafor,Adrian Martinez,3430,18
Chukwuma Okorafor,Andrew Beck,3430,7
Chukwuma Okorafor,Arian Smith,3430,28
Chukwuma Okorafor,Brady Cook,3430,13
Chukwuma Okorafor,Braelon Allen,3430,6
Chukwuma Okorafor,Brandon Smith,3430,31
Chukwuma Okorafor,Donovan Edwards,3430,2
Chukwuma Okorafor,Isaiah Davis,3430,4
Chukwuma Okorafor,Jamaal Pritchett,3430,16
Chukwuma Okorafor,Josh Myers,3430,15
Chukwuma Okorafor,Kene Nwangwu,3430,19
Chukwuma Okorafor,Kohl Levao,3430,31
Chukwuma Okorafor,Liam Fornadel,3430,6
Chukwuma Okorafor,Malachi Corley,3430,8
Chukwuma Okorafor,Marquis Hayes,3430,10
Chukwuma Okorafor,Max Mitchell,3430,31
Chukwuma Okorafor,Neal Johnson,3430,1
Chukwuma Okorafor,Quentin Skinner,3430,3
Chukwuma Okorafor,Stone Smartt,3430,22
Chukwuma Okorafor,Xavier Newman-Johnson,3430,31
Chukwuma Okorafor,Zack Kuntz,3430,8
Chuma Edoga,Anton Harrison,2250,11
Chuma Edoga,Brenton Strange,2250,9
Chuma Edoga,Brian Thomas Jr.,2250,11
Chuma Edoga,Dyami Brown,2250,9
Chuma Edoga,Ezra Cleveland,2250,11
Chuma Edoga,Hunter Long,2250,3
Chuma Edoga,Parker Washington,2250,2
Chuma Edoga,Robert Hainsey,2250,11
Chuma Edoga,Travis Etienne,2250,11
Chuma Edoga,Travis Hunter,2250,10
Chuma Edoga,Trevor Lawrence,2250,11
Chuma Edoga,Walker Little,2250,11
Clarence Lewis,Ali Gaye,2100,26
Clarence Lewis,Amani Oruwariye,2100,14
Clarence Lewis,Amari Burney,2100,11
Clarence Lewis,Blake Lynch,2100,9
Clarence Lewis,Brian Asamoah II,2100,4
Clarence Lewis,Cam Horsley,2100,30
Clarence Lewis,Cedric Gray,2100,6
Clarence Lewis,Curtis Jacobs,2100,30
Clarence Lewis,David Gbenda,2100,8
Clarence Lewis,Davion Ross,2100,31
Clarence Lewis,Desmond Evans,2100,14
Clarence Lewis,Isaiah Raikes,2100,3
Clarence Lewis,Jalen Kimber,2100,10
Clarence Lewis,Jaylen Harrell,2100,12
Clarence Lewis,Jermari Harris,2100,10
Clarence Lewis,Joe Gaziano,2100,17
Clarence Lewis,Joshuah Bledsoe,2100,34
Clarence Lewis,Josiah Bronson,2100,7
Clarence Lewis,Julius Wood,2100,34
Clarence Lewis,Philip Blidi,2100,5
Clarence Lewis,T.J. Smith,2100,1
Clarence Lewis,Timmy Horne,2100,24
Claudin Cherelus,Akayleb Evans,0750,14
Claudin Cherelus,Cam Jackson,0750,5
Claudin Cherelus,Carlos Basham,0750,7
Claudin Cherelus,Corey Thornton,0750,14
Claudin Cherelus,Demani Richardson,0750,14
Claudin Cherelus,Isaac Gifford,0750,2
Claudin Cherelus,J.J. Weaver,0750,7
Claudin Cherelus,Jaden Crumedy,0750,4
Claudin Cherelus,Jared Harrison-Hunte,0750,5
Claudin Cherelus,Krys Barnes,0750,12
Claudin Cherelus,Lathan Ransom,0750,14
Claudin Cherelus,Princely Umanmielen,0750,7
Claudin Cherelus,Sam Roberts,0750,10
Claudin Cherelus,Shemar Bartholomew,0750,10
Claudin Cherelus,Shy Tuttle,0750,8
Claudin Cherelus,Thomas Incoom,0750,7
Clay Webb,A.T. Perry,1400,6
Clay Webb,Adam Prentice,1400,5
Clay Webb,Audric EstimÃ©,1400,32
Clay Webb,Blake Watson,1400,33
Clay Webb,Caden Prieskorn,1400,40
Clay Webb,Caleb Lohner,1400,52
Clay Webb,Courtney Jackson,1400,46
Clay Webb,Frank Crum,1400,13
Clay Webb,Jerjuan Newton,1400,27
Clay Webb,Joaquin Davis,1400,45
Clay Webb,Joseph Michalski,1400,68
Clay Webb,Kyrese Rowan,1400,27
Clay Webb,Lucas Krull,1400,3
Clay Webb,Marques Cox,1400,68
Clay Webb,Michael Bandy,1400,18
Clay Webb,Nick Gargiulo,1400,1
Clay Webb,Pat Bryant,1400,2
Clay Webb,Sam Ehlinger,1400,68
Clay Webb,Tyler Badie,1400,3
Clay Webb,Will Sherman,1400,67
Clay Webb,Xavier Truss,1400,55
Clayton Tune,Andre Baccellia,3800,35
Clayton Tune,Bam Knight,3800,28
Clayton Tune,Bryson Green,3800,49
Clayton Tune,DeeJay Dallas,3800,13
Clayton Tune,Emari Demercado,3800,26
Clayton Tune,Hayden Conner,3800,25
Clayton Tune,Jake Curhan,3800,74
Clayton Tune,Jeremiah Byers,3800,91
Clayton Tune,Jon Gaines II,3800,16
Clayton Tune,Josh Fryar,3800,39
Clayton Tune,Josiah Deguara,3800,74
Clayton Tune,McClendon Curtis,3800,34
Clayton Tune,Michael Carter,3800,35
Clayton Tune,Nate McCollum,3800,30
Clayton Tune,Nick Leverett,3800,68
Clayton Tune,Oscar Cardenas,3800,37
Clayton Tune,Royce Newman,3800,72
Clayton Tune,Simi Fehoko,3800,28
Clayton Tune,Sincere Haynesworth,3800,91
Clayton Tune,Tejhaun Palmer,3800,66
Clayton Tune,Travis Vokolek,3800,36
Clayton Tune,Trishton Jackson,3800,5
Clayton Tune,Xavier Weaver,3800,48
Clelin Ferrell,Ale Kaho,5110,44
Clelin Ferrell,Andre Jones Jr.,5110,23
Clelin Ferrell,Antonio Hamilton,5110,28
Clelin Ferrell,Ben Nikkel,5110,33
Clelin Ferrell,Bobby Price,5110,32
Clelin Ferrell,Car'lin Vigers,5110,59
Clelin Ferrell,Carl Davis,5110,24
Clelin Ferrell,Daryl Worley,5110,25
Clelin Ferrell,Deatrich Wise,5110,2
Clelin Ferrell,Dominique Hampton,5110,10
Clelin Ferrell,Duke Riley,5110,30
Clelin Ferrell,Eddie Goldman,5110,32
Clelin Ferrell,Essang Bassey,5110,16
Clelin Ferrell,Jacob Martin,5110,12
Clelin Ferrell,Jalyn Holmes,5110,39
Clelin Ferrell,Jer'Zhan Newton,5110,29
Clelin Ferrell,Jeremy Reaves,5110,25
Clelin Ferrell,Jordan Magee,5110,6
Clelin Ferrell,Kain Medrano,5110,42
Clelin Ferrell,Kam Arnold,5110,14
Clelin Ferrell,Noah Igbinoghene,5110,52
Clelin Ferrell,Norell Pollard,5110,10
Clelin Ferrell,Percy Butler,5110,26
Clelin Ferrell,Ricky Barber,5110,7
Clelin Ferrell,Robert McDaniel,5110,35
Clelin Ferrell,Sheldon Day,5110,40
Clelin Ferrell,T.J. Maguranyanga,5110,6
Clelin Ferrell,Trey Amos,5110,14
Clelin Ferrell,Tyler Owens,5110,23
Clelin Ferrell,Viliami Fehoko Jr.,5110,2
Clyde Edwards-Helaire,Barry Wesley,3300,24
Clyde Edwards-Helaire,Brandin Cooks,3300,3
Clyde Edwards-Helaire,Bub Means,3300,2
Clyde Edwards-Helaire,Cedrick Wilson Jr.,3300,10
Clyde Edwards-Helaire,Cesar Ruiz,3300,4
Clyde Edwards-Helaire,Chris Olave,3300,4
Clyde Edwards-Helaire,Dante Pettis,3300,14
Clyde Edwards-Helaire,Dillon Radunz,3300,18
Clyde Edwards-Helaire,Easton Kilty,3300,24
Clyde Edwards-Helaire,Erik McCoy,3300,4
Clyde Edwards-Helaire,Jack Stoll,3300,2
Clyde Edwards-Helaire,Jonathan Mendoza,3300,2
Clyde Edwards-Helaire,Juwan Johnson,3300,3
Clyde Edwards-Helaire,Kelvin Banks Jr.,3300,4
Clyde Edwards-Helaire,Kevin Austin Jr.,3300,22
Clyde Edwards-Helaire,Kyle Hergel,3300,4
Clyde Edwards-Helaire,Landon Young,3300,12
Clyde Edwards-Helaire,Mason Tipton,3300,17
Clyde Edwards-Helaire,Michael Jacobson,3300,1
Clyde Edwards-Helaire,Moliki Matavao,3300,13
Clyde Edwards-Helaire,Rashid Shaheed,3300,4
Clyde Edwards-Helaire,Shane Lemieux,3300,20
Clyde Edwards-Helaire,Spencer Rattler,3300,14
Clyde Edwards-Helaire,Torricelli Simpkins III,3300,24
Clyde Edwards-Helaire,Treyton Welch,3300,13
Clyde Edwards-Helaire,Tyler Shough,3300,14
Clyde Edwards-Helaire,Velus Jones Jr.,3300,4
Cobee Bryant,Arnold Ebiketie,0200,4
Cobee Bryant,Billy Bowman Jr.,0200,10
Cobee Bryant,Brandon Dorlus,0200,3
Cobee Bryant,Caleb Johnson,0200,13
Cobee Bryant,DeAngelo Malone,0200,28
Cobee Bryant,Dontae Manning,0200,11
Cobee Bryant,Henry Black,0200,25
Cobee Bryant,Jalon Walker,0200,4
Cobee Bryant,James Pearce Jr.,0200,2
Cobee Bryant,Jordan Fuller,0200,6
Cobee Bryant,Josh Thompson,0200,34
Cobee Bryant,Josh Woods,0200,6
Cobee Bryant,Keith Taylor,0200,10
Cobee Bryant,Kentavius Street,0200,13
Cobee Bryant,Khalid Kareem,0200,35
Cobee Bryant,LaCale London,0200,14
Cobee Bryant,Lamar Jackson,0200,32
Cobee Bryant,Mike Ford,0200,23
Cobee Bryant,Morgan Fox,0200,26
Cobee Bryant,Natrone Brooks,0200,7
Cobee Bryant,Nick Kubitz,0200,37
Cobee Bryant,Ronnie Harrison,0200,19
Cobee Bryant,Ronnie Perkins,0200,15
Cobee Bryant,Ruke Orhorhoro,0200,9
Cobee Bryant,Simeon Barrow Jr.,0200,25
Cobee Bryant,Ta'Quon Graham,0200,9
Cobee Bryant,Xavier Watts,0200,6
Cobee Bryant,Zach Harrison,0200,4
Coby Bryant,Boye Mafe,4600,10
Coby Bryant,Brandon Pili,4600,3
Coby Bryant,Byron Murphy II,4600,10
Coby Bryant,Derick Hall,4600,10
Coby Bryant,Devon Witherspoon,4600,10
Coby Bryant,Ernest Jones,4600,10
Coby Bryant,Josh Jobe,4600,4
Coby Bryant,Julian Love,4600,10
Coby Bryant,Mike Morris,4600,4
Coby Bryant,Nick Emmanwori,4600,6
Coby Bryant,Patrick O'Connell,4600,9
Coby Bryant,Quinton Bohanna,4600,4
Coby Bryant,Riq Woolen,4600,10
Cody Barton,Amani Hooker,2100,27
Cody Barton,Arden Key,2100,20
Cody Barton,Carlos Watkins,2100,6
Cody Barton,Cedric Gray,2100,21
Cody Barton,Darrell Baker Jr.,2100,27
Cody Barton,Dre'Mont Jones,2100,22
Cody Barton,James Lynch,2100,14
Cody Barton,James Williams,2100,6
Cody Barton,Jarvis Brownlee Jr.,2100,27
Cody Barton,Jeffery Simmons,2100,13
Cody Barton,Jihad Ward,2100,2
Cody Barton,Oluwafemi Oladejo,2100,16
Cody Barton,Roger McCreary,2100,17
Cody Barton,Sebastian Joseph-Day,2100,15
Cody Barton,Timmy Horne,2100,10
Cody Barton,Xavier Woods,2100,27
Cody Ford,Andrew Raym,0920,16
Cody Ford,Cam Grandy,0920,8
Cody Ford,Charlie Jones,0920,16
Cody Ford,Cordell Volson,0920,16
Cody Ford,Devin Cochran,0920,16
Cody Ford,Gary Brightwell,0920,1
Cody Ford,Isaiah Williams,0920,6
Cody Ford,Jake Browning,0920,16
Cody Ford,Jalen Rivers,0920,16
Cody Ford,Jermaine Burton,0920,14
Cody Ford,Mitchell Tinsley,0920,10
Cody Ford,Samaje Perine,0920,3
Cody Ford,Tahj Brooks,0920,13
Cody Ford,Tanner Hudson,0920,7
Cody Ford,Tanner McLachlan,0920,2
Cody Lindenberg,Amari Gainer,2520,2
Cody Lindenberg,Andre Carter II,2520,21
Cody Lindenberg,Anthony Booker,2520,15
Cody Lindenberg,Charles Snowden,2520,19
Cody Lindenberg,Chris Smith II,2520,14
Cody Lindenberg,Darien Porter,2520,3
Cody Lindenberg,Darnay Holmes,2520,17
Cody Lindenberg,Decamerion Richardson,2520,12
Cody Lindenberg,Greedy Vance,2520,16
Cody Lindenberg,Hudson Clark,2520,50
Cody Lindenberg,Isaiah Pola-Mao,2520,5
Cody Lindenberg,JJ Pegues,2520,36
Cody Lindenberg,JT Woods,2520,27
Cody Lindenberg,Jah Joyner,2520,28
Cody Lindenberg,Jahfari Harvey,2520,19
Cody Lindenberg,Jamal Adams,2520,3
Cody Lindenberg,Jaylon Smith,2520,5
Cody Lindenberg,John Humphrey,2520,40
Cody Lindenberg,Jonah Laulu,2520,8
Cody Lindenberg,Keondre Coburn,2520,16
Cody Lindenberg,Kyu Kelly,2520,6
Cody Lindenberg,Leki Fotu,2520,5
Cody Lindenberg,Malcolm Koonce,2520,3
Cody Lindenberg,Matt Jones,2520,27
Cody Lindenberg,Michael Barrett,2520,30
Cody Lindenberg,Ovie Oghoufo,2520,32
Cody Lindenberg,Sam Webb,2520,44
Cody Lindenberg,Terrell Edmunds,2520,6
Cody Lindenberg,Thomas Booker,2520,5
Cody Lindenberg,Tommy Eichenberg,2520,9
Cody Lindenberg,Tonka Hemingway,2520,20
Cody Lindenberg,Treven Ma'ae,2520,38
Cody Lindenberg,Trey Taylor,2520,58
Cody Lindenberg,Tyree Wilson,2520,8
Cody Lindenberg,Zachary Carter,2520,13
Cody Mauch,Ben Bredeson,4900,19
Cody Mauch,Bucky Irving,4900,18
Cody Mauch,Cade Otton,4900,17
Cody Mauch,Charlie Heck,4900,19
Cody Mauch,Emeka Egbuka,4900,19
Cody Mauch,Graham Barton,4900,19
Cody Mauch,Jalen McMillan,4900,6
Cody Mauch,Luke Goedeke,4900,19
Cody Mauch,Payne Durham,4900,4
Cody Mauch,Ryan Miller,4900,3
Cody Mauch,Sean Tucker,4900,1
Cody Mauch,Sterling Shepard,4900,14
Cody Mauch,Teddy Bridgewater,4900,19
Cody Mauch,Tez Johnson,4900,13
Cody Schrader,A.J. Arcuri,2510,56
Cody Schrader,Anthony Torres,2510,5
Cody Schrader,Beaux Limmer,2510,1
Cody Schrader,Ben Dooley,2510,68
Cody Schrader,Brennan Presley,2510,51
Cody Schrader,Britain Covey,2510,65
Cody Schrader,Drake Stoops,2510,21
Cody Schrader,Dresser Winn,2510,31
Cody Schrader,John Leglue,2510,13
Cody Schrader,Justin Dedich,2510,6
Cody Schrader,KT Leveston,2510,74
Cody Schrader,Mario Williams,2510,28
Cody Schrader,Mark Redman,2510,48
Cody Schrader,McCallan Castles,2510,10
Cody Schrader,Mike Mcallister,2510,3
Cody Schrader,Stetson Bennett,2510,43
Cody Schrader,Terrance Ferguson,2510,12
Cody Schrader,Trey Wedig,2510,62
Cody Schrader,Tru Edwards,2510,56
Cody Schrader,Willie Lampkin,2510,16
Cody Schrader,Wyatt Bowles,2510,71
Cody Simon,Akeem Davis-Gaither,3800,10
Cody Simon,Anthony Goodlow,3800,46
Cody Simon,Benton Whitley,3800,49
Cody Simon,Dadrion Taylor-Demerson,3800,10
Cody Simon,Darren Hall,3800,34
Cody Simon,Denzel Burke,3800,74
Cody Simon,Ekow Boye-Doe,3800,17
Cody Simon,Elijah Jones,3800,12
Cody Simon,Elijah Simmons,3800,33
Cody Simon,Elliott Brown,3800,54
Cody Simon,Jammie Robinson,3800,41
Cody Simon,Jaylon Jones,3800,71
Cody Simon,Joey Blount,3800,41
Cody Simon,Jordan Burch,3800,26
Cody Simon,Kei'Trel Clark,3800,50
Cody Simon,Kitan Crawford,3800,69
Cody Simon,Kyon Barrs,3800,42
Cody Simon,L.J. Collier,3800,14
Cody Simon,Mykal Walker,3800,38
Cody Simon,Owen Pappoe,3800,24
Cody Simon,PJ Mustipher,3800,37
Cody Simon,Patrick Jenkins,3800,39
Cody Simon,Steven Gilmore,3800,5
Cody Simon,Vi Jones,3800,11
Cody Simon,Will Johnson,3800,25
Cody Simon,Xavier Thomas,3800,48
Cody White,Abraham Lucas,4600,2
Cody White,Amari Kight,4600,42
Cody White,Anthony Bradford,4600,2
Cody White,Anthony Tyus III,4600,19
Cody White,Brady Russell,4600,9
Cody White,Bryce Cabeldue,4600,44
Cody White,Christian Haynes,4600,22
Cody White,Damien Martinez,4600,27
Cody White,Dareke Young,4600,20
Cody White,Drew Lock,4600,20
Cody White,Elijah Arroyo,4600,21
Cody White,Eric Saubert,4600,1
Cody White,Federico Maranges,4600,38
Cody White,George Holani,4600,3
Cody White,Grey Zabel,4600,2
Cody White,Jacardia Wright,4600,10
Cody White,Jake Bobo,4600,17
Cody White,Jalen Milroe,4600,40
Cody White,Jalen Sundell,4600,9
Cody White,Josh Jones,4600,9
Cody White,Luke Felix-Fualalo,4600,19
Cody White,Marshall Lang,4600,30
Cody White,Mason Richman,4600,39
Cody White,Michael Jerrell,4600,31
Cody White,Nick Kallerup,4600,21
Cody White,Ricky White III,4600,27
Cody White,Robbie Ouzts,4600,1
Cody White,Sataoa Laumea,4600,41
Cody White,Tory Horton,4600,3
Cody White,Tyrone Broden,4600,31
Colby Sorsdal,Craig Reynolds,1540,1
Colby Sorsdal,Dominic Lovett,1540,18
Colby Sorsdal,Giovanni Manu,1540,25
Colby Sorsdal,Hendon Hooker,1540,17
Colby Sorsdal,Isaac TeSlaa,1540,8
Colby Sorsdal,Jabari Small,1540,20
Colby Sorsdal,Jackson Meeks,1540,20
Colby Sorsdal,Jacob Saylors,1540,4
Colby Sorsdal,Jakobie Keeney-James,1540,10
Colby Sorsdal,Jamarco Jones,1540,3
Colby Sorsdal,Kenny Yeboah,1540,10
Colby Sorsdal,Kingsley Eguakun,1540,8
Colby Sorsdal,Kyle Allen,1540,8
Colby Sorsdal,Malik Taylor,1540,7
Colby Sorsdal,Mason Miller,1540,22
Colby Sorsdal,Michael Niese,1540,17
Colby Sorsdal,Netane Muti,1540,8
Colby Sorsdal,Ronnie Bell,1540,4
Colby Sorsdal,Shane Zylstra,1540,5
Colby Sorsdal,Tom Kennedy,1540,5
Colby Sorsdal,Trystan Colon,1540,17
Colby Sorsdal,Zach Horton,1540,13
Colby Wooden,Arron Mosby,1800,2
Colby Wooden,Barryn Sorrell,1800,12
Colby Wooden,Bo Melton,1800,31
Colby Wooden,Brenton Cox Jr.,1800,29
Colby Wooden,Carrington Valentine,1800,5
Colby Wooden,Corey Ballentine,1800,3
Colby Wooden,Edgerrin Cooper,1800,5
Colby Wooden,Evan Williams,1800,5
Colby Wooden,Isaiah Dunn,1800,3
Colby Wooden,Isaiah McDuffie,1800,4
Colby Wooden,Isaiah Simmons,1800,38
Colby Wooden,Javon Bullard,1800,5
Colby Wooden,Johnathan Baldwin,1800,9
Colby Wooden,Kalen King,1800,29
Colby Wooden,Kamal Hadden,1800,14
Colby Wooden,Karl Brooks,1800,28
Colby Wooden,Keisean Nixon,1800,5
Colby Wooden,Kingsley Enagbare,1800,35
Colby Wooden,Kitan Oladapo,1800,36
Colby Wooden,Kristian Welch,1800,13
Colby Wooden,Lukas Van Ness,1800,4
Colby Wooden,Micah Robinson,1800,18
Colby Wooden,Nazir Stackhouse,1800,11
Colby Wooden,Omar Brown,1800,32
Colby Wooden,Quay Walker,1800,4
Colby Wooden,Rashan Gary,1800,4
Colby Wooden,Ty'Ron Hopper,1800,38
Colby Wooden,Tyron Herring,1800,3
Colby Wooden,Warren Brinson,1800,4
Colby Wooden,Zayne Anderson,1800,1
Cole Bishop,A.J. Epenesa,0610,13
Cole Bishop,Brandon Codrington,0610,11
Cole Bishop,Daequan Hardy,0610,10
Cole Bishop,Damar Hamlin,0610,21
Cole Bishop,Dane Jackson,0610,21
Cole Bishop,DeWayne Carter,0610,8
Cole Bishop,Deone Walker,0610,13
Cole Bishop,Dorian Strong,0610,16
Cole Bishop,Dorian Williams,0610,21
Cole Bishop,Ja'Marcus Ingram,0610,5
Cole Bishop,Javon Solomon,0610,7
Cole Bishop,Joe Andreessen,0610,21
Cole Bishop,Landon Jackson,0610,13
Cole Bishop,Larry Ogunjobi,0610,4
Cole Bishop,Marcus Harris,0610,1
Cole Bishop,Michael Hoecht,0610,8
Cole Bishop,Nelson Ceaser,0610,1
Cole Bishop,T.J. Sanders,0610,13
Cole Bishop,Zion Logue,0610,3
Cole Burgess,Andrew Coker,0920,42
Cole Burgess,Andrew Raym,0920,29
Cole Burgess,Andrew Stueber,0920,43
Cole Burgess,Caleb Etienne,0920,24
Cole Burgess,Cam Grandy,0920,14
Cole Burgess,Desmond Ridder,0920,20
Cole Burgess,Devin Cochran,0920,1
Cole Burgess,Gary Brightwell,0920,14
Cole Burgess,Jake Browning,0920,8
Cole Burgess,Jalen Rivers,0920,8
Cole Burgess,Jamoi Mayes,0920,9
Cole Burgess,Jaxson Kirkland,0920,43
Cole Burgess,Jordan Moore,0920,26
Cole Burgess,Kendall Milton,0920,11
Cole Burgess,Kendric Pryor,0920,6
Cole Burgess,Mitchell Tinsley,0920,1
Cole Burgess,Payton Thorne,0920,15
Cole Burgess,Quali Conley,0920,14
Cole Burgess,Rashod Owens,0920,37
Cole Burgess,Seth McLaughlin,0920,25
Cole Burgess,Tahj Brooks,0920,4
Cole Burgess,Tanner Hudson,0920,6
Cole Burgess,Tanner McLachlan,0920,30
Cole Christiansen,Ajani Carter,2310,2
Cole Christiansen,Ashton Gillotte,2310,47
Cole Christiansen,Azizi Hearn,2310,5
Cole Christiansen,Brandon George,2310,2
Cole Christiansen,Bryan Cook,2310,19
Cole Christiansen,Cam Jones,2310,32
Cole Christiansen,Chamarri Conner,2310,7
Cole Christiansen,Charles Omenihu,2310,19
Cole Christiansen,Christian Roland-Wallace,2310,41
Cole Christiansen,Cooper McDonald,2310,31
Cole Christiansen,Coziah Izzard,2310,19
Cole Christiansen,Deon Bush,2310,3
Cole Christiansen,Fabien Lovett Sr.,2310,23
Cole Christiansen,Felix Anudike-Uzomah,2310,20
Cole Christiansen,George Karlaftis,2310,4
Cole Christiansen,Glendon Miller,2310,40
Cole Christiansen,Jack Cochrane,2310,16
Cole Christiansen,Jaden Hicks,2310,23
Cole Christiansen,Jaylen Watson,2310,7
Cole Christiansen,Jeffrey Bassa,2310,21
Cole Christiansen,Jerry Tillery,2310,46
Cole Christiansen,Joshua Williams,2310,25
Cole Christiansen,Kevin Knowles,2310,18
Cole Christiansen,Kristian Fulton,2310,18
Cole Christiansen,Leo Chenal,2310,7
Cole Christiansen,Major Williams,2310,29
Cole Christiansen,Malik Herring,2310,43
Cole Christiansen,Marlon Tuipulotu,2310,32
Cole Christiansen,Melvin Smith Jr.,2310,13
Cole Christiansen,Michael Danna,2310,6
Cole Christiansen,Mike Edwards,2310,23
Cole Christiansen,Mike Pennel,2310,9
Cole Christiansen,Nate Matlack,2310,23
Cole Christiansen,Nazeeh Johnson,2310,33
Cole Christiansen,Nohl Williams,2310,53
Cole Christiansen,Omarr Norman-Lott,2310,21
Cole Fotheringham,Alec Lindstrom,3200,34
Cole Fotheringham,Antonio Gibson,3200,5
Cole Fotheringham,Ben Brown,3200,14
Cole Fotheringham,Ben Wooldridge,3200,43
Cole Fotheringham,CJ Dippre,3200,23
Cole Fotheringham,Caedan Wallace,3200,18
Cole Fotheringham,Cole Strange,3200,21
Cole Fotheringham,Demontrey Jacobs,3200,50
Cole Fotheringham,Efton Chism III,3200,26
Cole Fotheringham,Gee Scott Jr.,3200,14
Cole Fotheringham,JaMycal Hasty,3200,26
Cole Fotheringham,Jack Conley,3200,38
Cole Fotheringham,Jack Westover,3200,18
Cole Fotheringham,Jared Wilson,3200,24
Cole Fotheringham,Javon Baker,3200,28
Cole Fotheringham,Jeremiah Webb,3200,34
Cole Fotheringham,John Jiles,3200,31
Cole Fotheringham,Joshua Dobbs,3200,21
Cole Fotheringham,Kyle Williams,3200,9
Cole Fotheringham,Lan Larison,3200,11
Cole Fotheringham,Layden Robinson,3200,20
Cole Fotheringham,Marcus Bryant,3200,14
Cole Fotheringham,Mehki Butler,3200,27
Cole Fotheringham,Micah Bernard,3200,4
Cole Fotheringham,Phil Lutz,3200,9
Cole Fotheringham,Shane Watts,3200,12
Cole Fotheringham,Sidy Sow,3200,21
Cole Fotheringham,Terrell Jennings,3200,6
Cole Fotheringham,Tyrese Robinson,3200,13
Cole Fotheringham,Vederian Lowe,3200,26
Cole Holcomb,Beanie Bishop Jr.,3900,30
Cole Holcomb,Brandin Echols,3900,75
Cole Holcomb,Cameron McCutcheon,3900,3
Cole Holcomb,Chuck Clark,3900,66
Cole Holcomb,Daniel Ekuale,3900,28
Cole Holcomb,Daryl Porter,3900,36
Cole Holcomb,DeMarvin Leal,3900,46
Cole Holcomb,Derrick Harmon,3900,43
Cole Holcomb,Eku Leota,3900,30
Cole Holcomb,Esezi Otomewo,3900,4
Cole Holcomb,Isaiahh Loudermilk,3900,29
Cole Holcomb,Jack Sawyer,3900,47
Cole Holcomb,James Pierre,3900,78
Cole Holcomb,Juan Thornhill,3900,26
Cole Holcomb,Julius Welschof,3900,30
Cole Holcomb,Keeanu Benton,3900,19
Cole Holcomb,Logan Lee,3900,15
Cole Holcomb,Malik Harrison,3900,48
Cole Holcomb,Mark Robinson,3900,3
Cole Holcomb,Miles Killebrew,3900,52
Cole Holcomb,Nick Herbig,3900,3
Cole Holcomb,Payton Wilson,3900,27
Cole Holcomb,Sebastian Castro,3900,12
Cole Holcomb,Yahya Black,3900,30
Cole Kmet,Braxton Jones,0810,24
Cole Kmet,Brittain Brown,0810,3
Cole Kmet,Caleb Williams,0810,24
Cole Kmet,Colston Loveland,0810,13
Cole Kmet,D'Andre Swift,0810,12
Cole Kmet,DJ Moore,0810,24
Cole Kmet,Darnell Wright,0810,24
Cole Kmet,Deion Hankins,0810,9
Cole Kmet,Drew Dalman,0810,24
Cole Kmet,Jonah Jackson,0810,24
Cole Kmet,Luke Newman,0810,24
Cole Kmet,Olamide Zaccheaus,0810,11
Cole Kmet,Rome Odunze,0810,24
Cole Strange,Antonio Gibson,3200,17
Cole Strange,Ben Brown,3200,30
Cole Strange,Ben Wooldridge,3200,32
Cole Strange,CJ Dippre,3200,15
Cole Strange,Caedan Wallace,3200,29
Cole Strange,Cole Fotheringham,3200,21
Cole Strange,Demontrey Jacobs,3200,68
Cole Strange,Efton Chism III,3200,36
Cole Strange,Garrett Bradbury,3200,7
Cole Strange,Gee Scott Jr.,3200,25
Cole Strange,Ja'Lynn Polk,3200,14
Cole Strange,JaMycal Hasty,3200,29
Cole Strange,Jack Conley,3200,6
Cole Strange,Jack Westover,3200,38
Cole Strange,Jaheim Bell,3200,11
Cole Strange,Jared Wilson,3200,23
Cole Strange,Javon Baker,3200,54
Cole Strange,Jeremiah Webb,3200,16
Cole Strange,John Jiles,3200,30
Cole Strange,Joshua Dobbs,3200,43
Cole Strange,Kyle Williams,3200,22
Cole Strange,Lan Larison,3200,8
Cole Strange,Marcus Bryant,3200,30
Cole Strange,Micah Bernard,3200,1
Cole Strange,Phil Lutz,3200,18
Cole Strange,Rhamondre Stevenson,3200,2
Cole Strange,Shane Watts,3200,16
Cole Strange,Sidy Sow,3200,39
Cole Strange,Terrell Jennings,3200,2
Cole Strange,Tyrese Robinson,3200,22
Cole Strange,Vederian Lowe,3200,46
Cole Turner,Ben Sinnott,5110,5
Cole Turner,Bobby Hart,5110,30
Cole Turner,Braylon Sanders,5110,5
Cole Turner,Chris Moore,5110,6
Cole Turner,Chris Paul,5110,23
Cole Turner,Chris Rodriguez Jr.,5110,6
Cole Turner,Colson Yankoff,5110,2
Cole Turner,Demetric Felton,5110,19
Cole Turner,Foster Sarell,5110,36
Cole Turner,George Fant,5110,10
Cole Turner,Ja'Corey Brooks,5110,29
Cole Turner,Jacoby Jones,5110,14
Cole Turner,Jacory Croskey-Merritt,5110,14
Cole Turner,Jaylin Lane,5110,1
Cole Turner,Jeremy McNichols,5110,5
Cole Turner,Josh Conerly Jr.,5110,9
Cole Turner,Josh Johnson,5110,38
Cole Turner,Julian Good-Jones,5110,12
Cole Turner,K.J. Osborn,5110,15
Cole Turner,Kazmeir Allen,5110,7
Cole Turner,Lawrence Cager,5110,15
Cole Turner,Lucas Niang,5110,2
Cole Turner,Luke McCaffrey,5110,7
Cole Turner,Michael Deiter,5110,34
Cole Turner,Michael Gallup,5110,30
Cole Turner,Mike Strachan,5110,3
Cole Turner,Nick Harris,5110,12
Cole Turner,Noah Brown,5110,4
Cole Turner,River Cracraft,5110,2
Cole Turner,Sam Hartman,5110,13
Cole Turner,Tay Martin,5110,15
Cole Turner,Timothy McKay,5110,21
Cole Turner,Trent Scott,5110,23
Cole Turner,Tyre Phillips,5110,43
Coleman Owen,Ajou Ajou,2200,36
Coleman Owen,Blake Freeland,2200,36
Coleman Owen,Blayne Taylor,2200,33
Coleman Owen,D.J. Montgomery,2200,19
Coleman Owen,Dalton Tucker,2200,20
Coleman Owen,Danny Pinter,2200,14
Coleman Owen,Jalen Travis,2200,29
Coleman Owen,Jason Bean,2200,35
Coleman Owen,Jelani Woods,2200,52
Coleman Owen,Josh Sills,2200,74
Coleman Owen,Khalil Herbert,2200,19
Coleman Owen,Landon Parker,2200,34
Coleman Owen,Laquon Treadwell,2200,24
Coleman Owen,Luke Tenuta,2200,49
Coleman Owen,Marcellus Johnson,2200,35
Coleman Owen,Marshall Foerner,2200,35
Coleman Owen,Maximilian Mang,2200,2
Coleman Owen,Mose Vavao,2200,72
Coleman Owen,Nate Noel,2200,11
Coleman Owen,Nay'Quan Wright,2200,12
Coleman Owen,Riley Leonard,2200,51
Coleman Owen,Sean McKeon,2200,21
Coleman Owen,Tyler Kahmann,2200,25
Coleman Owen,Ulysses Bentley IV,2200,44
Coleman Owen,Wesley French,2200,66
Coleman Owen,Will Mallory,2200,12
Collin Johnson,Aidan O'Connell,2520,41
Collin Johnson,Albert Okwuegbunam,2520,8
Collin Johnson,Alex Bachman,2520,39
Collin Johnson,Atonio Mafi,2520,32
Collin Johnson,Caleb Rogers,2520,52
Collin Johnson,Cam Miller,2520,15
Collin Johnson,Carter Runyon,2520,10
Collin Johnson,Charles Grant,2520,52
Collin Johnson,Chris Collier,2520,6
Collin Johnson,Dalton Wagner,2520,4
Collin Johnson,Dylan Laube,2520,9
Collin Johnson,Gottlieb Ayedze,2520,4
Collin Johnson,Ian Thomas,2520,19
Collin Johnson,Jack Bech,2520,36
Collin Johnson,Jackson Powers-Johnson,2520,20
Collin Johnson,Jarrod Hufford,2520,4
Collin Johnson,Jordan Meredith,2520,20
Collin Johnson,Kawaan Baker,2520,1
Collin Johnson,Ketron Jackson Jr.,2520,4
Collin Johnson,Laki Tasi,2520,4
Collin Johnson,Parker Clements,2520,4
Collin Johnson,Phillip Dorsett,2520,18
Collin Johnson,Qadir Ismail,2520,19
Collin Johnson,Raheem Mostert,2520,7
Collin Johnson,Shedrick Jackson,2520,11
Collin Johnson,Sincere McCormick,2520,25
Collin Johnson,Thayer Munford Jr.,2520,52
Collin Johnson,Tommy Mellott,2520,3
Collin Johnson,Will Putnam,2520,32
Collin Johnson,Zamir White,2520,9
Colson Yankoff,Ben Sinnott,5110,2
Colson Yankoff,Bobby Hart,5110,29
Colson Yankoff,Brandon Coleman,5110,1
Colson Yankoff,Braylon Sanders,5110,6
Colson Yankoff,Chris Moore,5110,2
Colson Yankoff,Chris Paul,5110,11
Colson Yankoff,Chris Rodriguez Jr.,5110,5
Colson Yankoff,Cole Turner,5110,2
Colson Yankoff,Demetric Felton,5110,5
Colson Yankoff,Foster Sarell,5110,25
Colson Yankoff,George Fant,5110,4
Colson Yankoff,Ja'Corey Brooks,5110,20
Colson Yankoff,Jacoby Jones,5110,8
Colson Yankoff,Jacory Croskey-Merritt,5110,7
Colson Yankoff,Jaylin Lane,5110,13
Colson Yankoff,Jeremy McNichols,5110,15
Colson Yankoff,Josh Conerly Jr.,5110,1
Colson Yankoff,Josh Johnson,5110,17
Colson Yankoff,Julian Good-Jones,5110,24
Colson Yankoff,K.J. Osborn,5110,9
Colson Yankoff,Kazmeir Allen,5110,2
Colson Yankoff,Lawrence Cager,5110,5
Colson Yankoff,Lucas Niang,5110,2
Colson Yankoff,Luke McCaffrey,5110,10
Colson Yankoff,Michael Deiter,5110,32
Colson Yankoff,Michael Gallup,5110,7
Colson Yankoff,Mike Strachan,5110,6
Colson Yankoff,Noah Brown,5110,1
Colson Yankoff,Sam Hartman,5110,17
Colson Yankoff,Tay Martin,5110,11
Colson Yankoff,Timothy McKay,5110,7
Colson Yankoff,Trent Scott,5110,21
Colson Yankoff,Tyre Phillips,5110,13
Colston Loveland,Braxton Jones,0810,33
Colston Loveland,Brittain Brown,0810,10
Colston Loveland,Caleb Williams,0810,28
Colston Loveland,Chris Glaser,0810,5
Colston Loveland,Cole Kmet,0810,13
Colston Loveland,D'Andre Swift,0810,11
Colston Loveland,DJ Moore,0810,27
Colston Loveland,Darnell Wright,0810,28
Colston Loveland,Deion Hankins,0810,7
Colston Loveland,Devin Duvernay,0810,5
Colston Loveland,Drew Dalman,0810,28
Colston Loveland,Durham Smythe,0810,1
Colston Loveland,Jonah Jackson,0810,28
Colston Loveland,Kyle Monangai,0810,5
Colston Loveland,Luke Newman,0810,33
Colston Loveland,Luther Burden III,0810,5
Colston Loveland,Olamide Zaccheaus,0810,15
Colston Loveland,Rome Odunze,0810,28
Colston Loveland,Ryan Bates,0810,5
Colston Loveland,Theo Benedet,0810,5
Colston Loveland,Tyler Scott,0810,5
Colston Loveland,Tyson Bagent,0810,5
Colton McKivitz,Brock Purdy,4500,11
Colton McKivitz,Connor Colby,4500,11
Colton McKivitz,Demarcus Robinson,4500,9
Colton McKivitz,Dominick Puni,4500,11
Colton McKivitz,George Kittle,4500,11
Colton McKivitz,Isaiah Hodgins,4500,2
Colton McKivitz,Jake Brendel,4500,11
Colton McKivitz,Kyle Juszczyk,4500,6
Colton McKivitz,Luke Farrell,4500,2
Colton McKivitz,Patrick Taylor,4500,11
Colton McKivitz,Ricky Pearsall,4500,9
Colton McKivitz,Russell Gage,4500,5
Colton McKivitz,Spencer Burford,4500,11
Connor Bazelak,Ben Scott,4900,57
Connor Bazelak,Benjamin Chukwuma,4900,52
Connor Bazelak,Devin Culp,4900,18
Connor Bazelak,Elijah Klein,4900,61
Connor Bazelak,Garrett Greene,4900,45
Connor Bazelak,Jacob Harris,4900,48
Connor Bazelak,Jaden Smith,4900,25
Connor Bazelak,Jake Majors,4900,54
Connor Bazelak,Jase McClellan,4900,9
Connor Bazelak,Josh Williams,4900,13
Connor Bazelak,Kameron Johnson,4900,18
Connor Bazelak,Ko Kieft,4900,30
Connor Bazelak,Lorenz Metz,4900,19
Connor Bazelak,Luke Haggard,4900,20
Connor Bazelak,Mike Jordan,4900,34
Connor Bazelak,Owen Wright,4900,48
Connor Bazelak,Payne Durham,4900,6
Connor Bazelak,Raiqwon O'Neal,4900,9
Connor Bazelak,Rakim Jarrett,4900,36
Connor Bazelak,Ryan Miller,4900,19
Connor Bazelak,Sean Tucker,4900,6
Connor Bazelak,Sua Opeta,4900,22
Connor Bazelak,Tanner Taula,4900,44
Connor Bazelak,Tez Johnson,4900,9
Connor Bazelak,Trey Palmer,4900,6
Connor Bazelak,Tyler McLellan,4900,52
Connor Colby,Ameer Abdullah,4500,5
Connor Colby,Austen Pleasants,4500,56
Connor Colby,Brayden Willis,4500,49
Connor Colby,Brock Purdy,4500,11
Connor Colby,Carter Bradley,4500,34
Connor Colby,Colton McKivitz,4500,11
Connor Colby,Corey Kiner,4500,33
Connor Colby,Demarcus Robinson,4500,46
Connor Colby,Dominick Puni,4500,11
Connor Colby,Drake Nugent,4500,34
Connor Colby,Drew Moss,4500,24
Connor Colby,George Kittle,4500,11
Connor Colby,Isaac Alarcon,4500,26
Connor Colby,Isaac Guerendo,4500,14
Connor Colby,Isaiah Hodgins,4500,33
Connor Colby,Isaiah Prince,4500,32
Connor Colby,Jake Brendel,4500,11
Connor Colby,Jake Tonges,4500,51
Connor Colby,Jeff Wilson,4500,14
Connor Colby,Jordan Watkins,4500,20
Connor Colby,Junior Bergen,4500,23
Connor Colby,Ke'Shawn Vaughn,4500,21
Connor Colby,Kyle Juszczyk,4500,6
Connor Colby,Luke Farrell,4500,39
Connor Colby,Mac Jones,4500,35
Connor Colby,Malik Turner,4500,2
Connor Colby,Matt Hennessy,4500,54
Connor Colby,Nick Zakelj,4500,64
Connor Colby,Patrick Taylor,4500,12
Connor Colby,Ricky Pearsall,4500,9
Connor Colby,Robbie Chosen,4500,50
Connor Colby,Russell Gage,4500,45
Connor Colby,Skyy Moore,4500,8
Connor Colby,Spencer Burford,4500,73
Connor Colby,Tanner Mordecai,4500,19
Connor Colby,Terique Owens,4500,4
Connor Heyward,Aiden Williams,3900,22
Connor Heyward,Andrus Peat,3900,24
Connor Heyward,Ben Skowronek,3900,1
Connor Heyward,Brandon Johnson,3900,25
Connor Heyward,Broderick Jones,3900,15
Connor Heyward,Darnell Washington,3900,15
Connor Heyward,Doug Nester,3900,33
Connor Heyward,Dylan Cook,3900,32
Connor Heyward,Evan Hull,3900,5
Connor Heyward,Gareth Warren,3900,10
Connor Heyward,JJ Galbreath,3900,15
Connor Heyward,Jaylen Warren,3900,1
Connor Heyward,Kaleb Johnson,3900,34
Connor Heyward,Ke'Shawn Williams,3900,11
Connor Heyward,Kenneth Gainwell,3900,4
Connor Heyward,Kevin Foelsch,3900,1
Connor Heyward,Lance McCutcheon,3900,17
Connor Heyward,Lew Nichols III,3900,2
Connor Heyward,Mason McCormick,3900,15
Connor Heyward,Mason Rudolph,3900,14
Connor Heyward,Max Hurleman,3900,13
Connor Heyward,Max Scharping,3900,40
Connor Heyward,Pat Freiermuth,3900,1
Connor Heyward,Robert Woods,3900,17
Connor Heyward,Roc Taylor,3900,8
Connor Heyward,Roman Wilson,3900,25
Connor Heyward,Ryan McCollum,3900,7
Connor Heyward,Scott Miller,3900,16
Connor Heyward,Skylar Thompson,3900,41
Connor Heyward,Spencer Anderson,3900,15
Connor Heyward,Steven Jones,3900,32
Connor Heyward,Trey Sermon,3900,9
Connor Heyward,Troy Fautanu,3900,15
Connor Heyward,Zach Frazier,3900,15
Connor McGovern,Dalton Kincaid,0610,4
Connor McGovern,David Edwards,0610,14
Connor McGovern,Dawson Knox,0610,8
Connor McGovern,Dion Dawkins,0610,14
Connor McGovern,Elijah Moore,0610,7
Connor McGovern,Jackson Hawes,0610,3
Connor McGovern,Josh Palmer,0610,14
Connor McGovern,Keon Coleman,0610,14
Connor McGovern,Mitchell Trubisky,0610,14
Connor McGovern,O'Cyrus Torrence,0610,14
Connor McGovern,Ray Davis,0610,6
Connor McGovern,Reggie Gilliam,0610,6
Connor McGovern,Ryan Van Demark,0610,14
Connor McGovern,Ty Johnson,0610,8
Connor O'Toole,Alphonzo Tuputala,4600,16
Connor O'Toole,Anthony Campbell,4600,12
Connor O'Toole,Brandon Pili,4600,16
Connor O'Toole,D'Anthony Bell,4600,61
Connor O'Toole,D'Eryk Jackson,4600,60
Connor O'Toole,Damarion Williams,4600,83
Connor O'Toole,Drake Thomas,4600,54
Connor O'Toole,Isas Waxter,4600,26
Connor O'Toole,J.R. Singleton,4600,34
Connor O'Toole,Jalan Gaines,4600,16
Connor O'Toole,Jamie Sheriff,4600,28
Connor O'Toole,Jared Ivey,4600,53
Connor O'Toole,Jerrick Reed II,4600,50
Connor O'Toole,Josh Jobe,4600,10
Connor O'Toole,Kam Alexander,4600,5
Connor O'Toole,Keydrain Calligan,4600,38
Connor O'Toole,Michael Dowell,4600,14
Connor O'Toole,Mike Morris,4600,30
Connor O'Toole,Nehemiah Pritchett,4600,24
Connor O'Toole,Nick Emmanwori,4600,6
Connor O'Toole,Patrick O'Connell,4600,22
Connor O'Toole,Quinton Bohanna,4600,22
Connor O'Toole,Seth Coleman,4600,27
Connor O'Toole,Shaquill Griffin,4600,13
Connor O'Toole,Ty Okada,4600,77
Connor O'Toole,Tyler Hall,4600,48
Connor O'Toole,Tyreke Smith,4600,15
Connor O'Toole,Wy'Kevious Thomas,4600,50
Conor McDermott,Austin Deculus,2120,42
Conor McDermott,British Brooks,2120,15
Conor McDermott,Cornell Powell,2120,19
Conor McDermott,Daniel Jackson,2120,20
Conor McDermott,Dare Ogunbowale,2120,4
Conor McDermott,Eli Cox,2120,42
Conor McDermott,Graham Mertz,2120,24
Conor McDermott,Harrison Bryant,2120,13
Conor McDermott,Irv Smith,2120,6
Conor McDermott,J.J. Taylor,2120,4
Conor McDermott,Jakob Johnson,2120,17
Conor McDermott,Jawhar Jordan,2120,7
Conor McDermott,Jaylon Thomas,2120,42
Conor McDermott,Juwann Winfree,2120,25
Conor McDermott,Kedon Slovis,2120,18
Conor McDermott,LaDarius Henderson,2120,42
Conor McDermott,Luke Lachey,2120,25
Conor McDermott,Quintez Cephus,2120,30
Conor McDermott,Tre' McKitty,2120,6
Conor McDermott,Woody Marks,2120,12
Conor McDermott,Xavier Johnson,2120,7
Cooper Beebe,Deuce Vaughn,1200,1
Cooper Beebe,Hakeem Adeniji,1200,11
Cooper Beebe,Hunter Luepke,1200,5
Cooper Beebe,Jalen Cropper,1200,5
Cooper Beebe,Jalen Tolbert,1200,11
Cooper Beebe,Joe Milton III,1200,11
Cooper Beebe,John Stephens Jr.,1200,1
Cooper Beebe,Jonathan Mingo,1200,11
Cooper Beebe,Luke Schoonmaker,1200,11
Cooper Beebe,Miles Sanders,1200,10
Cooper Beebe,Nathan Thomas,1200,11
Cooper Beebe,TJ Bass,1200,11
Cooper Beebe,Tyler Booker,1200,11
Cooper Kupp,AJ Barner,4600,6
Cooper Kupp,Abraham Lucas,4600,7
Cooper Kupp,Anthony Bradford,4600,7
Cooper Kupp,Elijah Arroyo,4600,1
Cooper Kupp,Eric Saubert,4600,1
Cooper Kupp,Grey Zabel,4600,7
Cooper Kupp,Jalen Sundell,4600,7
Cooper Kupp,Jaxon Smith-Njigba,4600,7
Cooper Kupp,Josh Jones,4600,7
Cooper Kupp,Marquez Valdes-Scantling,4600,2
Cooper Kupp,Robbie Ouzts,4600,4
Cooper Kupp,Sam Darnold,4600,7
Cooper Kupp,Zach Charbonnet,4600,7
Cooper McDonald,Ajani Carter,2310,20
Cooper McDonald,Ashton Gillotte,2310,15
Cooper McDonald,Azizi Hearn,2310,17
Cooper McDonald,Brandon George,2310,26
Cooper McDonald,Bryan Cook,2310,8
Cooper McDonald,Cam Jones,2310,15
Cooper McDonald,Charles Omenihu,2310,8
Cooper McDonald,Christian Roland-Wallace,2310,16
Cooper McDonald,Cole Christiansen,2310,31
Cooper McDonald,Coziah Izzard,2310,37
Cooper McDonald,Fabien Lovett Sr.,2310,48
Cooper McDonald,Felix Anudike-Uzomah,2310,22
Cooper McDonald,Glendon Miller,2310,47
Cooper McDonald,Jack Cochrane,2310,7
Cooper McDonald,Jacobe Covington,2310,7
Cooper McDonald,Jaden Hicks,2310,16
Cooper McDonald,Janarius Robinson,2310,5
Cooper McDonald,Jaylen Watson,2310,1
Cooper McDonald,Jeffrey Bassa,2310,44
Cooper McDonald,Jerry Tillery,2310,10
Cooper McDonald,Joshua Williams,2310,36
Cooper McDonald,Kevin Knowles,2310,19
Cooper McDonald,Kristian Fulton,2310,14
Cooper McDonald,Major Williams,2310,41
Cooper McDonald,Malik Herring,2310,59
Cooper McDonald,Marlon Tuipulotu,2310,42
Cooper McDonald,Melvin Smith Jr.,2310,24
Cooper McDonald,Mike Edwards,2310,7
Cooper McDonald,Mike Pennel,2310,1
Cooper McDonald,Nate Matlack,2310,32
Cooper McDonald,Nazeeh Johnson,2310,7
Cooper McDonald,Nohl Williams,2310,23
Cooper McDonald,Omarr Norman-Lott,2310,5
Cooper Rush,Andrew Vorhees,0325,28
Cooper Rush,Anthony Miller,0325,18
Cooper Rush,Ben Cleveland,0325,51
Cooper Rush,Carson Vinson,0325,51
Cooper Rush,Charlie Kolar,0325,52
Cooper Rush,Corey Bullock,0325,64
Cooper Rush,D'Ernest Johnson,0325,34
Cooper Rush,Daniel Faalele,0325,28
Cooper Rush,Darrian Dalcourt,0325,21
Cooper Rush,Dayton Wade,0325,24
Cooper Rush,Devontez Walker,0325,65
Cooper Rush,Garrett Dellinger,0325,30
Cooper Rush,Gerad Lichtenhan,0325,17
Cooper Rush,Joe Noteboom,0325,64
Cooper Rush,Keaton Mitchell,0325,7
Cooper Rush,Keith Kirkwood,0325,10
Cooper Rush,LaJohntay Wester,0325,49
Cooper Rush,Lucas Scott,0325,31
Cooper Rush,Malik Cunningham,0325,3
Cooper Rush,Nick Samac,0325,15
Cooper Rush,Rasheen Ali,0325,38
Cooper Rush,Roger Rosengarten,0325,28
Cooper Rush,Scotty Washington,0325,16
Cooper Rush,Tylan Wallace,0325,15
Cooper Rush,Xavier Guillory,0325,2
Cooper Rush,Zaire Mitchell-Paden,0325,29
Cordale Flott,Abdul Carter,3410,12
Cordale Flott,Andru Phillips,3410,13
Cordale Flott,Art Green,3410,6
Cordale Flott,Bobby Okereke,3410,17
Cordale Flott,Brian Burns,3410,15
Cordale Flott,Chauncey Golston,3410,6
Cordale Flott,Chris Board,3410,3
Cordale Flott,DJ Davidson,3410,8
Cordale Flott,Dane Belton,3410,18
Cordale Flott,Darius Alexander,3410,2
Cordale Flott,Dyontae Johnson,3410,6
Cordale Flott,Elijah Chatman,3410,15
Cordale Flott,Elijah Garcia,3410,5
Cordale Flott,Jevon Holland,3410,18
Cordale Flott,K'Von Wallace,3410,6
Cordale Flott,K.J. Cloyd,3410,3
Cordale Flott,Kayvon Thibodeaux,3410,13
Cordale Flott,Makari Paige,3410,6
Cordale Flott,Micah McFadden,3410,16
Cordale Flott,Paulson Adebo,3410,18
Cordale Flott,Raheem Layne,3410,2
Cordale Flott,Rakeem Nunez-Roches,3410,12
Cordale Flott,Roy Robertson-Harris,3410,14
Cordale Flott,Tomon Fox,3410,6
Cordell Volson,Andrew Raym,0920,22
Cordell Volson,Cam Grandy,0920,10
Cordell Volson,Charlie Jones,0920,19
Cordell Volson,Cody Ford,0920,16
Cordell Volson,Devin Cochran,0920,22
Cordell Volson,Gary Brightwell,0920,1
Cordell Volson,Isaiah Williams,0920,12
Cordell Volson,Jake Browning,0920,22
Cordell Volson,Jalen Rivers,0920,22
Cordell Volson,Jaxson Kirkland,0920,6
Cordell Volson,Jermaine Burton,0920,17
Cordell Volson,Kendric Pryor,0920,3
Cordell Volson,Mitchell Tinsley,0920,13
Cordell Volson,Samaje Perine,0920,3
Cordell Volson,Tahj Brooks,0920,19
Cordell Volson,Tanner Hudson,0920,9
Cordell Volson,Tanner McLachlan,0920,4
Corey Ballentine,Arron Mosby,1800,34
Corey Ballentine,Barryn Sorrell,1800,11
Corey Ballentine,Bo Melton,1800,3
Corey Ballentine,Colby Wooden,1800,3
Corey Ballentine,Deslin Alexandre,1800,29
Corey Ballentine,Devonte O'Malley,1800,5
Corey Ballentine,Garnett Hollis Jr.,1800,16
Corey Ballentine,Isaiah Dunn,1800,11
Corey Ballentine,Isaiah Simmons,1800,15
Corey Ballentine,James Ester,1800,15
Corey Ballentine,Jamon Johnson,1800,30
Corey Ballentine,Jared Bartlett,1800,3
Corey Ballentine,Jaylin Simpson,1800,12
Corey Ballentine,Johnathan Baldwin,1800,42
Corey Ballentine,Kamal Hadden,1800,6
Corey Ballentine,Karl Brooks,1800,4
Corey Ballentine,Keith Randolph Jr.,1800,11
Corey Ballentine,Kingsley Enagbare,1800,5
Corey Ballentine,Kitan Oladapo,1800,8
Corey Ballentine,Kristian Welch,1800,36
Corey Ballentine,Micah Robinson,1800,25
Corey Ballentine,Nazir Stackhouse,1800,22
Corey Ballentine,Omar Brown,1800,6
Corey Ballentine,Ty'Ron Hopper,1800,6
Corey Ballentine,Tyron Herring,1800,33
Corey Ballentine,Warren Brinson,1800,29
Corey Bullock,Andrew Vorhees,0325,28
Corey Bullock,Anthony Miller,0325,13
Corey Bullock,Ben Cleveland,0325,45
Corey Bullock,Carson Vinson,0325,45
Corey Bullock,Charlie Kolar,0325,38
Corey Bullock,Cooper Rush,0325,64
Corey Bullock,D'Ernest Johnson,0325,23
Corey Bullock,Daniel Faalele,0325,28
Corey Bullock,Darrian Dalcourt,0325,30
Corey Bullock,Dayton Wade,0325,27
Corey Bullock,Devin Leary,0325,9
Corey Bullock,Devontez Walker,0325,63
Corey Bullock,Garrett Dellinger,0325,15
Corey Bullock,Gerad Lichtenhan,0325,2
Corey Bullock,Joe Noteboom,0325,73
Corey Bullock,Keaton Mitchell,0325,11
Corey Bullock,Keith Kirkwood,0325,10
Corey Bullock,LaJohntay Wester,0325,38
Corey Bullock,Lucas Scott,0325,33
Corey Bullock,Rasheen Ali,0325,39
Corey Bullock,Roger Rosengarten,0325,28
Corey Bullock,Scotty Washington,0325,16
Corey Bullock,Tylan Wallace,0325,15
Corey Bullock,Xavier Guillory,0325,2
Corey Bullock,Zaire Mitchell-Paden,0325,35
Corey Kiner,Austen Pleasants,4500,16
Corey Kiner,Brayden Willis,4500,21
Corey Kiner,Carter Bradley,4500,19
Corey Kiner,Connor Colby,4500,33
Corey Kiner,Demarcus Robinson,4500,8
Corey Kiner,Drake Nugent,4500,25
Corey Kiner,Drew Moss,4500,17
Corey Kiner,Isaac Alarcon,4500,17
Corey Kiner,Isaiah Hodgins,4500,14
Corey Kiner,Isaiah Prince,4500,17
Corey Kiner,Jake Tonges,4500,21
Corey Kiner,Jordan Watkins,4500,19
Corey Kiner,Junior Bergen,4500,16
Corey Kiner,Luke Farrell,4500,3
Corey Kiner,Mac Jones,4500,5
Corey Kiner,Matt Hennessy,4500,8
Corey Kiner,Nick Zakelj,4500,16
Corey Kiner,Robbie Chosen,4500,13
Corey Kiner,Russell Gage,4500,16
Corey Kiner,Spencer Burford,4500,16
Corey Kiner,Tanner Mordecai,4500,9
Corey Kiner,Terique Owens,4500,1
Corey Levin,Andrew Rupcich,2100,14
Corey Levin,Blake Hance,2100,26
Corey Levin,Bryce Oliver,2100,3
Corey Levin,Calvin Ridley,2100,10
Corey Levin,Cam Ward,2100,15
Corey Levin,Cameron Ward,2100,25
Corey Levin,Chig Okonkwo,2100,33
Corey Levin,Chimere Dike,2100,12
Corey Levin,Dan Moore Jr.,2100,36
Corey Levin,David Martin-Robinson,2100,4
Corey Levin,Elic Ayomanor,2100,28
Corey Levin,Gunnar Helm,2100,19
Corey Levin,JC Latham,2100,25
Corey Levin,John Ojukwu,2100,1
Corey Levin,Julius Chestnut,2100,18
Corey Levin,Kalel Mullings,2100,9
Corey Levin,Olisaemeka Udoh,2100,19
Corey Levin,Peter Skoronski,2100,40
Corey Levin,Tony Pollard,2100,11
Corey Levin,Tyjae Spears,2100,3
Corey Levin,Tyler Lockett,2100,17
Corey Levin,Van Jefferson,2100,32
Corey Stewart,Andre James,4400,72
Corey Stewart,Branson Taylor,4400,82
Corey Stewart,Brenden Rice,4400,69
Corey Stewart,DJ Uiagalelei,4400,47
Corey Stewart,Dalevon Campbell,4400,83
Corey Stewart,David Sharpe,4400,64
Corey Stewart,Derius Davis,4400,20
Corey Stewart,Dez Fitzpatrick,4400,11
Corey Stewart,Hassan Haskins,4400,31
Corey Stewart,JaQuae Jackson,4400,46
Corey Stewart,Jalen Reagor,4400,6
Corey Stewart,Jamaree Salyer,4400,21
Corey Stewart,Jaret Patterson,4400,9
Corey Stewart,Jaylen Johnson,4400,67
Corey Stewart,Jordan Petaia,4400,3
Corey Stewart,Josh Kaltenberger,4400,118
Corey Stewart,Karsen Barnhart,4400,150
Corey Stewart,KeAndre Lambert-Smith,4400,73
Corey Stewart,Kimani Vidal,4400,51
Corey Stewart,Luke Grimm,4400,37
Corey Stewart,Nash Jones,4400,131
Corey Stewart,Nyheim Hines,4400,60
Corey Stewart,Omarion Hampton,4400,5
Corey Stewart,Oronde Gadsden II,4400,96
Corey Stewart,Raheim Sanders,4400,40
Corey Stewart,Ryan Nelson,4400,117
Corey Stewart,Scott Matlock,4400,34
Corey Stewart,Stevo Klotz,4400,68
Corey Stewart,Taylor Heinicke,4400,34
Corey Stewart,Thomas Yassmin,4400,13
Corey Stewart,Tre Harris,4400,79
Corey Stewart,Trey Lance,4400,115
Corey Stewart,Trey Pipkins,4400,11
Corey Stewart,Tucker Fisk,4400,70
Corey Stewart,Tyler Conklin,4400,2
Corey Stewart,Will Dissly,4400,4
Corey Stewart,Zion Johnson,4400,21
Corey Thornton,A'Shawn Robinson,0750,9
Corey Thornton,Akayleb Evans,0750,23
Corey Thornton,Bam Martin-Scott,0750,17
Corey Thornton,Bobby Brown III,0750,28
Corey Thornton,Cam Jackson,0750,12
Corey Thornton,Carlos Basham,0750,19
Corey Thornton,Chau Smith-Wade,0750,11
Corey Thornton,Christian Rozeboom,0750,11
Corey Thornton,Claudin Cherelus,0750,14
Corey Thornton,D.J. Wonnum,0750,11
Corey Thornton,DJ Johnson,0750,11
Corey Thornton,Demani Richardson,0750,64
Corey Thornton,Isaac Gifford,0750,4
Corey Thornton,J.J. Weaver,0750,8
Corey Thornton,Jacoby Windmon,0750,20
Corey Thornton,Jaden Crumedy,0750,31
Corey Thornton,Jared Harrison-Hunte,0750,8
Corey Thornton,Jon Rhattigan,0750,22
Corey Thornton,Krys Barnes,0750,40
Corey Thornton,Lathan Ransom,0750,37
Corey Thornton,Michael Reid,0750,27
Corey Thornton,Mike Jackson,0750,11
Corey Thornton,Nic Scourton,0750,14
Corey Thornton,Nick Scott,0750,43
Corey Thornton,Patrick Jones II,0750,11
Corey Thornton,Princely Umanmielen,0750,37
Corey Thornton,Sam Roberts,0750,25
Corey Thornton,Shemar Bartholomew,0750,54
Corey Thornton,Shy Tuttle,0750,35
Corey Thornton,Tershawn Wharton,0750,11
Corey Thornton,Thomas Incoom,0750,37
Corey Thornton,Tre'von Moehrig,0750,11
Corey Thornton,Trevian Thomas,0750,5
Corey Thornton,Trevin Wallace,0750,9
Cornelius Johnson,Amar Johnson,1800,29
Cornelius Johnson,Anthony Belton,1800,58
Cornelius Johnson,Ben Sims,1800,20
Cornelius Johnson,Brant Banks,1800,20
Cornelius Johnson,Chris Brooks,1800,4
Cornelius Johnson,Donovan Jennings,1800,50
Cornelius Johnson,Emanuel Wilson,1800,10
Cornelius Johnson,Isaiah Neyor,1800,36
Cornelius Johnson,Israel Abanikanda,1800,19
Cornelius Johnson,J.J. Lippe,1800,20
Cornelius Johnson,Jacob Monk,1800,23
Cornelius Johnson,John FitzPatrick,1800,9
Cornelius Johnson,Johnny Lumpkin,1800,22
Cornelius Johnson,Jordan Morgan,1800,13
Cornelius Johnson,Julian Hicks,1800,39
Cornelius Johnson,Kadeem Telfort,1800,49
Cornelius Johnson,Kawaan Baker,1800,9
Cornelius Johnson,Lecitus Smith,1800,23
Cornelius Johnson,Malik Heath,1800,6
Cornelius Johnson,Malik Willis,1800,13
Cornelius Johnson,MarShawn Lloyd,1800,3
Cornelius Johnson,Mecole Hardman,1800,14
Cornelius Johnson,Messiah Swinson,1800,42
Cornelius Johnson,Sean Clifford,1800,19
Cornelius Johnson,Sean Rhyan,1800,13
Cornelius Johnson,Taylor Elgersma,1800,38
Cornelius Johnson,Trey Hill,1800,39
Cornelius Johnson,Tyler Cooper,1800,42
Cornelius Johnson,Tyrion Davis-Price,1800,5
Cornelius Johnson,Will Sheppard,1800,13
Cornelius Lucas,Ahmani Marshall,1050,8
Cornelius Lucas,Blake Whiteheart,1050,4
Cornelius Lucas,Brenden Bates,1050,15
Cornelius Lucas,Cade McDonald,1050,2
Cornelius Lucas,Dillon Gabriel,1050,9
Cornelius Lucas,Diontae Johnson,1050,22
Cornelius Lucas,Dylan Sampson,1050,8
Cornelius Lucas,Gage Larvadain,1050,9
Cornelius Lucas,Harold Fannin Jr.,1050,6
Cornelius Lucas,Jackson Barton,1050,27
Cornelius Lucas,Jamari Thrash,1050,24
Cornelius Lucas,Javion Cohen,1050,18
Cornelius Lucas,Kaden Davis,1050,23
Cornelius Lucas,Luke Floriea,1050,4
Cornelius Lucas,Luke Wypler,1050,27
Cornelius Lucas,Pierre Strong,1050,5
Cornelius Lucas,Sal Cannella,1050,2
Cornelius Lucas,Shedeur Sanders,1050,18
Cornelius Lucas,Teven Jenkins,1050,27
Cornelius Lucas,Trayveon Williams,1050,3
Cornelius Lucas,Zak Zinter,1050,9
Cornell Armstrong,Alex Huntley,2700,8
Cornell Armstrong,Ben Stille,2700,12
Cornell Armstrong,Benito Jones,2700,2
Cornell Armstrong,Cam Smith,2700,8
Cornell Armstrong,Cameron Goode,2700,21
Cornell Armstrong,Channing Tindall,2700,31
Cornell Armstrong,Dante Trader Jr.,2700,2
Cornell Armstrong,Dequan Jackson,2700,21
Cornell Armstrong,Derrick McLendon,2700,20
Cornell Armstrong,Elijah Campbell,2700,5
Cornell Armstrong,Ethan Bonner,2700,9
Cornell Armstrong,Ethan Robinson,2700,5
Cornell Armstrong,Eugene Asante,2700,10
Cornell Armstrong,Grayson Murphy,2700,31
Cornell Armstrong,Ifeatu Melifonwu,2700,8
Cornell Armstrong,Isaiah Johnson,2700,12
Cornell Armstrong,Jack Jones,2700,21
Cornell Armstrong,Jason Marshall Jr.,2700,9
Cornell Armstrong,John Saunders Jr.,2700,18
Cornell Armstrong,Jordan Colbert,2700,25
Cornell Armstrong,Jordan Phillips,2700,11
Cornell Armstrong,K.J. Britt,2700,12
Cornell Armstrong,Kendall Sheffield,2700,6
Cornell Armstrong,Kenneth Grant,2700,10
Cornell Armstrong,Matt Dickerson,2700,17
Cornell Armstrong,Matthew Butler,2700,13
Cornell Armstrong,Mike Hilton,2700,6
Cornell Armstrong,Mohamed Kamara,2700,3
Cornell Armstrong,Patrick McMorris,2700,28
Cornell Armstrong,Quinton Bell,2700,11
Cornell Armstrong,Storm Duck,2700,6
Cornell Armstrong,Willie Gay Jr.,2700,12
Cornell Armstrong,Zeek Biggers,2700,17
Cornell Powell,Austin Deculus,2120,30
Cornell Powell,British Brooks,2120,9
Cornell Powell,Conor McDermott,2120,19
Cornell Powell,Daniel Jackson,2120,8
Cornell Powell,Dare Ogunbowale,2120,3
Cornell Powell,Eli Cox,2120,30
Cornell Powell,Graham Mertz,2120,13
Cornell Powell,Harrison Bryant,2120,16
Cornell Powell,Irv Smith,2120,4
Cornell Powell,Jawhar Jordan,2120,8
Cornell Powell,Jaylon Thomas,2120,30
Cornell Powell,Juwann Winfree,2120,25
Cornell Powell,Kedon Slovis,2120,17
Cornell Powell,LaDarius Henderson,2120,30
Cornell Powell,Luke Lachey,2120,12
Cornell Powell,Quintez Cephus,2120,25
Cornell Powell,Woody Marks,2120,10
Cornell Powell,Zach Thomas,2120,11
Cory Durden,Art Green,3410,6
Cory Durden,Chauncey Golston,3410,7
Cory Durden,Chris Board,3410,17
Cory Durden,Dane Belton,3410,14
Cory Durden,Darius Alexander,3410,9
Cory Durden,Darius Muasau,3410,14
Cory Durden,Dee Williams,3410,31
Cory Durden,Deonte Banks,3410,9
Cory Durden,Dyontae Johnson,3410,39
Cory Durden,Elijah Chatman,3410,19
Cory Durden,Elijah Garcia,3410,22
Cory Durden,Jeremiah Ledbetter,3410,31
Cory Durden,K'Von Wallace,3410,4
Cory Durden,K.J. Cloyd,3410,36
Cory Durden,Makari Paige,3410,39
Cory Durden,Nic Jones,3410,42
Cory Durden,O'Donnell Fortune,3410,35
Cory Durden,Raheem Layne,3410,30
Cory Durden,TJ Moore,3410,36
Cory Durden,Tomon Fox,3410,40
Cory Durden,Trace Ford,3410,50
Courtland Sutton,Adam Prentice,1400,2
Courtland Sutton,Adam Trautman,1400,17
Courtland Sutton,Alex Palczewski,1400,1
Courtland Sutton,Ben Powers,1400,35
Courtland Sutton,Bo Nix,1400,35
Courtland Sutton,Devaughn Vele,1400,6
Courtland Sutton,Evan Engram,1400,23
Courtland Sutton,Garett Bolles,1400,35
Courtland Sutton,J.K. Dobbins,1400,6
Courtland Sutton,Lucas Krull,1400,1
Courtland Sutton,Luke Wattenberg,1400,35
Courtland Sutton,Marvin Mims Jr.,1400,33
Courtland Sutton,Mike McGlinchey,1400,35
Courtland Sutton,Quinn Meinerz,1400,35
Courtland Sutton,RJ Harvey,1400,20
Courtland Sutton,Trent Sherfield,1400,3
Courtland Sutton,Troy Franklin,1400,19
Courtland Sutton,Tyler Badie,1400,9
Courtney Jackson,A.T. Perry,1400,4
Courtney Jackson,Adam Prentice,1400,3
Courtney Jackson,Audric EstimÃ©,1400,21
Courtney Jackson,Blake Watson,1400,22
Courtney Jackson,Caden Prieskorn,1400,21
Courtney Jackson,Caleb Lohner,1400,36
Courtney Jackson,Clay Webb,1400,46
Courtney Jackson,Frank Crum,1400,11
Courtney Jackson,Jerjuan Newton,1400,10
Courtney Jackson,Joaquin Davis,1400,31
Courtney Jackson,Joseph Michalski,1400,46
Courtney Jackson,Kyrese Rowan,1400,20
Courtney Jackson,Marques Cox,1400,46
Courtney Jackson,Michael Bandy,1400,11
Courtney Jackson,Nick Gargiulo,1400,1
Courtney Jackson,Pat Bryant,1400,2
Courtney Jackson,Sam Ehlinger,1400,46
Courtney Jackson,Tyler Badie,1400,3
Courtney Jackson,Will Sherman,1400,45
Courtney Jackson,Xavier Truss,1400,35
Coziah Izzard,Ajani Carter,2310,33
Coziah Izzard,Ashton Gillotte,2310,6
Coziah Izzard,Azizi Hearn,2310,28
Coziah Izzard,Brandon George,2310,35
Coziah Izzard,Cam Jones,2310,7
Coziah Izzard,Christian Roland-Wallace,2310,14
Coziah Izzard,Cole Christiansen,2310,19
Coziah Izzard,Cooper McDonald,2310,37
Coziah Izzard,Fabien Lovett Sr.,2310,38
Coziah Izzard,Felix Anudike-Uzomah,2310,14
Coziah Izzard,Glendon Miller,2310,47
Coziah Izzard,Jacobe Covington,2310,18
Coziah Izzard,Jaden Hicks,2310,3
Coziah Izzard,Janarius Robinson,2310,4
Coziah Izzard,Jeffrey Bassa,2310,29
Coziah Izzard,Joshua Williams,2310,28
Coziah Izzard,Kevin Knowles,2310,29
Coziah Izzard,Kristian Fulton,2310,4
Coziah Izzard,Major Williams,2310,35
Coziah Izzard,Malik Herring,2310,57
Coziah Izzard,Marlon Tuipulotu,2310,17
Coziah Izzard,Melvin Smith Jr.,2310,17
Coziah Izzard,Mike Edwards,2310,5
Coziah Izzard,Nate Matlack,2310,37
Coziah Izzard,Nohl Williams,2310,4
Coziah Izzard,Owen Carney,2310,5
Coziah Izzard,Xander Mueller,2310,10
Craig Reynolds,Colby Sorsdal,1540,1
Craig Reynolds,Dan Skipper,1540,38
Craig Reynolds,Dominic Lovett,1540,17
Craig Reynolds,Giovanni Manu,1540,23
Craig Reynolds,Hendon Hooker,1540,13
Craig Reynolds,Isaac TeSlaa,1540,52
Craig Reynolds,Jackson Meeks,1540,18
Craig Reynolds,Jamarco Jones,1540,29
Craig Reynolds,Kayode Awosika,1540,51
Craig Reynolds,Kenny Yeboah,1540,16
Craig Reynolds,Kingsley Eguakun,1540,39
Craig Reynolds,Kyle Allen,1540,39
Craig Reynolds,Mason Miller,1540,14
Craig Reynolds,Netane Muti,1540,39
Craig Reynolds,Shane Zylstra,1540,37
Craig Reynolds,Tate Ratledge,1540,13
Craig Reynolds,Tom Kennedy,1540,50
Craig Reynolds,Trystan Colon,1540,13
Craig Reynolds,Zach Horton,1540,18
Craig Woodson,Alex Austin,3200,52
Craig Woodson,Anfernee Jennings,3200,31
Craig Woodson,Bradyn Swinson,3200,13
Craig Woodson,Brenden Schooler,3200,6
Craig Woodson,Cam Riley,3200,12
Craig Woodson,Carlton Davis III,3200,6
Craig Woodson,Christian Elliss,3200,7
Craig Woodson,DJ James,3200,27
Craig Woodson,David Olajiga,3200,9
Craig Woodson,Dell Pettus,3200,11
Craig Woodson,Elijah Ponder,3200,28
Craig Woodson,Harold Landry III,3200,6
Craig Woodson,Isaiah Iton,3200,26
Craig Woodson,Jabrill Peppers,3200,19
Craig Woodson,Jack Gibbens,3200,55
Craig Woodson,Jahvaree Ritzie,3200,7
Craig Woodson,Jaylinn Hawkins,3200,18
Craig Woodson,Jeremiah Pharms Jr.,3200,37
Craig Woodson,Jordan Polk,3200,7
Craig Woodson,Joshua Farmer,3200,48
Craig Woodson,K'Lavon Chaisson,3200,6
Craig Woodson,Keion White,3200,28
Craig Woodson,Khyiris Tonga,3200,7
Craig Woodson,Kobee Minor,3200,37
Craig Woodson,Kyle Dugger,3200,11
Craig Woodson,Kyle Peko,3200,18
Craig Woodson,Marcus Epps,3200,17
Craig Woodson,Marcus Jones,3200,4
Craig Woodson,Marte Mapu,3200,41
Craig Woodson,Miles Battle,3200,63
Craig Woodson,Milton Williams,3200,7
Craig Woodson,Monty Rice,3200,9
Craig Woodson,Robert Spillane,3200,7
Craig Woodson,Truman Jones,3200,30
Craig Young,Bralyn Lux,0920,60
Craig Young,Daijahn Anthony,0920,8
Craig Young,Eric Gregory,0920,38
Craig Young,Howard Cross III,0920,31
Craig Young,Isaiah Thomas,0920,57
Craig Young,Jaylen Key,0920,55
Craig Young,Joe Giles-Harris,0920,7
Craig Young,Lance Robinson,0920,67
Craig Young,Maema Njongmeta,0920,67
Craig Young,McKinnley Jackson,0920,44
Craig Young,McTelvin Agim,0920,24
Craig Young,Nate Brooks,0920,67
Craig Young,PJ Jules,0920,22
Craig Young,Raymond Johnson III,0920,51
Craig Young,Shaquan Loyal,0920,49
Craig Young,Taven Bryan,0920,23
Creed Humphrey,Brashard Smith,2310,2
Creed Humphrey,Carson Steele,2310,5
Creed Humphrey,Elijah Mitchell,2310,5
Creed Humphrey,Gardner Minshew,2310,18
Creed Humphrey,Isiah Pacheco,2310,16
Creed Humphrey,Jalen Royals,2310,14
Creed Humphrey,Jared Wiley,2310,5
Creed Humphrey,Jason Brownlee,2310,1
Creed Humphrey,Jawaan Taylor,2310,22
Creed Humphrey,Jaylon Moore,2310,18
Creed Humphrey,Josh Simmons,2310,40
Creed Humphrey,JuJu Smith-Schuster,2310,20
Creed Humphrey,Kareem Hunt,2310,13
Creed Humphrey,Kingsley Suamataia,2310,40
Creed Humphrey,Nikko Remigio,2310,1
Creed Humphrey,Noah Gray,2310,26
Creed Humphrey,Patrick Mahomes,2310,22
Creed Humphrey,Rashee Rice,2310,20
Creed Humphrey,Robert Tonyan,2310,10
Creed Humphrey,Skyy Moore,2310,6
Creed Humphrey,Travis Kelce,2310,15
Creed Humphrey,Trey Smith,2310,40
Creed Humphrey,Tyquan Thornton,2310,16
Creed Humphrey,Xavier Worthy,2310,25
Curtis Jacobs,Ali Gaye,2100,36
Curtis Jacobs,Amani Oruwariye,2100,21
Curtis Jacobs,Amari Burney,2100,22
Curtis Jacobs,Blake Lynch,2100,10
Curtis Jacobs,Cam Horsley,2100,37
Curtis Jacobs,Carlos Watkins,2100,5
Curtis Jacobs,Cedric Gray,2100,9
Curtis Jacobs,Clarence Lewis,2100,30
Curtis Jacobs,David Gbenda,2100,8
Curtis Jacobs,Davion Ross,2100,34
Curtis Jacobs,Desmond Evans,2100,17
Curtis Jacobs,Gabe Jeudy-Lally,2100,12
Curtis Jacobs,Isaiah Raikes,2100,6
Curtis Jacobs,Jalen Kimber,2100,15
Curtis Jacobs,James Lynch,2100,5
Curtis Jacobs,Jaylen Harrell,2100,16
Curtis Jacobs,Jermari Harris,2100,17
Curtis Jacobs,Jihad Ward,2100,5
Curtis Jacobs,Joe Gaziano,2100,26
Curtis Jacobs,Joshuah Bledsoe,2100,44
Curtis Jacobs,Josiah Bronson,2100,7
Curtis Jacobs,Julius Wood,2100,40
Curtis Jacobs,Kendell Brooks,2100,5
Curtis Jacobs,Marcus Harris,2100,12
Curtis Jacobs,Mike Brown,2100,9
Curtis Jacobs,Philip Blidi,2100,5
Curtis Jacobs,T.J. Smith,2100,1
Curtis Jacobs,Timmy Horne,2100,36
Curtis Robinson,Bruce Hector,4500,15
Curtis Robinson,Chase Lucas,4500,17
Curtis Robinson,Chazz Surratt,4500,5
Curtis Robinson,Darrell Luter Jr.,4500,2
Curtis Robinson,Demone Harris,4500,4
Curtis Robinson,Derrick Canteen,4500,22
Curtis Robinson,Evan Anderson,4500,5
Curtis Robinson,Jakob Robinson,4500,14
Curtis Robinson,Jalen Graham,4500,9
Curtis Robinson,Jaylen Mahoney,4500,22
Curtis Robinson,Jaylon Allen,4500,10
Curtis Robinson,Jonathan Garvin,4500,4
Curtis Robinson,Nick Martin,4500,19
Curtis Robinson,Robert Beal Jr.,4500,4
Curtis Robinson,Sebastian Valdez,4500,12
Curtis Robinson,Shakel Brown,4500,12
Curtis Robinson,Siran Neal,4500,22
Curtis Robinson,Trevis Gipson,4500,10
Curtis Robinson,Will Bradley-King,4500,12
D'Andre Swift,Braxton Jones,0810,18
D'Andre Swift,Caleb Williams,0810,18
D'Andre Swift,Cole Kmet,0810,12
D'Andre Swift,Colston Loveland,0810,11
D'Andre Swift,DJ Moore,0810,18
D'Andre Swift,Darnell Wright,0810,18
D'Andre Swift,Drew Dalman,0810,18
D'Andre Swift,Jonah Jackson,0810,18
D'Andre Swift,Luke Newman,0810,18
D'Andre Swift,Olamide Zaccheaus,0810,13
D'Andre Swift,Rome Odunze,0810,18
D'Angelo Ross,Arthur Maulet,2120,18
D'Angelo Ross,Casey Toohill,2120,26
D'Angelo Ross,Christian Harris,2120,8
D'Angelo Ross,Damon Arnette,2120,12
D'Angelo Ross,Darrell Taylor,2120,31
D'Angelo Ross,Derek Barnett,2120,10
D'Angelo Ross,Dylan Horton,2120,12
D'Angelo Ross,E.J. Speed,2120,37
D'Angelo Ross,Foley Fatukasi,2120,9
D'Angelo Ross,Haggai Ndubuisi,2120,18
D'Angelo Ross,Henry To'oTo'o,2120,8
D'Angelo Ross,Jackson Woodard,2120,17
D'Angelo Ross,Jake Hansen,2120,33
D'Angelo Ross,Jalen Mills,2120,6
D'Angelo Ross,Jamal Hill,2120,15
D'Angelo Ross,Jaylin Smith,2120,42
D'Angelo Ross,Junior Tafuna,2120,32
D'Angelo Ross,K.C. Ossai,2120,15
D'Angelo Ross,M.J. Stewart,2120,44
D'Angelo Ross,Mario Edwards,2120,8
D'Angelo Ross,Marlon Davidson,2120,19
D'Angelo Ross,Myles Bryant,2120,38
D'Angelo Ross,Nick Niemann,2120,19
D'Angelo Ross,Russ Yeast,2120,58
D'Angelo Ross,Solomon Byrd,2120,32
D'Angelo Ross,Tim Settle,2120,24
D'Angelo Ross,Tommy Togiai,2120,25
D'Angelo Ross,Tremon Smith,2120,12
D'Anthony Bell,Alphonzo Tuputala,4600,15
D'Anthony Bell,Anthony Campbell,4600,11
D'Anthony Bell,Brandon Pili,4600,32
D'Anthony Bell,Connor O'Toole,4600,61
D'Anthony Bell,D'Eryk Jackson,4600,39
D'Anthony Bell,Damarion Williams,4600,87
D'Anthony Bell,Drake Thomas,4600,90
D'Anthony Bell,Isas Waxter,4600,4
D'Anthony Bell,J.R. Singleton,4600,39
D'Anthony Bell,Jalan Gaines,4600,8
D'Anthony Bell,Jamie Sheriff,4600,45
D'Anthony Bell,Jared Ivey,4600,57
D'Anthony Bell,Jerrick Reed II,4600,40
D'Anthony Bell,Josh Jobe,4600,21
D'Anthony Bell,Keydrain Calligan,4600,42
D'Anthony Bell,Mike Morris,4600,48
D'Anthony Bell,Nehemiah Pritchett,4600,51
D'Anthony Bell,Nick Emmanwori,4600,15
D'Anthony Bell,Patrick O'Connell,4600,63
D'Anthony Bell,Quinton Bohanna,4600,58
D'Anthony Bell,Seth Coleman,4600,18
D'Anthony Bell,Shaquill Griffin,4600,24
D'Anthony Bell,Ty Okada,4600,104
D'Anthony Bell,Tyler Hall,4600,42
D'Anthony Bell,Tyreke Smith,4600,53
D'Anthony Bell,Wy'Kevious Thomas,4600,43
D'Ernest Johnson,Andrew Vorhees,0325,8
D'Ernest Johnson,Anthony Miller,0325,28
D'Ernest Johnson,Baylor Cupp,0325,8
D'Ernest Johnson,Ben Cleveland,0325,30
D'Ernest Johnson,Carson Vinson,0325,79
D'Ernest Johnson,Charlie Kolar,0325,19
D'Ernest Johnson,Cooper Rush,0325,34
D'Ernest Johnson,Corey Bullock,0325,23
D'Ernest Johnson,Daniel Faalele,0325,8
D'Ernest Johnson,Darrian Dalcourt,0325,22
D'Ernest Johnson,Dayton Wade,0325,13
D'Ernest Johnson,Devin Leary,0325,53
D'Ernest Johnson,Devontez Walker,0325,44
D'Ernest Johnson,Garrett Dellinger,0325,63
D'Ernest Johnson,Gerad Lichtenhan,0325,65
D'Ernest Johnson,Jahmal Banks,0325,24
D'Ernest Johnson,Jared Penning,0325,43
D'Ernest Johnson,Joe Noteboom,0325,23
D'Ernest Johnson,Keith Kirkwood,0325,12
D'Ernest Johnson,LaJohntay Wester,0325,42
D'Ernest Johnson,Lucas Scott,0325,29
D'Ernest Johnson,Malik Cunningham,0325,18
D'Ernest Johnson,Nick Samac,0325,44
D'Ernest Johnson,Reid Holskey,0325,20
D'Ernest Johnson,Roger Rosengarten,0325,8
D'Ernest Johnson,Scotty Washington,0325,37
D'Ernest Johnson,Tylan Wallace,0325,3
D'Ernest Johnson,Xavier Guillory,0325,25
D'Ernest Johnson,Zaire Mitchell-Paden,0325,45
D'Eryk Jackson,Alphonzo Tuputala,4600,22
D'Eryk Jackson,Anthony Campbell,4600,15
D'Eryk Jackson,Brandon Pili,4600,12
D'Eryk Jackson,Connor O'Toole,4600,60
D'Eryk Jackson,D'Anthony Bell,4600,39
D'Eryk Jackson,Damarion Williams,4600,80
D'Eryk Jackson,Drake Thomas,4600,36
D'Eryk Jackson,Isas Waxter,4600,33
D'Eryk Jackson,J.R. Singleton,4600,41
D'Eryk Jackson,Jalan Gaines,4600,19
D'Eryk Jackson,Jamie Sheriff,4600,15
D'Eryk Jackson,Jared Ivey,4600,51
D'Eryk Jackson,Jerrick Reed II,4600,64
D'Eryk Jackson,Kam Alexander,4600,5
D'Eryk Jackson,Keydrain Calligan,4600,38
D'Eryk Jackson,Michael Dowell,4600,15
D'Eryk Jackson,Mike Morris,4600,19
D'Eryk Jackson,Nehemiah Pritchett,4600,23
D'Eryk Jackson,Quinton Bohanna,4600,7
D'Eryk Jackson,Seth Coleman,4600,36
D'Eryk Jackson,Ty Okada,4600,54
D'Eryk Jackson,Tyler Hall,4600,53
D'Eryk Jackson,Tyreke Smith,4600,17
D'Eryk Jackson,Wy'Kevious Thomas,4600,46
D'Marco Jackson,Bryan Bresee,3300,8
D'Marco Jackson,Chris Rumph II,3300,28
D'Marco Jackson,Dalys Beanum,3300,19
D'Marco Jackson,Danny Stutsman,3300,29
D'Marco Jackson,Elliott Davison,3300,19
D'Marco Jackson,Fadil Diggs,3300,37
D'Marco Jackson,Isaac Yiadom,3300,28
D'Marco Jackson,Isaiah Foskey,3300,37
D'Marco Jackson,Jasheen Davis,3300,12
D'Marco Jackson,Jayden Peevy,3300,17
D'Marco Jackson,Jayden Price,3300,10
D'Marco Jackson,Jaylan Ford,3300,9
D'Marco Jackson,Jeremiah Martin,3300,10
D'Marco Jackson,John Ridgeway,3300,4
D'Marco Jackson,Jonah Williams,3300,35
D'Marco Jackson,Jonas Sanker,3300,47
D'Marco Jackson,Jonathan Bullard,3300,11
D'Marco Jackson,Jordan Howden,3300,43
D'Marco Jackson,Julian Blackmon,3300,8
D'Marco Jackson,Khalen Saunders,3300,17
D'Marco Jackson,Khristian Boyd,3300,9
D'Marco Jackson,Kool-Aid McKinstry,3300,8
D'Marco Jackson,Nathan Shepherd,3300,6
D'Marco Jackson,Nephi Sewell,3300,11
D'Marco Jackson,Omari Thomas,3300,16
D'Marco Jackson,Quincy Riley,3300,35
D'Marco Jackson,Rejzohn Wright,3300,22
D'Marco Jackson,Rico Payton,3300,12
D'Marco Jackson,Terrell Burgess,3300,10
D'Marco Jackson,Tyreem Powell,3300,11
D'Marco Jackson,Ugo Amadi,3300,22
D'Marco Jackson,Vernon Broughton,3300,30
D'Shawn Jamison,Breiden Fehoko,3900,16
D'Shawn Jamison,Cameron McCutcheon,3900,3
D'Shawn Jamison,Carson Bruener,3900,51
D'Shawn Jamison,Daniel Ekuale,3900,7
D'Shawn Jamison,Daryl Porter,3900,30
D'Shawn Jamison,DeMarvin Leal,3900,25
D'Shawn Jamison,Derrick Harmon,3900,3
D'Shawn Jamison,Devin Harper,3900,28
D'Shawn Jamison,Domenique Davis,3900,15
D'Shawn Jamison,Eku Leota,3900,30
D'Shawn Jamison,Esezi Otomewo,3900,28
D'Shawn Jamison,Isaiahh Loudermilk,3900,8
D'Shawn Jamison,Jack Sawyer,3900,21
D'Shawn Jamison,Julius Welschof,3900,29
D'Shawn Jamison,Kam Alexander,3900,14
D'Shawn Jamison,Kenny Willekes,3900,11
D'Shawn Jamison,Kyler Baugh,3900,16
D'Shawn Jamison,Kyler McMichael,3900,44
D'Shawn Jamison,Logan Lee,3900,17
D'Shawn Jamison,Malik Harrison,3900,3
D'Shawn Jamison,Mark Robinson,3900,34
D'Shawn Jamison,Mikey Victor,3900,25
D'Shawn Jamison,Quindell Johnson,3900,58
D'Shawn Jamison,Sebastian Castro,3900,58
D'Shawn Jamison,Yahya Black,3900,6
D.J. Ivey,Barrett Carter,0920,53
D.J. Ivey,Bralyn Lux,0920,66
D.J. Ivey,Cameron Sample,0920,26
D.J. Ivey,Daijahn Anthony,0920,54
D.J. Ivey,Eric Gregory,0920,41
D.J. Ivey,Howard Cross III,0920,63
D.J. Ivey,Isaiah Thomas,0920,64
D.J. Ivey,Jalen Davis,0920,16
D.J. Ivey,Jaylen Key,0920,23
D.J. Ivey,Joe Giles-Harris,0920,41
D.J. Ivey,Maema Njongmeta,0920,11
D.J. Ivey,Marco Wilson,0920,36
D.J. Ivey,McKinnley Jackson,0920,53
D.J. Ivey,McTelvin Agim,0920,9
D.J. Ivey,Nate Brooks,0920,50
D.J. Ivey,Oren Burks,0920,26
D.J. Ivey,PJ Jules,0920,44
D.J. Ivey,Raymond Johnson III,0920,53
D.J. Ivey,Shaka Heyward,0920,67
D.J. Ivey,Shaquan Loyal,0920,6
D.J. Ivey,Shemar Stewart,0920,16
D.J. Ivey,Taven Bryan,0920,29
D.J. Ivey,Tycen Anderson,0920,53
D.J. Jones,Alex Singleton,1400,3
D.J. Jones,Brandon Jones,1400,10
D.J. Jones,Dondrea Tillman,1400,1
D.J. Jones,Eyioma Uwazurike,1400,2
D.J. Jones,Jahdae Barron,1400,2
D.J. Jones,John Franklin-Myers,1400,5
D.J. Jones,Jonah Elliss,1400,2
D.J. Jones,Jonathon Cooper,1400,10
D.J. Jones,Jordan Jackson,1400,2
D.J. Jones,Justin Strnad,1400,9
D.J. Jones,Levelle Bailey,1400,7
D.J. Jones,Malcolm Roach,1400,6
D.J. Jones,Nik Bonitto,1400,7
D.J. Jones,Pat Surtain II,1400,10
D.J. Jones,Riley Moss,1400,10
D.J. Jones,Talanoa Hufanga,1400,10
D.J. Jones,Zach Allen,1400,4
D.J. Miller,Ahmed Hassanein,1540,3
D.J. Miller,Al-Quadin Muhammad,1540,23
D.J. Miller,Allan George,1540,6
D.J. Miller,Anthony Pittman,1540,32
D.J. Miller,Avonte Maddox,1540,13
D.J. Miller,Brodric Martin,1540,14
D.J. Miller,Chris Smith,1540,36
D.J. Miller,DaRon Gilbert,1540,26
D.J. Miller,Erick Hallett,1540,24
D.J. Miller,Ezekiel Turner,1540,15
D.J. Miller,Grant Stuard,1540,23
D.J. Miller,Ian Kennelly,1540,36
D.J. Miller,Isaac Ukwu,1540,25
D.J. Miller,Keith Cooper,1540,34
D.J. Miller,Loren Strickland,1540,33
D.J. Miller,Luq Barcoo,1540,10
D.J. Miller,Mitchell Agude,1540,21
D.J. Miller,Myles Adams,1540,33
D.J. Miller,Nate Lynn,1540,23
D.J. Miller,Nick Whiteside,1540,7
D.J. Miller,Pat O'Connor,1540,16
D.J. Miller,Rock Ya-Sin,1540,23
D.J. Miller,Trevor Nowaske,1540,30
D.J. Miller,Tyson Russell,1540,52
D.J. Miller,Zach Cunningham,1540,12
D.J. Montgomery,Andrew Ogletree,2200,1
D.J. Montgomery,Anthony Gould,2200,1
D.J. Montgomery,Ashton Dulin,2200,1
D.J. Montgomery,Blake Freeland,2200,25
D.J. Montgomery,Coleman Owen,2200,19
D.J. Montgomery,DJ Giddens,2200,1
D.J. Montgomery,Dalton Tucker,2200,19
D.J. Montgomery,Daniel Jones,2200,1
D.J. Montgomery,Danny Pinter,2200,18
D.J. Montgomery,Jalen Travis,2200,19
D.J. Montgomery,Jelani Woods,2200,19
D.J. Montgomery,Josh Sills,2200,24
D.J. Montgomery,Khalil Herbert,2200,17
D.J. Montgomery,Laquon Treadwell,2200,23
D.J. Montgomery,Luke Tenuta,2200,6
D.J. Montgomery,Matt Goncalves,2200,1
D.J. Montgomery,Mose Vavao,2200,6
D.J. Montgomery,Riley Leonard,2200,24
D.J. Montgomery,Sean McKeon,2200,2
D.J. Montgomery,Tanor Bortolini,2200,1
D.J. Montgomery,Ulysses Bentley IV,2200,7
D.J. Montgomery,Wesley French,2200,6
D.J. Montgomery,Will Mallory,2200,9
D.J. Wonnum,A'Shawn Robinson,0750,18
D.J. Wonnum,Bobby Brown III,0750,2
D.J. Wonnum,Chau Smith-Wade,0750,18
D.J. Wonnum,Christian Rozeboom,0750,24
D.J. Wonnum,Corey Thornton,0750,11
D.J. Wonnum,Demani Richardson,0750,2
D.J. Wonnum,Derrick Brown,0750,3
D.J. Wonnum,Mike Jackson,0750,24
D.J. Wonnum,Nick Scott,0750,24
D.J. Wonnum,Patrick Jones II,0750,24
D.J. Wonnum,Princely Umanmielen,0750,2
D.J. Wonnum,Shemar Bartholomew,0750,13
D.J. Wonnum,Shy Tuttle,0750,7
D.J. Wonnum,Tershawn Wharton,0750,22
D.J. Wonnum,Tre'von Moehrig,0750,24
D.J. Wonnum,Trevin Wallace,0750,22
DJ Chark,Brandon Parker,0200,25
DJ Chark,Easton Stick,0200,7
DJ Chark,Elijah Dotson,0200,7
DJ Chark,Elijah Wilkinson,0200,7
DJ Chark,Emory Jones,0200,20
DJ Chark,Jack Nelson,0200,9
DJ Chark,Jake Hanson,0200,18
DJ Chark,Jashaun Corbin,0200,18
DJ Chark,Jesse Matthews,0200,24
DJ Chark,Jordan Williams,0200,18
DJ Chark,Joshua Gray,0200,20
DJ Chark,Joshua Simon,0200,21
DJ Chark,Jovaughn Gwyn,0200,9
DJ Chark,Kyle Hinton,0200,7
DJ Chark,Matthew Cindric,0200,20
DJ Chark,Nate Carter,0200,2
DJ Chark,Nick Nash,0200,10
DJ Chark,Nikola Kalinic,0200,7
DJ Chark,Quincy Skinner Jr.,0200,19
DJ Chark,Tyrone Wheatley Jr.,0200,2
DJ Davidson,Abdul Carter,3410,5
DJ Davidson,Andru Phillips,3410,8
DJ Davidson,Art Green,3410,25
DJ Davidson,Bobby Okereke,3410,7
DJ Davidson,Brian Burns,3410,3
DJ Davidson,Chauncey Golston,3410,20
DJ Davidson,Chris Board,3410,20
DJ Davidson,Cordale Flott,3410,8
DJ Davidson,Dane Belton,3410,20
DJ Davidson,Darius Alexander,3410,36
DJ Davidson,Darius Muasau,3410,14
DJ Davidson,Dee Williams,3410,22
DJ Davidson,Dyontae Johnson,3410,33
DJ Davidson,Elijah Chatman,3410,8
DJ Davidson,Elijah Garcia,3410,21
DJ Davidson,Jeremiah Ledbetter,3410,4
DJ Davidson,Jevon Holland,3410,4
DJ Davidson,Jordon Riley,3410,7
DJ Davidson,K'Von Wallace,3410,24
DJ Davidson,K.J. Cloyd,3410,24
DJ Davidson,Kayvon Thibodeaux,3410,3
DJ Davidson,Korie Black,3410,6
DJ Davidson,Makari Paige,3410,31
DJ Davidson,Micah McFadden,3410,4
DJ Davidson,Nic Jones,3410,27
DJ Davidson,O'Donnell Fortune,3410,10
DJ Davidson,Paulson Adebo,3410,4
DJ Davidson,Raheem Layne,3410,20
DJ Davidson,TJ Moore,3410,28
DJ Davidson,Tomon Fox,3410,40
DJ Davidson,Trace Ford,3410,24
DJ Giddens,Adonai Mitchell,2200,51
DJ Giddens,Andrew Ogletree,2200,29
DJ Giddens,Anthony Gould,2200,42
DJ Giddens,Anthony Richardson,2200,16
DJ Giddens,Ashton Dulin,2200,35
DJ Giddens,Blake Freeland,2200,24
DJ Giddens,Braden Smith,2200,3
DJ Giddens,D.J. Montgomery,2200,1
DJ Giddens,Dalton Tucker,2200,49
DJ Giddens,Daniel Jones,2200,23
DJ Giddens,Danny Pinter,2200,14
DJ Giddens,Jalen Travis,2200,53
DJ Giddens,Laquon Treadwell,2200,15
DJ Giddens,Luke Tenuta,2200,26
DJ Giddens,Matt Goncalves,2200,53
DJ Giddens,Michael Pittman,2200,4
DJ Giddens,Quenton Nelson,2200,4
DJ Giddens,Riley Leonard,2200,14
DJ Giddens,Tanor Bortolini,2200,39
DJ Giddens,Tyler Warren,2200,17
DJ Giddens,Will Mallory,2200,18
DJ Glaze,Aidan O'Connell,2520,6
DJ Glaze,Alex Bachman,2520,6
DJ Glaze,Ashton Jeanty,2520,25
DJ Glaze,Brock Bowers,2520,11
DJ Glaze,Caleb Rogers,2520,6
DJ Glaze,Dont'e Thornton Jr.,2520,32
DJ Glaze,Dylan Parham,2520,28
DJ Glaze,Geno Smith,2520,28
DJ Glaze,Ian Thomas,2520,3
DJ Glaze,Jack Bech,2520,6
DJ Glaze,Jackson Powers-Johnson,2520,34
DJ Glaze,Jakobi Meyers,2520,26
DJ Glaze,Jordan Meredith,2520,34
DJ Glaze,Kolton Miller,2520,28
DJ Glaze,Michael Mayer,2520,24
DJ Glaze,Raheem Mostert,2520,3
DJ Glaze,Thayer Munford Jr.,2520,8
DJ Glaze,Tre Tucker,2520,26
DJ Glaze,Zamir White,2520,6
DJ James,Alex Austin,3200,29
DJ James,Anfernee Jennings,3200,13
DJ James,Bradyn Swinson,3200,4
DJ James,Brenden Schooler,3200,6
DJ James,Christian Elliss,3200,12
DJ James,Craig Woodson,3200,27
DJ James,David Olajiga,3200,3
DJ James,Dell Pettus,3200,1
DJ James,Elijah Ponder,3200,18
DJ James,Isaiah Iton,3200,15
DJ James,Jabrill Peppers,3200,21
DJ James,Jack Gibbens,3200,27
DJ James,Jahvaree Ritzie,3200,2
DJ James,Jaylinn Hawkins,3200,22
DJ James,Jeremiah Pharms Jr.,3200,13
DJ James,Joshua Farmer,3200,27
DJ James,Keion White,3200,23
DJ James,Khyiris Tonga,3200,8
DJ James,Kyle Dugger,3200,13
DJ James,Kyle Peko,3200,9
DJ James,Marcus Jones,3200,13
DJ James,Marte Mapu,3200,26
DJ James,Miles Battle,3200,25
DJ James,Milton Williams,3200,8
DJ James,Robert Spillane,3200,13
DJ James,Truman Jones,3200,22
DJ Johnson,Bam Martin-Scott,0750,13
DJ Johnson,Bobby Brown III,0750,10
DJ Johnson,Cam Jackson,0750,9
DJ Johnson,Corey Thornton,0750,11
DJ Johnson,Demani Richardson,0750,15
DJ Johnson,Isaac Gifford,0750,6
DJ Johnson,Jacoby Windmon,0750,15
DJ Johnson,Jaden Crumedy,0750,5
DJ Johnson,Jared Harrison-Hunte,0750,4
DJ Johnson,Jon Rhattigan,0750,8
DJ Johnson,Krys Barnes,0750,6
DJ Johnson,Lathan Ransom,0750,10
DJ Johnson,Mello Dotson,0750,6
DJ Johnson,Michael Reid,0750,14
DJ Johnson,Nic Scourton,0750,5
DJ Johnson,Nick Scott,0750,11
DJ Johnson,Princely Umanmielen,0750,3
DJ Johnson,Sam Roberts,0750,6
DJ Johnson,Shemar Bartholomew,0750,15
DJ Johnson,Shy Tuttle,0750,11
DJ Johnson,Thomas Incoom,0750,13
DJ Johnson,Tre Swilling,0750,10
DJ Johnson,Trevian Thomas,0750,4
DJ Moore,Braxton Jones,0810,38
DJ Moore,Brittain Brown,0810,9
DJ Moore,Caleb Williams,0810,38
DJ Moore,Cole Kmet,0810,24
DJ Moore,Colston Loveland,0810,27
DJ Moore,D'Andre Swift,0810,18
DJ Moore,Darnell Wright,0810,38
DJ Moore,Deion Hankins,0810,11
DJ Moore,Drew Dalman,0810,38
DJ Moore,Jonah Jackson,0810,38
DJ Moore,Luke Newman,0810,38
DJ Moore,Olamide Zaccheaus,0810,25
DJ Moore,Rome Odunze,0810,38
DJ Turner II,Daijahn Anthony,0920,10
DJ Turner II,Demetrius Knight Jr.,0920,14
DJ Turner II,Geno Stone,0920,4
DJ Turner II,Jalen Davis,0920,8
DJ Turner II,Jordan Battle,0920,14
DJ Turner II,Joseph Ossai,0920,14
DJ Turner II,Josh Newton,0920,14
DJ Turner II,Kris Jenkins,0920,14
DJ Turner II,Logan Wilson,0920,14
DJ Turner II,Myles Murphy,0920,14
DJ Turner II,Oren Burks,0920,6
DJ Turner II,Shemar Stewart,0920,1
DJ Turner II,Tedarrell Slaton,0920,13
DJ Uiagalelei,Andre James,4400,5
DJ Uiagalelei,Branson Taylor,4400,47
DJ Uiagalelei,Brenden Rice,4400,48
DJ Uiagalelei,Corey Stewart,4400,47
DJ Uiagalelei,Dalevon Campbell,4400,48
DJ Uiagalelei,David Sharpe,4400,25
DJ Uiagalelei,Dez Fitzpatrick,4400,3
DJ Uiagalelei,Hassan Haskins,4400,4
DJ Uiagalelei,JaQuae Jackson,4400,13
DJ Uiagalelei,Jaret Patterson,4400,1
DJ Uiagalelei,Jaylen Johnson,4400,10
DJ Uiagalelei,Jordan Petaia,4400,3
DJ Uiagalelei,Josh Kaltenberger,4400,62
DJ Uiagalelei,Karsen Barnhart,4400,33
DJ Uiagalelei,KeAndre Lambert-Smith,4400,2
DJ Uiagalelei,Kimani Vidal,4400,6
DJ Uiagalelei,Luke Grimm,4400,28
DJ Uiagalelei,Nash Jones,4400,56
DJ Uiagalelei,Nyheim Hines,4400,30
DJ Uiagalelei,Oronde Gadsden II,4400,11
DJ Uiagalelei,Raheim Sanders,4400,21
DJ Uiagalelei,Ryan Nelson,4400,38
DJ Uiagalelei,Stevo Klotz,4400,50
DJ Uiagalelei,Thomas Yassmin,4400,7
DJ Uiagalelei,Tucker Fisk,4400,22
Da'Jon Terry,A.J. Green,2510,12
Da'Jon Terry,Bill Norton,2510,32
Da'Jon Terry,Brennan Jackson,2510,34
Da'Jon Terry,Cam Lampkin,2510,29
Da'Jon Terry,Charles Woods,2510,20
Da'Jon Terry,Decarius Hawthorne,2510,26
Da'Jon Terry,Derion Kendrick,2510,38
Da'Jon Terry,Desjuan Johnson,2510,23
Da'Jon Terry,Elias Neal,2510,26
Da'Jon Terry,Jack Heflin,2510,9
Da'Jon Terry,Jamil Muhammad,2510,20
Da'Jon Terry,Josh Pearcy,2510,21
Da'Jon Terry,Malik Dixon-Williams,2510,41
Da'Jon Terry,Nate Valcarcel,2510,39
Da'Jon Terry,Pooh Paul Jr.,2510,20
Da'Jon Terry,Shaun Dolac,2510,14
Da'Jon Terry,Shaun Jolly,2510,30
Da'Jon Terry,Tanner Ingle,2510,18
Da'Jon Terry,Tony Fields II,2510,38
Da'Quan Felton,Aaron Stinnie,3410,20
Da'Quan Felton,Antwane Wells Jr.,3410,11
Da'Quan Felton,Austin Schlottmann,3410,11
Da'Quan Felton,Bryan Hudson,3410,23
Da'Quan Felton,Dalen Cambre,3410,7
Da'Quan Felton,Dante Miller,3410,10
Da'Quan Felton,Greg Dulcich,3410,4
Da'Quan Felton,Gunner Olszewski,3410,14
Da'Quan Felton,Ihmir Smith-Marsette,3410,4
Da'Quan Felton,Jaison Williams,3410,3
Da'Quan Felton,Jake Kubas,3410,3
Da'Quan Felton,Jameis Winston,3410,11
Da'Quan Felton,Jaxson Dart,3410,3
Da'Quan Felton,Jermaine Terry,3410,7
Da'Quan Felton,Jimmy Morrissey,3410,9
Da'Quan Felton,Jonathan Ward,3410,13
Da'Quan Felton,Joshua Ezeudu,3410,23
Da'Quan Felton,Marcus Mbow,3410,14
Da'Quan Felton,Montrell Washington,3410,2
Da'Quan Felton,Stone Forsythe,3410,9
Da'Quan Felton,Thomas Fidone II,3410,18
Da'Quan Felton,Tommy DeVito,3410,9
Da'Quan Felton,Zach Pascal,3410,2
Da'Shawn Hand,Alohi Gilman,4400,2
Da'Shawn Hand,Benjamin St-Juste,4400,9
Da'Shawn Hand,Caleb Murphy,4400,11
Da'Shawn Hand,Daiyan Henley,4400,3
Da'Shawn Hand,Deane Leonard,4400,4
Da'Shawn Hand,Denzel Perryman,4400,3
Da'Shawn Hand,Donte Jackson,4400,3
Da'Shawn Hand,Elijah Molden,4400,3
Da'Shawn Hand,Garmon Randolph,4400,4
Da'Shawn Hand,Ja'Sir Taylor,4400,11
Da'Shawn Hand,Junior Colson,4400,7
Da'Shawn Hand,Kylan Guidry,4400,5
Da'Shawn Hand,Kyle Kennard,4400,1
Da'Shawn Hand,Marlowe Wax,4400,6
Da'Shawn Hand,Naquan Jones,4400,8
Da'Shawn Hand,Nikko Reed,4400,7
Da'Shawn Hand,Otito Ogbonnia,4400,10
Da'Shawn Hand,R.J. Mickens,4400,13
Da'Shawn Hand,Tarheeb Still,4400,9
Da'Shawn Hand,Tony Jefferson,4400,14
Da'Shawn Hand,Tre'Mon Morris-Brash,4400,11
Da'Shawn Hand,Trikweze Bridges,4400,3
Da'Shawn Hand,Troy Dye,4400,13
DaQuan Jones,A.J. Epenesa,0610,1
DaQuan Jones,Cam Lewis,0610,11
DaQuan Jones,Christian Benford,0610,11
DaQuan Jones,Damar Hamlin,0610,11
DaQuan Jones,Ed Oliver,0610,11
DaQuan Jones,Greg Rousseau,0610,10
DaQuan Jones,Joe Andreessen,0610,11
DaQuan Jones,Joey Bosa,0610,10
DaQuan Jones,Matt Milano,0610,11
DaQuan Jones,Michael Hoecht,0610,1
DaQuan Jones,Taron Johnson,0610,11
DaQuan Jones,Tre'Davious White,0610,11
DaRon Gilbert,Ahmed Hassanein,1540,5
DaRon Gilbert,Allan George,1540,31
DaRon Gilbert,Anthony Pittman,1540,52
DaRon Gilbert,Brodric Martin,1540,22
DaRon Gilbert,Chris Smith,1540,30
DaRon Gilbert,D.J. Miller,1540,26
DaRon Gilbert,Dan Jackson,1540,3
DaRon Gilbert,Erick Hallett,1540,23
DaRon Gilbert,Ezekiel Turner,1540,18
DaRon Gilbert,Ian Kennelly,1540,42
DaRon Gilbert,Isaac Ukwu,1540,47
DaRon Gilbert,Keith Cooper,1540,44
DaRon Gilbert,Loren Strickland,1540,50
DaRon Gilbert,Luq Barcoo,1540,12
DaRon Gilbert,Mitchell Agude,1540,24
DaRon Gilbert,Myles Adams,1540,37
DaRon Gilbert,Nate Lynn,1540,24
DaRon Gilbert,Nick Whiteside,1540,37
DaRon Gilbert,Raequan Williams,1540,3
DaRon Gilbert,Trevor Nowaske,1540,22
DaRon Gilbert,Tyson Russell,1540,38
DaVon Hamilton,Andrew Wingard,2250,12
DaVon Hamilton,Christian Braswell,2250,5
DaVon Hamilton,Darnell Savage,2250,4
DaVon Hamilton,Dawuane Smoot,2250,4
DaVon Hamilton,Devin Lloyd,2250,10
DaVon Hamilton,Eric Murray,2250,14
DaVon Hamilton,Foye Oluokun,2250,14
DaVon Hamilton,Jarrian Jones,2250,11
DaVon Hamilton,Josh Hines-Allen,2250,13
DaVon Hamilton,Jourdan Lewis,2250,14
DaVon Hamilton,Travon Walker,2250,14
DaVon Hamilton,Tyler Lacy,2250,11
DaVon Hamilton,Tyson Campbell,2250,7
DaVon Hamilton,Ventrell Miller,2250,2
DaVon Hamilton,Yasir Abdullah,2250,5
Dadrion Taylor-Demerson,Akeem Davis-Gaither,3800,23
Dadrion Taylor-Demerson,Anthony Goodlow,3800,10
Dadrion Taylor-Demerson,Benton Whitley,3800,4
Dadrion Taylor-Demerson,Cody Simon,3800,10
Dadrion Taylor-Demerson,Dante Stills,3800,9
Dadrion Taylor-Demerson,Darren Hall,3800,23
Dadrion Taylor-Demerson,Denzel Burke,3800,21
Dadrion Taylor-Demerson,Elijah Simmons,3800,5
Dadrion Taylor-Demerson,Elliott Brown,3800,6
Dadrion Taylor-Demerson,Joey Blount,3800,14
Dadrion Taylor-Demerson,Jordan Burch,3800,27
Dadrion Taylor-Demerson,Kei'Trel Clark,3800,13
Dadrion Taylor-Demerson,Kitan Crawford,3800,16
Dadrion Taylor-Demerson,Kyon Barrs,3800,3
Dadrion Taylor-Demerson,L.J. Collier,3800,28
Dadrion Taylor-Demerson,Max Melton,3800,9
Dadrion Taylor-Demerson,Mykal Walker,3800,4
Dadrion Taylor-Demerson,Owen Pappoe,3800,18
Dadrion Taylor-Demerson,PJ Mustipher,3800,16
Dadrion Taylor-Demerson,Patrick Jenkins,3800,1
Dadrion Taylor-Demerson,Will Johnson,3800,17
Dadrion Taylor-Demerson,Xavier Thomas,3800,23
Daequan Hardy,A.J. Epenesa,0610,6
Daequan Hardy,Casey Rogers,0610,25
Daequan Hardy,Cole Bishop,0610,10
Daequan Hardy,Damar Hamlin,0610,10
Daequan Hardy,Dane Jackson,0610,35
Daequan Hardy,Darrick Forrest,0610,76
Daequan Hardy,DeWayne Carter,0610,37
Daequan Hardy,Deone Walker,0610,25
Daequan Hardy,Dorian Strong,0610,15
Daequan Hardy,Dorian Williams,0610,20
Daequan Hardy,Edefuan Ulofoshio,0610,58
Daequan Hardy,Garnett Hollis Jr.,0610,18
Daequan Hardy,Ja'Marcus Ingram,0610,52
Daequan Hardy,Javon Solomon,0610,28
Daequan Hardy,Jimmy Ciarlo,0610,64
Daequan Hardy,Joe Andreessen,0610,45
Daequan Hardy,Jordan Hancock,0610,5
Daequan Hardy,Keonta Jenkins,0610,22
Daequan Hardy,Landon Jackson,0610,30
Daequan Hardy,Larry Ogunjobi,0610,19
Daequan Hardy,Marcus Harris,0610,26
Daequan Hardy,Michael Hoecht,0610,36
Daequan Hardy,Nelson Ceaser,0610,34
Daequan Hardy,Paris Shand,0610,44
Daequan Hardy,T.J. Sanders,0610,19
Daequan Hardy,Te'Cory Couch,0610,3
Daequan Hardy,Tre Herndon,0610,51
Daequan Hardy,Wande Owens,0610,28
Daequan Hardy,Zion Logue,0610,27
Daequan Hardy,Zy Alexander,0610,22
Daijahn Anthony,Barrett Carter,0920,40
Daijahn Anthony,Bralyn Lux,0920,41
Daijahn Anthony,Cam Taylor-Britt,0920,3
Daijahn Anthony,Cameron Sample,0920,24
Daijahn Anthony,Craig Young,0920,8
Daijahn Anthony,D.J. Ivey,0920,54
Daijahn Anthony,DJ Turner II,0920,10
Daijahn Anthony,Daxton Hill,0920,3
Daijahn Anthony,Demetrius Knight Jr.,0920,13
Daijahn Anthony,Eric Gregory,0920,24
Daijahn Anthony,Howard Cross III,0920,50
Daijahn Anthony,Isaiah Thomas,0920,38
Daijahn Anthony,Jalen Davis,0920,21
Daijahn Anthony,Joe Giles-Harris,0920,18
Daijahn Anthony,Jordan Battle,0920,13
Daijahn Anthony,Joseph Ossai,0920,13
Daijahn Anthony,Josh Newton,0920,13
Daijahn Anthony,Kris Jenkins,0920,13
Daijahn Anthony,Lance Robinson,0920,8
Daijahn Anthony,Logan Wilson,0920,13
Daijahn Anthony,Maema Njongmeta,0920,16
Daijahn Anthony,Marco Wilson,0920,36
Daijahn Anthony,McKinnley Jackson,0920,32
Daijahn Anthony,McTelvin Agim,0920,4
Daijahn Anthony,Myles Murphy,0920,10
Daijahn Anthony,Nate Brooks,0920,22
Daijahn Anthony,Oren Burks,0920,31
Daijahn Anthony,PJ Jules,0920,22
Daijahn Anthony,Raymond Johnson III,0920,35
Daijahn Anthony,Shaka Heyward,0920,31
Daijahn Anthony,Shemar Stewart,0920,18
Daijahn Anthony,Taven Bryan,0920,21
Daijahn Anthony,Tedarrell Slaton,0920,12
Daijahn Anthony,Tycen Anderson,0920,40
Daiyan Henley,Alohi Gilman,4400,8
Daiyan Henley,Benjamin St-Juste,4400,9
Daiyan Henley,Bud Dupree,4400,6
Daiyan Henley,Caleb Murphy,4400,3
Daiyan Henley,Da'Shawn Hand,4400,3
Daiyan Henley,Denzel Perryman,4400,9
Daiyan Henley,Donte Jackson,4400,9
Daiyan Henley,Elijah Molden,4400,9
Daiyan Henley,Naquan Jones,4400,3
Daiyan Henley,Otito Ogbonnia,4400,6
Daiyan Henley,Tarheeb Still,4400,9
Daiyan Henley,Teair Tart,4400,6
Daiyan Henley,Tony Jefferson,4400,1
Daiyan Henley,Tre'Mon Morris-Brash,4400,3
Daiyan Henley,Tuli Tuipulotu,4400,6
Dalen Cambre,Aaron Stinnie,3410,34
Dalen Cambre,Antwane Wells Jr.,3410,15
Dalen Cambre,Austin Schlottmann,3410,26
Dalen Cambre,Bryan Hudson,3410,15
Dalen Cambre,Da'Quan Felton,3410,7
Dalen Cambre,Dante Miller,3410,21
Dalen Cambre,Devin Singletary,3410,3
Dalen Cambre,Greg Dulcich,3410,15
Dalen Cambre,Greg Van Roten,3410,2
Dalen Cambre,Gunner Olszewski,3410,6
Dalen Cambre,Ihmir Smith-Marsette,3410,1
Dalen Cambre,Jaison Williams,3410,3
Dalen Cambre,Jake Kubas,3410,24
Dalen Cambre,Jameis Winston,3410,14
Dalen Cambre,James Hudson,3410,2
Dalen Cambre,Jaxson Dart,3410,14
Dalen Cambre,Jermaine Eluemunor,3410,2
Dalen Cambre,Jermaine Terry,3410,15
Dalen Cambre,Jimmy Morrissey,3410,9
Dalen Cambre,John Michael Schmitz,3410,2
Dalen Cambre,Jon Runyan,3410,2
Dalen Cambre,Jonathan Ward,3410,15
Dalen Cambre,Jordan Bly,3410,7
Dalen Cambre,Joshua Ezeudu,3410,19
Dalen Cambre,Lil'Jordan Humphrey,3410,15
Dalen Cambre,Marcus Mbow,3410,31
Dalen Cambre,Montrell Washington,3410,16
Dalen Cambre,Russell Wilson,3410,2
Dalen Cambre,Stone Forsythe,3410,24
Dalen Cambre,Theo Johnson,3410,2
Dalen Cambre,Thomas Fidone II,3410,12
Dalen Cambre,Tommy DeVito,3410,9
Dalen Cambre,Wan'Dale Robinson,3410,2
Dalen Cambre,Zach Pascal,3410,4
Dalevon Campbell,Andre James,4400,9
Dalevon Campbell,Branson Taylor,4400,52
Dalevon Campbell,Brenden Rice,4400,61
Dalevon Campbell,Corey Stewart,4400,83
Dalevon Campbell,DJ Uiagalelei,4400,48
Dalevon Campbell,David Sharpe,4400,38
Dalevon Campbell,Dez Fitzpatrick,4400,5
Dalevon Campbell,Hassan Haskins,4400,20
Dalevon Campbell,JaQuae Jackson,4400,17
Dalevon Campbell,Jamaree Salyer,4400,1
Dalevon Campbell,Jaret Patterson,4400,1
Dalevon Campbell,Jaylen Johnson,4400,22
Dalevon Campbell,Jordan Petaia,4400,3
Dalevon Campbell,Josh Kaltenberger,4400,100
Dalevon Campbell,Karsen Barnhart,4400,72
Dalevon Campbell,KeAndre Lambert-Smith,4400,6
Dalevon Campbell,Kimani Vidal,4400,14
Dalevon Campbell,Luke Grimm,4400,50
Dalevon Campbell,Nash Jones,4400,87
Dalevon Campbell,Nyheim Hines,4400,35
Dalevon Campbell,Oronde Gadsden II,4400,30
Dalevon Campbell,Raheim Sanders,4400,35
Dalevon Campbell,Ryan Nelson,4400,85
Dalevon Campbell,Scott Matlock,4400,11
Dalevon Campbell,Stevo Klotz,4400,60
Dalevon Campbell,Taylor Heinicke,4400,10
Dalevon Campbell,Thomas Yassmin,4400,10
Dalevon Campbell,Tre Harris,4400,3
Dalevon Campbell,Trey Lance,4400,47
Dalevon Campbell,Tucker Fisk,4400,34
Dalevon Campbell,Zion Johnson,4400,1
Dallas Gant,A.J. Woods,3700,12
Dallas Gant,Andre' Sam,3700,44
Dallas Gant,Antwaun Powell-Ryland,3700,55
Dallas Gant,Azeez Ojulari,3700,3
Dallas Gant,Brandon Johnson,3700,11
Dallas Gant,Byron Young,3700,10
Dallas Gant,Chance Campbell,3700,20
Dallas Gant,Eli Ricks,3700,44
Dallas Gant,Gabe Hall,3700,23
Dallas Gant,Jacob Sykes,3700,50
Dallas Gant,Jakorian Bennett,3700,14
Dallas Gant,Jereme Robinson,3700,5
Dallas Gant,Joe Evans,3700,41
Dallas Gant,Justin Rogers,3700,19
Dallas Gant,Lance Dixon,3700,40
Dallas Gant,Lewis Cine,3700,29
Dallas Gant,Mac McWilliams,3700,47
Dallas Gant,Maxen Hook,3700,43
Dallas Gant,Ochaun Mathis,3700,61
Dallas Gant,Ogbo Okoronkwo,3700,11
Dallas Gant,Parry Nickerson,3700,54
Dallas Gant,Patrick Johnson,3700,9
Dallas Gant,Smael Mondon Jr.,3700,12
Dallas Gant,Tariq Castro-Fields,3700,13
Dallas Gant,Tristin McCollum,3700,28
Dallas Gant,Ty Robinson,3700,22
Dallas Turner,Bo Richter,3000,1
Dallas Turner,Eric Wilson,3000,8
Dallas Turner,Gabriel Murphy,3000,8
Dallas Turner,Isaiah Rodgers,3000,9
Dallas Turner,Ivan Pace Jr.,3000,9
Dallas Turner,Jalen Redmond,3000,8
Dallas Turner,Jay Ward,3000,9
Dallas Turner,Jeff Okudah,3000,9
Dallas Turner,Jonathan Harris,3000,1
Dallas Turner,Kahlef Hailassie,3000,1
Dallas Turner,Levi Drake Rodriguez,3000,8
Dallas Turner,Mekhi Blackmon,3000,3
Dallas Turner,Taki Taimani,3000,1
Dallas Turner,Theo Jackson,3000,9
Dallas Turner,Tyler Batty,3000,1
Dallas Turner,Tyrion Ingram-Dawkins,3000,5
Dallis Flowers,Alfred Collins,4500,67
Dallis Flowers,Bradlee Anae,4500,21
Dallis Flowers,Bruce Hector,4500,4
Dallis Flowers,Bryce Huff,4500,23
Dallis Flowers,CJ West,4500,24
Dallis Flowers,Chase Lucas,4500,51
Dallis Flowers,Chazz Surratt,4500,33
Dallis Flowers,Darrell Luter Jr.,4500,71
Dallis Flowers,Dee Winters,4500,25
Dallis Flowers,Deommodore Lenoir,4500,13
Dallis Flowers,Derrick Canteen,4500,49
Dallis Flowers,Evan Anderson,4500,28
Dallis Flowers,Jalen Graham,4500,33
Dallis Flowers,Jason Pinnock,4500,10
Dallis Flowers,Jaylen Mahoney,4500,8
Dallis Flowers,Jaylon Allen,4500,10
Dallis Flowers,Ji'Ayir Brown,4500,61
Dallis Flowers,Jonathan Garvin,4500,59
Dallis Flowers,Jordan Elliott,4500,14
Dallis Flowers,Kalia Davis,4500,31
Dallis Flowers,Luke Gifford,4500,27
Dallis Flowers,Marques Sigle,4500,91
Dallis Flowers,Nick Martin,4500,41
Dallis Flowers,Renardo Green,4500,13
Dallis Flowers,Robert Beal Jr.,4500,35
Dallis Flowers,Sam Okuayinonu,4500,12
Dallis Flowers,Sebastian Valdez,4500,32
Dallis Flowers,Stone Blanton,4500,4
Dallis Flowers,Tatum Bethune,4500,62
Dallis Flowers,Trevis Gipson,4500,38
Dalton Cooper,Bailey Zappe,2310,19
Dalton Cooper,Brashard Smith,2310,9
Dalton Cooper,C.J. Hanson,2310,36
Dalton Cooper,Carson Steele,2310,11
Dalton Cooper,Chris Oladokun,2310,17
Dalton Cooper,Chukwuebuka Godrick,2310,36
Dalton Cooper,Elijah Young,2310,15
Dalton Cooper,Elijhah Badger,2310,17
Dalton Cooper,Esa Pole,2310,36
Dalton Cooper,Geor'Quarius Spivey,2310,20
Dalton Cooper,Hal Presley,2310,26
Dalton Cooper,Jared Wiley,2310,8
Dalton Cooper,Jason Brownlee,2310,5
Dalton Cooper,Jimmy Holiday,2310,8
Dalton Cooper,Joey Lombard,2310,36
Dalton Cooper,Key'Shawn Smith,2310,23
Dalton Cooper,Mac Dalena,2310,7
Dalton Cooper,Michael Wiley,2310,1
Dalton Cooper,Nikko Remigio,2310,6
Dalton Cooper,Robert Tonyan,2310,1
Dalton Cooper,Skyy Moore,2310,5
Dalton Cooper,Tre Watson,2310,18
Dalton Keene,Austin Deculus,2120,6
Dalton Keene,Daniel Jackson,2120,1
Dalton Keene,Eli Cox,2120,6
Dalton Keene,Graham Mertz,2120,6
Dalton Keene,J.J. Taylor,2120,2
Dalton Keene,Jawhar Jordan,2120,4
Dalton Keene,Jaylon Thomas,2120,6
Dalton Keene,John Metchie III,2120,5
Dalton Keene,Justin Watson,2120,5
Dalton Keene,LaDarius Henderson,2120,6
Dalton Keene,Luke Lachey,2120,6
Dalton Keene,Quintez Cephus,2120,1
Dalton Keene,Zach Thomas,2120,6
Dalton Kincaid,Connor McGovern,0610,4
Dalton Kincaid,David Edwards,0610,4
Dalton Kincaid,Dawson Knox,0610,1
Dalton Kincaid,Dion Dawkins,0610,4
Dalton Kincaid,Elijah Moore,0610,3
Dalton Kincaid,Josh Palmer,0610,4
Dalton Kincaid,Keon Coleman,0610,4
Dalton Kincaid,Mitchell Trubisky,0610,4
Dalton Kincaid,O'Cyrus Torrence,0610,4
Dalton Kincaid,Ray Davis,0610,2
Dalton Kincaid,Ryan Van Demark,0610,4
Dalton Kincaid,Ty Johnson,0610,2
Dalton Schultz,Aireontae Ersery,2120,17
Dalton Schultz,Blake Fisher,2120,17
Dalton Schultz,Braxton Berrios,2120,1
Dalton Schultz,C.J. Stroud,2120,7
Dalton Schultz,Cade Stover,2120,7
Dalton Schultz,Christian Kirk,2120,5
Dalton Schultz,Dare Ogunbowale,2120,2
Dalton Schultz,Davis Mills,2120,10
Dalton Schultz,Ed Ingram,2120,17
Dalton Schultz,Jake Andrews,2120,17
Dalton Schultz,Jawhar Jordan,2120,2
Dalton Schultz,Jayden Higgins,2120,8
Dalton Schultz,Jaylin Noel,2120,5
Dalton Schultz,John Metchie III,2120,2
Dalton Schultz,Justin Watson,2120,2
Dalton Schultz,Laken Tomlinson,2120,17
Dalton Schultz,Nick Chubb,2120,5
Dalton Schultz,Nico Collins,2120,7
Dalton Schultz,Woody Marks,2120,8
Dalton Schultz,Xavier Hutchinson,2120,14
Dalton Tucker,Adonai Mitchell,2200,66
Dalton Tucker,Andrew Ogletree,2200,37
Dalton Tucker,Anthony Gould,2200,63
Dalton Tucker,Anthony Richardson,2200,24
Dalton Tucker,Ashton Dulin,2200,53
Dalton Tucker,Blake Freeland,2200,55
Dalton Tucker,Blayne Taylor,2200,25
Dalton Tucker,Coleman Owen,2200,20
Dalton Tucker,D.J. Montgomery,2200,19
Dalton Tucker,DJ Giddens,2200,49
Dalton Tucker,Daniel Jones,2200,29
Dalton Tucker,Danny Pinter,2200,32
Dalton Tucker,Jalen Travis,2200,110
Dalton Tucker,Jelani Woods,2200,24
Dalton Tucker,Josh Sills,2200,41
Dalton Tucker,Khalil Herbert,2200,15
Dalton Tucker,Laquon Treadwell,2200,56
Dalton Tucker,Luke Tenuta,2200,55
Dalton Tucker,Matt Goncalves,2200,67
Dalton Tucker,Mose Vavao,2200,12
Dalton Tucker,Riley Leonard,2200,57
Dalton Tucker,Sean McKeon,2200,1
Dalton Tucker,Tanor Bortolini,2200,53
Dalton Tucker,Tyler Goodson,2200,18
Dalton Tucker,Tyler Warren,2200,17
Dalton Tucker,Ulysses Bentley IV,2200,28
Dalton Tucker,Wesley French,2200,15
Dalton Tucker,Will Mallory,2200,59
Dalton Wagner,Albert Okwuegbunam,2520,25
Dalton Wagner,Atonio Mafi,2520,31
Dalton Wagner,Cam Miller,2520,47
Dalton Wagner,Carter Runyon,2520,11
Dalton Wagner,Chris Collier,2520,27
Dalton Wagner,Collin Johnson,2520,4
Dalton Wagner,Dylan Laube,2520,19
Dalton Wagner,Gottlieb Ayedze,2520,32
Dalton Wagner,Jarrod Hufford,2520,47
Dalton Wagner,Justin Shorter,2520,26
Dalton Wagner,Kawaan Baker,2520,3
Dalton Wagner,Ketron Jackson Jr.,2520,31
Dalton Wagner,Laki Tasi,2520,27
Dalton Wagner,Marquez Callaway,2520,17
Dalton Wagner,Parker Clements,2520,47
Dalton Wagner,Phillip Dorsett,2520,15
Dalton Wagner,Qadir Ismail,2520,11
Dalton Wagner,Shedrick Jackson,2520,21
Dalton Wagner,Sincere McCormick,2520,1
Dalton Wagner,Tommy Mellott,2520,24
Dalton Wagner,Will Putnam,2520,4
Dalvin Tomlinson,Akeem Davis-Gaither,3800,4
Dalvin Tomlinson,Baron Browning,3800,5
Dalvin Tomlinson,Budda Baker,3800,5
Dalvin Tomlinson,Dante Stills,3800,1
Dalvin Tomlinson,Darius Robinson,3800,4
Dalvin Tomlinson,Garrett Williams,3800,5
Dalvin Tomlinson,Jalen Thompson,3800,5
Dalvin Tomlinson,L.J. Collier,3800,1
Dalvin Tomlinson,Mack Wilson,3800,5
Dalvin Tomlinson,Max Melton,3800,5
Dalvin Tomlinson,Will Johnson,3800,5
Dalvin Tomlinson,Zaven Collins,3800,5
Dalys Beanum,Chris Rumph II,3300,17
Dalys Beanum,D'Marco Jackson,3300,19
Dalys Beanum,Elliott Davison,3300,47
Dalys Beanum,Fadil Diggs,3300,27
Dalys Beanum,Isaiah Foskey,3300,25
Dalys Beanum,Isaiah Stalbird,3300,24
Dalys Beanum,Jasheen Davis,3300,9
Dalys Beanum,Jayden Peevy,3300,21
Dalys Beanum,Jayden Price,3300,26
Dalys Beanum,Jaylan Ford,3300,31
Dalys Beanum,Jeremiah Martin,3300,16
Dalys Beanum,John Ridgeway,3300,12
Dalys Beanum,Jonah Williams,3300,14
Dalys Beanum,Jonas Sanker,3300,47
Dalys Beanum,Khristian Boyd,3300,10
Dalys Beanum,Omari Thomas,3300,29
Dalys Beanum,Rejzohn Wright,3300,47
Dalys Beanum,Tyreem Powell,3300,18
Dalys Beanum,Vernon Broughton,3300,31
Damar Hamlin,A.J. Epenesa,0610,33
Damar Hamlin,Brandon Codrington,0610,25
Damar Hamlin,Cam Lewis,0610,24
Damar Hamlin,Casey Rogers,0610,3
Damar Hamlin,Christian Benford,0610,17
Damar Hamlin,Cole Bishop,0610,21
Damar Hamlin,DaQuan Jones,0610,11
Damar Hamlin,Daequan Hardy,0610,10
Damar Hamlin,Dane Jackson,0610,42
Damar Hamlin,DeWayne Carter,0610,22
Damar Hamlin,Deone Walker,0610,23
Damar Hamlin,Dorian Strong,0610,37
Damar Hamlin,Dorian Williams,0610,35
Damar Hamlin,Ed Oliver,0610,11
Damar Hamlin,Greg Rousseau,0610,10
Damar Hamlin,Ja'Marcus Ingram,0610,5
Damar Hamlin,Javon Solomon,0610,17
Damar Hamlin,Joe Andreessen,0610,59
Damar Hamlin,Joey Bosa,0610,10
Damar Hamlin,Jordan Hancock,0610,14
Damar Hamlin,Keonta Jenkins,0610,7
Damar Hamlin,Landon Jackson,0610,19
Damar Hamlin,Larry Ogunjobi,0610,16
Damar Hamlin,Marcus Harris,0610,2
Damar Hamlin,Matt Milano,0610,17
Damar Hamlin,Michael Hoecht,0610,28
Damar Hamlin,Nelson Ceaser,0610,1
Damar Hamlin,T.J. Sanders,0610,24
Damar Hamlin,Taron Johnson,0610,16
Damar Hamlin,Te'Cory Couch,0610,8
Damar Hamlin,Tre'Davious White,0610,17
Damar Hamlin,Zion Logue,0610,6
Damarion Williams,Alphonzo Tuputala,4600,22
Damarion Williams,Anthony Campbell,4600,19
Damarion Williams,Brandon Pili,4600,18
Damarion Williams,Connor O'Toole,4600,83
Damarion Williams,D'Anthony Bell,4600,87
Damarion Williams,D'Eryk Jackson,4600,80
Damarion Williams,Drake Thomas,4600,84
Damarion Williams,Isas Waxter,4600,35
Damarion Williams,J.R. Singleton,4600,59
Damarion Williams,Jalan Gaines,4600,20
Damarion Williams,Jamie Sheriff,4600,48
Damarion Williams,Jared Ivey,4600,83
Damarion Williams,Jerrick Reed II,4600,74
Damarion Williams,Josh Jobe,4600,5
Damarion Williams,Kam Alexander,4600,5
Damarion Williams,Keydrain Calligan,4600,59
Damarion Williams,Michael Dowell,4600,15
Damarion Williams,Mike Morris,4600,33
Damarion Williams,Nehemiah Pritchett,4600,40
Damarion Williams,Nick Emmanwori,4600,1
Damarion Williams,Patrick O'Connell,4600,39
Damarion Williams,Quinton Bohanna,4600,39
Damarion Williams,Seth Coleman,4600,41
Damarion Williams,Shaquill Griffin,4600,10
Damarion Williams,Ty Okada,4600,102
Damarion Williams,Tyler Hall,4600,77
Damarion Williams,Tyreke Smith,4600,37
Damarion Williams,Wy'Kevious Thomas,4600,65
Damarri Mathis,Andrew Farmer,1400,3
Damarri Mathis,Devon Key,1400,35
Damarri Mathis,Dondrea Tillman,1400,47
Damarri Mathis,Eyioma Uwazurike,1400,47
Damarri Mathis,Garrett Nelson,1400,3
Damarri Mathis,J.B. Brown,1400,6
Damarri Mathis,JL Skinner,1400,33
Damarri Mathis,Jaden Robinson,1400,2
Damarri Mathis,Jahdae Barron,1400,21
Damarri Mathis,Jonah Elliss,1400,42
Damarri Mathis,Jordan Jackson,1400,40
Damarri Mathis,Jordan Miller,1400,28
Damarri Mathis,Jordan Turner,1400,15
Damarri Mathis,Justin Strnad,1400,20
Damarri Mathis,Karene Reid,1400,35
Damarri Mathis,Keidron Smith,1400,33
Damarri Mathis,Kris Abrams-Draine,1400,61
Damarri Mathis,Kristian Williams,1400,10
Damarri Mathis,Levelle Bailey,1400,53
Damarri Mathis,P.J. Locke,1400,35
Damarri Mathis,Que Robinson,1400,41
Damarri Mathis,Quinton Newsome,1400,24
Damarri Mathis,Sai'vion Jones,1400,46
Dameon Pierce,Austin Deculus,2120,10
Dameon Pierce,Braxton Berrios,2120,2
Dameon Pierce,Graham Mertz,2120,10
Dameon Pierce,Harrison Bryant,2120,3
Dameon Pierce,Irv Smith,2120,5
Dameon Pierce,Jakob Johnson,2120,3
Dameon Pierce,Jarrett Patterson,2120,10
Dameon Pierce,Jayden Higgins,2120,8
Dameon Pierce,Jaylin Noel,2120,3
Dameon Pierce,Jaylon Thomas,2120,10
Dameon Pierce,Juice Scruggs,2120,10
Dameon Pierce,Justin Watson,2120,2
Dameon Pierce,Luke Lachey,2120,6
Dameon Pierce,Xavier Hutchinson,2120,8
Dameon Pierce,Zach Thomas,2120,10
Damien Martinez,AJ Barner,4600,1
Damien Martinez,Abraham Lucas,4600,7
Damien Martinez,Amari Kight,4600,53
Damien Martinez,Anthony Bradford,4600,7
Damien Martinez,Brady Russell,4600,22
Damien Martinez,Bryce Cabeldue,4600,34
Damien Martinez,Christian Haynes,4600,33
Damien Martinez,Cody White,4600,27
Damien Martinez,Dareke Young,4600,34
Damien Martinez,Drew Lock,4600,40
Damien Martinez,Elijah Arroyo,4600,29
Damien Martinez,Eric Saubert,4600,10
Damien Martinez,Federico Maranges,4600,19
Damien Martinez,Grey Zabel,4600,7
Damien Martinez,Jake Bobo,4600,30
Damien Martinez,Jalen Milroe,4600,23
Damien Martinez,Jalen Sundell,4600,29
Damien Martinez,Josh Jones,4600,29
Damien Martinez,Luke Felix-Fualalo,4600,4
Damien Martinez,Marquez Valdes-Scantling,4600,11
Damien Martinez,Marshall Lang,4600,18
Damien Martinez,Mason Richman,4600,18
Damien Martinez,Michael Jerrell,4600,31
Damien Martinez,Nick Kallerup,4600,24
Damien Martinez,Ricky White III,4600,11
Damien Martinez,Robbie Ouzts,4600,1
Damien Martinez,Sataoa Laumea,4600,44
Damien Martinez,Tory Horton,4600,21
Damien Martinez,Tyrone Broden,4600,13
Damon Arnette,Arthur Maulet,2120,27
Damon Arnette,Casey Toohill,2120,44
Damon Arnette,Christian Harris,2120,4
Damon Arnette,D'Angelo Ross,2120,12
Damon Arnette,Darrell Taylor,2120,7
Damon Arnette,Derek Barnett,2120,1
Damon Arnette,Dylan Horton,2120,8
Damon Arnette,E.J. Speed,2120,4
Damon Arnette,Foley Fatukasi,2120,3
Damon Arnette,Haggai Ndubuisi,2120,34
Damon Arnette,Jackson Woodard,2120,33
Damon Arnette,Jake Hansen,2120,5
Damon Arnette,Jalen Mills,2120,21
Damon Arnette,Jamal Hill,2120,29
Damon Arnette,Junior Tafuna,2120,47
Damon Arnette,K.C. Ossai,2120,34
Damon Arnette,M.J. Stewart,2120,18
Damon Arnette,Marlon Davidson,2120,16
Damon Arnette,Myles Bryant,2120,48
Damon Arnette,Nick Niemann,2120,31
Damon Arnette,Russ Yeast,2120,33
Damon Arnette,Solomon Byrd,2120,43
Damon Arnette,Tim Settle,2120,3
Damon Arnette,Tommy Togiai,2120,17
Damon Arnette,Tremon Smith,2120,48
Damone Clark,Alijah Clark,1200,2
Damone Clark,Andrew Booth,1200,25
Damone Clark,Bruce Harmon,1200,5
Damone Clark,Christian Matthew,1200,11
Damone Clark,Darius Harris,1200,9
Damone Clark,Donovan Ezeiruaku,1200,20
Damone Clark,Earnest Brown IV,1200,19
Damone Clark,Israel Mukuamu,1200,19
Damone Clark,Jack Sanborn,1200,9
Damone Clark,James Houston,1200,12
Damone Clark,Jay Toia,1200,20
Damone Clark,Juanyeh Thomas,1200,23
Damone Clark,Kaiir Elam,1200,9
Damone Clark,Kemon Hall,1200,21
Damone Clark,Marist Liufau,1200,20
Damone Clark,Markquese Bell,1200,20
Damone Clark,Marshawn Kneeland,1200,9
Damone Clark,Mazi Smith,1200,22
Damone Clark,Mike Smith Jr.,1200,18
Damone Clark,Payton Turner,1200,19
Damone Clark,Perrion Winfrey,1200,20
Damone Clark,Robert Rochell,1200,6
Damone Clark,Sam Williams,1200,6
Damone Clark,Shemar James,1200,21
Damone Clark,Troy Pride,1200,26
Damone Clark,Tyrus Wheat,1200,16
Damone Clark,Zion Childress,1200,2
Damontae Kazee,Adin Huntington,1050,14
Damontae Kazee,Alex Wright,1050,10
Damontae Kazee,Cameron Mitchell,1050,27
Damontae Kazee,Cameron Thomas,1050,27
Damontae Kazee,Carson Schwesinger,1050,6
Damontae Kazee,Charlie Thomas,1050,6
Damontae Kazee,Chigozie Anusiem,1050,23
Damontae Kazee,Chris Edmonds,1050,21
Damontae Kazee,Devin Bush,1050,17
Damontae Kazee,Dom Jones,1050,9
Damontae Kazee,Donovan McMillon,1050,2
Damontae Kazee,Easton Mascarenas-Arnold,1050,13
Damontae Kazee,Isaiah McGuire,1050,8
Damontae Kazee,Jerome Baker,1050,25
Damontae Kazee,Joe Tryon-Shoyinka,1050,18
Damontae Kazee,Jowon Briggs,1050,7
Damontae Kazee,Julian Okwara,1050,16
Damontae Kazee,KJ Henry,1050,7
Damontae Kazee,Keenan Isaac,1050,1
Damontae Kazee,LaMareon James,1050,1
Damontae Kazee,Mason Graham,1050,6
Damontae Kazee,Myles Harden,1050,23
Damontae Kazee,Nathaniel Watson,1050,11
Damontae Kazee,Nik Needham,1050,2
Damontae Kazee,Ralph Holley,1050,10
Damontae Kazee,Rayshawn Jenkins,1050,7
Damontae Kazee,Ronnie Hickman Jr.,1050,16
Damontae Kazee,Sam Kamara,1050,34
Damontae Kazee,Shelby Harris,1050,14
Damontae Kazee,Titus Leo,1050,1
Damontae Kazee,Tony Brown,1050,35
Damontae Kazee,Winston Reid,1050,13
Dan Feeney,Chase Lundt,0610,70
Dan Feeney,Darrynton Evans,0610,10
Dan Feeney,Deon Cain,0610,12
Dan Feeney,Elijah Moore,0610,38
Dan Feeney,Elijah Young,0610,8
Dan Feeney,Frank Gore Jr.,0610,36
Dan Feeney,Jackson Hawes,0610,32
Dan Feeney,Jacob Bayer,0610,3
Dan Feeney,Jalen Virgil,0610,8
Dan Feeney,Josh Palmer,0610,8
Dan Feeney,KJ Hamler,0610,38
Dan Feeney,Keleki Latu,0610,20
Dan Feeney,Kendrick Green,0610,67
Dan Feeney,Kristian Wilkerson,0610,33
Dan Feeney,Laviska Shenault Jr.,0610,6
Dan Feeney,Matt Sokol,0610,2
Dan Feeney,Mike Edwards,0610,30
Dan Feeney,Mike White,0610,35
Dan Feeney,Mitchell Trubisky,0610,6
Dan Feeney,Ray Davis,0610,16
Dan Feeney,Richard Gouraige,0610,70
Dan Feeney,Rush Reimer,0610,3
Dan Feeney,Ryan Van Demark,0610,37
Dan Feeney,Shane Buechele,0610,29
Dan Feeney,Stephen Gosnell,0610,2
Dan Feeney,Tyrell Shavers,0610,53
Dan Feeney,Zach Davidson,0610,28
Dan Jackson,Ahmed Hassanein,1540,8
Dan Jackson,Anthony Pittman,1540,30
Dan Jackson,Brodric Martin,1540,8
Dan Jackson,Chris Smith,1540,13
Dan Jackson,DaRon Gilbert,1540,3
Dan Jackson,Dicaprio Bootle,1540,22
Dan Jackson,Erick Hallett,1540,10
Dan Jackson,Ezekiel Turner,1540,33
Dan Jackson,Ian Kennelly,1540,27
Dan Jackson,Isaac Ukwu,1540,20
Dan Jackson,Keith Cooper,1540,21
Dan Jackson,Mitchell Agude,1540,10
Dan Jackson,Morice Norris Jr.,1540,6
Dan Jackson,Myles Adams,1540,19
Dan Jackson,Nate Lynn,1540,17
Dan Jackson,Nick Whiteside,1540,15
Dan Jackson,Raequan Williams,1540,16
Dan Jackson,Trevor Nowaske,1540,19
Dan Jackson,Tyson Russell,1540,33
Dan Moore Jr.,Andrew Rupcich,2100,14
Dan Moore Jr.,Blake Hance,2100,22
Dan Moore Jr.,Bryce Oliver,2100,1
Dan Moore Jr.,Calvin Ridley,2100,10
Dan Moore Jr.,Cam Ward,2100,15
Dan Moore Jr.,Cameron Ward,2100,21
Dan Moore Jr.,Chig Okonkwo,2100,32
Dan Moore Jr.,Chimere Dike,2100,9
Dan Moore Jr.,Corey Levin,2100,36
Dan Moore Jr.,David Martin-Robinson,2100,3
Dan Moore Jr.,Elic Ayomanor,2100,24
Dan Moore Jr.,Gunnar Helm,2100,16
Dan Moore Jr.,JC Latham,2100,21
Dan Moore Jr.,John Ojukwu,2100,1
Dan Moore Jr.,Julius Chestnut,2100,16
Dan Moore Jr.,Kalel Mullings,2100,7
Dan Moore Jr.,Olisaemeka Udoh,2100,15
Dan Moore Jr.,Peter Skoronski,2100,36
Dan Moore Jr.,Tony Pollard,2100,11
Dan Moore Jr.,Tyjae Spears,2100,3
Dan Moore Jr.,Tyler Lockett,2100,17
Dan Moore Jr.,Van Jefferson,2100,30
Dan Skipper,Craig Reynolds,1540,38
Dan Skipper,Dominic Lovett,1540,31
Dan Skipper,Giovanni Manu,1540,19
Dan Skipper,Gunnar Oakes,1540,1
Dan Skipper,Hendon Hooker,1540,7
Dan Skipper,Isaac TeSlaa,1540,69
Dan Skipper,Jabari Small,1540,6
Dan Skipper,Jackson Meeks,1540,28
Dan Skipper,Jacob Saylors,1540,14
Dan Skipper,Jamarco Jones,1540,57
Dan Skipper,Kayode Awosika,1540,65
Dan Skipper,Kenny Yeboah,1540,15
Dan Skipper,Kingsley Eguakun,1540,76
Dan Skipper,Kyle Allen,1540,69
Dan Skipper,Michael Niese,1540,11
Dan Skipper,Netane Muti,1540,76
Dan Skipper,Ronnie Bell,1540,7
Dan Skipper,Shane Zylstra,1540,43
Dan Skipper,Sione Vaki,1540,18
Dan Skipper,Steven Stilianos,1540,4
Dan Skipper,Tom Kennedy,1540,70
Dan Skipper,Zach Horton,1540,36
Dane Belton,Abdul Carter,3410,19
Dane Belton,Andru Phillips,3410,18
Dane Belton,Art Green,3410,18
Dane Belton,Bobby Okereke,3410,21
Dane Belton,Brian Burns,3410,16
Dane Belton,Chauncey Golston,3410,17
Dane Belton,Chris Board,3410,30
Dane Belton,Cordale Flott,3410,18
Dane Belton,Cory Durden,3410,14
Dane Belton,DJ Davidson,3410,20
Dane Belton,Darius Alexander,3410,22
Dane Belton,Darius Muasau,3410,36
Dane Belton,Dee Williams,3410,2
Dane Belton,Deonte Banks,3410,13
Dane Belton,Dyontae Johnson,3410,2
Dane Belton,Elijah Chatman,3410,28
Dane Belton,Elijah Garcia,3410,10
Dane Belton,Jeremiah Ledbetter,3410,7
Dane Belton,Jevon Holland,3410,20
Dane Belton,Kayvon Thibodeaux,3410,19
Dane Belton,Korie Black,3410,11
Dane Belton,Micah McFadden,3410,21
Dane Belton,Nic Jones,3410,21
Dane Belton,O'Donnell Fortune,3410,17
Dane Belton,Paulson Adebo,3410,20
Dane Belton,Raheem Layne,3410,39
Dane Belton,Rakeem Nunez-Roches,3410,17
Dane Belton,Roy Robertson-Harris,3410,18
Dane Belton,TJ Moore,3410,15
Dane Belton,Tomon Fox,3410,23
Dane Belton,Trace Ford,3410,17
Dane Belton,Tyler Nubin,3410,1
Dane Jackson,A.J. Epenesa,0610,35
Dane Jackson,Brandon Codrington,0610,48
Dane Jackson,Cam Lewis,0610,7
Dane Jackson,Casey Rogers,0610,7
Dane Jackson,Cole Bishop,0610,21
Dane Jackson,Daequan Hardy,0610,35
Dane Jackson,Damar Hamlin,0610,42
Dane Jackson,Darrick Forrest,0610,50
Dane Jackson,DeWayne Carter,0610,38
Dane Jackson,Deone Walker,0610,52
Dane Jackson,Dorian Strong,0610,88
Dane Jackson,Dorian Williams,0610,62
Dane Jackson,Edefuan Ulofoshio,0610,19
Dane Jackson,Ja'Marcus Ingram,0610,18
Dane Jackson,Javon Solomon,0610,49
Dane Jackson,Jimmy Ciarlo,0610,15
Dane Jackson,Joe Andreessen,0610,97
Dane Jackson,Jordan Hancock,0610,56
Dane Jackson,Justin Hollins,0610,6
Dane Jackson,Keonta Jenkins,0610,27
Dane Jackson,Landon Jackson,0610,54
Dane Jackson,Larry Ogunjobi,0610,32
Dane Jackson,Marcus Harris,0610,22
Dane Jackson,Michael Hoecht,0610,56
Dane Jackson,Nelson Ceaser,0610,1
Dane Jackson,Paris Shand,0610,19
Dane Jackson,T.J. Sanders,0610,46
Dane Jackson,Te'Cory Couch,0610,27
Dane Jackson,Tre Herndon,0610,42
Dane Jackson,Wande Owens,0610,2
Dane Jackson,Zion Logue,0610,23
Dane Jackson,Zy Alexander,0610,4
Daniel Bellinger,Aaron Stinnie,3410,3
Daniel Bellinger,Austin Schlottmann,3410,3
Daniel Bellinger,Chris Manhertz,3410,2
Daniel Bellinger,Devin Singletary,3410,6
Daniel Bellinger,Greg Van Roten,3410,3
Daniel Bellinger,Jake Kubas,3410,3
Daniel Bellinger,James Hudson,3410,3
Daniel Bellinger,Jaxson Dart,3410,3
Daniel Bellinger,Jermaine Eluemunor,3410,3
Daniel Bellinger,John Michael Schmitz,3410,3
Daniel Bellinger,Jon Runyan,3410,3
Daniel Bellinger,Joshua Ezeudu,3410,3
Daniel Bellinger,Lil'Jordan Humphrey,3410,4
Daniel Bellinger,Marcus Mbow,3410,3
Daniel Bellinger,Montrell Washington,3410,4
Daniel Bellinger,Russell Wilson,3410,3
Daniel Bellinger,Wan'Dale Robinson,3410,2
Daniel Bellinger,Zach Pascal,3410,6
Daniel Brunskill,A.J. Henning,2700,1
Daniel Brunskill,Alexander Mattison,2700,3
Daniel Brunskill,Andrew Armstrong,2700,1
Daniel Brunskill,Braeden Daniels,2700,33
Daniel Brunskill,Chris Myarick,2700,7
Daniel Brunskill,Dee Eskridge,2700,35
Daniel Brunskill,Erik Ezukanma,2700,59
Daniel Brunskill,Germain Ifedi,2700,10
Daniel Brunskill,Hayden Rucci,2700,14
Daniel Brunskill,Jackson Carman,2700,55
Daniel Brunskill,Jaylen Wright,2700,32
Daniel Brunskill,Jonah Savaiinaea,2700,33
Daniel Brunskill,Julian Hill,2700,9
Daniel Brunskill,Kion Smith,2700,68
Daniel Brunskill,Larry Borom,2700,31
Daniel Brunskill,Mike Boone,2700,11
Daniel Brunskill,Nick Westbrook-Ikhine,2700,7
Daniel Brunskill,Ollie Gordon II,2700,22
Daniel Brunskill,Patrick Paul,2700,7
Daniel Brunskill,Pharaoh Brown,2700,27
Daniel Brunskill,Ryan Hayes,2700,35
Daniel Brunskill,Tahj Washington,2700,50
Daniel Brunskill,Tanner Conner,2700,36
Daniel Brunskill,Tarik Black,2700,26
Daniel Brunskill,Zach Wilson,2700,68
Daniel Ekuale,Beanie Bishop Jr.,3900,11
Daniel Ekuale,Brandin Echols,3900,32
Daniel Ekuale,Cameron McCutcheon,3900,3
Daniel Ekuale,Carson Bruener,3900,8
Daniel Ekuale,Chuck Clark,3900,27
Daniel Ekuale,Cole Holcomb,3900,28
Daniel Ekuale,D'Shawn Jamison,3900,7
Daniel Ekuale,Daryl Porter,3900,23
Daniel Ekuale,DeMarvin Leal,3900,31
Daniel Ekuale,Derrick Harmon,3900,16
Daniel Ekuale,Eku Leota,3900,16
Daniel Ekuale,Esezi Otomewo,3900,7
Daniel Ekuale,Isaiahh Loudermilk,3900,21
Daniel Ekuale,Jack Sawyer,3900,31
Daniel Ekuale,James Pierre,3900,39
Daniel Ekuale,Juan Thornhill,3900,5
Daniel Ekuale,Julius Welschof,3900,16
Daniel Ekuale,Kyler McMichael,3900,8
Daniel Ekuale,Logan Lee,3900,3
Daniel Ekuale,Malik Harrison,3900,34
Daniel Ekuale,Mark Robinson,3900,19
Daniel Ekuale,Miles Killebrew,3900,27
Daniel Ekuale,Payton Wilson,3900,5
Daniel Ekuale,Quindell Johnson,3900,15
Daniel Ekuale,Sebastian Castro,3900,20
Daniel Ekuale,Yahya Black,3900,18
Daniel Faalele,Andrew Vorhees,0325,28
Daniel Faalele,Charlie Kolar,0325,27
Daniel Faalele,Cooper Rush,0325,28
Daniel Faalele,Corey Bullock,0325,28
Daniel Faalele,D'Ernest Johnson,0325,8
Daniel Faalele,Dayton Wade,0325,4
Daniel Faalele,Devontez Walker,0325,27
Daniel Faalele,Joe Noteboom,0325,28
Daniel Faalele,Keaton Mitchell,0325,7
Daniel Faalele,Keith Kirkwood,0325,2
Daniel Faalele,LaJohntay Wester,0325,16
Daniel Faalele,Lucas Scott,0325,14
Daniel Faalele,Rasheen Ali,0325,13
Daniel Faalele,Roger Rosengarten,0325,28
Daniel Faalele,Scotty Washington,0325,5
Daniel Faalele,Tylan Wallace,0325,15
Daniel Faalele,Zaire Mitchell-Paden,0325,2
Daniel Hardy,Alex Cook,0810,56
Daniel Hardy,Amen Ogbongbemiga,0810,11
Daniel Hardy,Austin Booker,0810,7
Daniel Hardy,Carl Jones,0810,34
Daniel Hardy,Dominique Robinson,0810,3
Daniel Hardy,Elijah Hicks,0810,2
Daniel Hardy,Jamree Kromah,0810,39
Daniel Hardy,Jeremiah Walker,0810,49
Daniel Hardy,Jonathan Ford,0810,52
Daniel Hardy,Jonathan Owens,0810,17
Daniel Hardy,Josh Blackwell,0810,14
Daniel Hardy,Kaleb Hayes,0810,14
Daniel Hardy,Major Burns,0810,2
Daniel Hardy,Mark Perry,0810,18
Daniel Hardy,Mekhi Garner,0810,22
Daniel Hardy,Nick McCloud,0810,10
Daniel Hardy,Noah Sewell,0810,5
Daniel Hardy,Power Echols,0810,35
Daniel Hardy,Ruben Hyppolite II,0810,17
Daniel Hardy,Swayze Bozeman,0810,29
Daniel Hardy,Tanoh Kpassagnon,0810,1
Daniel Hardy,Terell Smith,0810,14
Daniel Hardy,Tre Flowers,0810,46
Daniel Hardy,Tysheem Johnson,0810,25
Daniel Hardy,Xavier Carlton,0810,30
Daniel Hardy,Zacch Pickens,0810,48
Daniel Jackson,Austin Deculus,2120,42
Daniel Jackson,British Brooks,2120,9
Daniel Jackson,Conor McDermott,2120,20
Daniel Jackson,Cornell Powell,2120,8
Daniel Jackson,Dalton Keene,2120,1
Daniel Jackson,Eli Cox,2120,34
Daniel Jackson,Graham Mertz,2120,14
Daniel Jackson,Harrison Bryant,2120,10
Daniel Jackson,Irv Smith,2120,4
Daniel Jackson,J.J. Taylor,2120,8
Daniel Jackson,Jakob Johnson,2120,12
Daniel Jackson,Jarrett Patterson,2120,8
Daniel Jackson,Jawhar Jordan,2120,23
Daniel Jackson,Jaylon Thomas,2120,40
Daniel Jackson,John Metchie III,2120,2
Daniel Jackson,Juice Scruggs,2120,8
Daniel Jackson,Justin Watson,2120,2
Daniel Jackson,Juwann Winfree,2120,9
Daniel Jackson,Kedon Slovis,2120,28
Daniel Jackson,LaDarius Henderson,2120,36
Daniel Jackson,Luke Lachey,2120,32
Daniel Jackson,Quintez Cephus,2120,28
Daniel Jackson,Tre' McKitty,2120,3
Daniel Jackson,Woody Marks,2120,2
Daniel Jackson,Xavier Johnson,2120,15
Daniel Jackson,Zach Thomas,2120,22
Daniel Jones,Adonai Mitchell,2200,41
Daniel Jones,Andrew Ogletree,2200,11
Daniel Jones,Anthony Gould,2200,32
Daniel Jones,Ashton Dulin,2200,29
Daniel Jones,Blake Freeland,2200,30
Daniel Jones,Braden Smith,2200,13
Daniel Jones,D.J. Montgomery,2200,1
Daniel Jones,DJ Giddens,2200,23
Daniel Jones,Dalton Tucker,2200,29
Daniel Jones,Jalen Travis,2200,43
Daniel Jones,Jonathan Taylor,2200,10
Daniel Jones,Laquon Treadwell,2200,1
Daniel Jones,Matt Goncalves,2200,43
Daniel Jones,Michael Pittman,2200,14
Daniel Jones,Mo Alie-Cox,2200,4
Daniel Jones,Quenton Nelson,2200,14
Daniel Jones,Tanor Bortolini,2200,43
Daniel Jones,Tyler Goodson,2200,10
Daniel Jones,Tyler Warren,2200,25
Daniel Jones,Will Mallory,2200,14
Daniel Scott,Adetomiwa Adebawore,2200,32
Daniel Scott,Alex Johnson,2200,74
Daniel Scott,Austin Ajiake,2200,52
Daniel Scott,BJ Mayes,2200,48
Daniel Scott,Cameron McGrone,2200,17
Daniel Scott,Chris Lammons,2200,46
Daniel Scott,Desmond Little,2200,57
Daniel Scott,Devonta Davis,2200,45
Daniel Scott,Duke Shelley,2200,63
Daniel Scott,Durell Nchami,2200,68
Daniel Scott,Eric Johnson,2200,49
Daniel Scott,Isaiah Land,2200,49
Daniel Scott,JT Tuimoloau,2200,62
Daniel Scott,Jacob Phillips,2200,24
Daniel Scott,Jake Chaney,2200,12
Daniel Scott,Joe Bachie,2200,6
Daniel Scott,Johnathan Edwards,2200,43
Daniel Scott,Joseph Vaughn,2200,12
Daniel Scott,Josh Tupou,2200,52
Daniel Scott,Julius Brents,2200,16
Daniel Scott,Ladarius Tennison,2200,33
Daniel Scott,Laiatu Latu,2200,6
Daniel Scott,Marcus Haynes,2200,26
Daniel Scott,Neville Gallimore,2200,28
Daniel Scott,Rodney Thomas,2200,36
Daniel Scott,Samuel Womack,2200,26
Daniel Scott,Segun Olubi,2200,88
Daniel Scott,Solomon DeShields,2200,51
Daniel Scott,Tim Smith,2200,66
Daniel Scott,Tre Herndon,2200,19
Daniel Scott,Trey Washington,2200,95
Daniel Scott,Tyquan Lewis,2200,6
Daniel Thomas,Andrew Wingard,2250,3
Daniel Thomas,Antonio Johnson,2250,44
Daniel Thomas,Austin Johnson,2250,11
Daniel Thomas,Aydan White,2250,21
Daniel Thomas,BJ Green II,2250,21
Daniel Thomas,Branson Combs,2250,11
Daniel Thomas,Cam'Ron Silmon-Craig,2250,3
Daniel Thomas,Chad Muma,2250,34
Daniel Thomas,Christian Braswell,2250,26
Daniel Thomas,Danny Striggow,2250,39
Daniel Thomas,Darnell Savage,2250,6
Daniel Thomas,Dawuane Smoot,2250,6
Daniel Thomas,Deantre Prince,2250,23
Daniel Thomas,Doneiko Slaughter,2250,22
Daniel Thomas,Eli Mostaert,2250,5
Daniel Thomas,Emmanuel Ogbah,2250,6
Daniel Thomas,Ethan Downs,2250,11
Daniel Thomas,Jabbar Muhammad,2250,29
Daniel Thomas,Jack Kiser,2250,33
Daniel Thomas,James Carpenter,2250,16
Daniel Thomas,Jarrian Jones,2250,1
Daniel Thomas,Jordan Jefferson,2250,30
Daniel Thomas,Keivie Rose,2250,37
Daniel Thomas,Keni-H Lovely,2250,3
Daniel Thomas,Myles Cole,2250,23
Daniel Thomas,Rayuan Lane III,2250,8
Daniel Thomas,Travis Hunter,2250,4
Daniel Thomas,Tyler Lacy,2250,3
Daniel Thomas,Ventrell Miller,2250,20
Daniel Thomas,Yasir Abdullah,2250,11
Daniel Thomas,Zech McPhearson,2250,10
Danielle Hunter,Azeez Al-Shaair,2120,9
Danielle Hunter,Calen Bullock,2120,9
Danielle Hunter,Derek Stingley Jr.,2120,8
Danielle Hunter,E.J. Speed,2120,4
Danielle Hunter,Henry To'oTo'o,2120,7
Danielle Hunter,Jalen Pitre,2120,9
Danielle Hunter,Jaylin Smith,2120,1
Danielle Hunter,Kamari Lassiter,2120,9
Danielle Hunter,M.J. Stewart,2120,7
Danielle Hunter,Mario Edwards,2120,1
Danielle Hunter,Sheldon Rankins,2120,9
Danielle Hunter,Tim Settle,2120,8
Danielle Hunter,Will Anderson Jr.,2120,9
Danny Pinter,Adonai Mitchell,2200,14
Danny Pinter,Andrew Ogletree,2200,11
Danny Pinter,Anthony Gould,2200,9
Danny Pinter,Blake Freeland,2200,18
Danny Pinter,Coleman Owen,2200,14
Danny Pinter,D.J. Montgomery,2200,18
Danny Pinter,DJ Giddens,2200,14
Danny Pinter,Dalton Tucker,2200,32
Danny Pinter,Jalen Travis,2200,32
Danny Pinter,Jelani Woods,2200,13
Danny Pinter,Josh Sills,2200,18
Danny Pinter,Khalil Herbert,2200,15
Danny Pinter,Laquon Treadwell,2200,31
Danny Pinter,Luke Tenuta,2200,14
Danny Pinter,Matt Goncalves,2200,14
Danny Pinter,Riley Leonard,2200,32
Danny Pinter,Sean McKeon,2200,1
Danny Pinter,Ulysses Bentley IV,2200,3
Danny Pinter,Will Mallory,2200,17
Danny Striggow,Andrew Wingard,2250,1
Danny Striggow,Antonio Johnson,2250,40
Danny Striggow,Austin Johnson,2250,9
Danny Striggow,Aydan White,2250,44
Danny Striggow,BJ Green II,2250,52
Danny Striggow,Branson Combs,2250,28
Danny Striggow,Cam'Ron Silmon-Craig,2250,38
Danny Striggow,Chad Muma,2250,48
Danny Striggow,Christian Braswell,2250,26
Danny Striggow,Daniel Thomas,2250,39
Danny Striggow,Darnell Savage,2250,6
Danny Striggow,Dawuane Smoot,2250,4
Danny Striggow,Deantre Prince,2250,31
Danny Striggow,Dennis Gardeck,2250,4
Danny Striggow,Doneiko Slaughter,2250,39
Danny Striggow,Eli Mostaert,2250,6
Danny Striggow,Emmanuel Ogbah,2250,4
Danny Striggow,Ethan Downs,2250,2
Danny Striggow,Jabbar Muhammad,2250,50
Danny Striggow,Jack Kiser,2250,61
Danny Striggow,James Carpenter,2250,20
Danny Striggow,Jarrian Jones,2250,1
Danny Striggow,Jordan Jefferson,2250,50
Danny Striggow,Keivie Rose,2250,57
Danny Striggow,Keni-H Lovely,2250,19
Danny Striggow,Maason Smith,2250,6
Danny Striggow,Myles Cole,2250,22
Danny Striggow,Rayuan Lane III,2250,44
Danny Striggow,Travis Hunter,2250,2
Danny Striggow,Tyler Lacy,2250,10
Danny Striggow,Ventrell Miller,2250,21
Danny Striggow,Yasir Abdullah,2250,16
Danny Striggow,Zech McPhearson,2250,10
Danny Stutsman,Bryan Bresee,3300,8
Danny Stutsman,Chris Rumph II,3300,46
Danny Stutsman,D'Marco Jackson,3300,29
Danny Stutsman,Fadil Diggs,3300,43
Danny Stutsman,Isaac Yiadom,3300,27
Danny Stutsman,Isaiah Foskey,3300,43
Danny Stutsman,Isaiah Stalbird,3300,16
Danny Stutsman,Jasheen Davis,3300,5
Danny Stutsman,Jayden Peevy,3300,4
Danny Stutsman,John Ridgeway,3300,13
Danny Stutsman,Jonah Williams,3300,39
Danny Stutsman,Jonas Sanker,3300,45
Danny Stutsman,Jonathan Bullard,3300,17
Danny Stutsman,Jordan Howden,3300,68
Danny Stutsman,Julian Blackmon,3300,8
Danny Stutsman,Khalen Saunders,3300,23
Danny Stutsman,Khristian Boyd,3300,17
Danny Stutsman,Kool-Aid McKinstry,3300,8
Danny Stutsman,Nathan Shepherd,3300,6
Danny Stutsman,Nephi Sewell,3300,23
Danny Stutsman,Quincy Riley,3300,60
Danny Stutsman,Rejzohn Wright,3300,16
Danny Stutsman,Rico Payton,3300,25
Danny Stutsman,Terrell Burgess,3300,19
Danny Stutsman,Ugo Amadi,3300,42
Danny Stutsman,Vernon Broughton,3300,30
Dante Miller,Aaron Stinnie,3410,48
Dante Miller,Antwane Wells Jr.,3410,36
Dante Miller,Austin Schlottmann,3410,65
Dante Miller,Beaux Collins,3410,11
Dante Miller,Bryan Hudson,3410,42
Dante Miller,Chris Manhertz,3410,2
Dante Miller,Da'Quan Felton,3410,10
Dante Miller,Dalen Cambre,3410,21
Dante Miller,Elijah Chatman,3410,2
Dante Miller,Evan Neal,3410,32
Dante Miller,Greg Dulcich,3410,45
Dante Miller,Gunner Olszewski,3410,51
Dante Miller,Ihmir Smith-Marsette,3410,9
Dante Miller,Jaison Williams,3410,18
Dante Miller,Jake Kubas,3410,53
Dante Miller,Jalin Hyatt,3410,9
Dante Miller,Jameis Winston,3410,28
Dante Miller,Jaxson Dart,3410,43
Dante Miller,Jermaine Terry,3410,14
Dante Miller,Jimmy Morrissey,3410,24
Dante Miller,Jordan Bly,3410,19
Dante Miller,Joshua Ezeudu,3410,54
Dante Miller,Lil'Jordan Humphrey,3410,49
Dante Miller,Marcus Mbow,3410,71
Dante Miller,Montrell Washington,3410,25
Dante Miller,Stone Forsythe,3410,68
Dante Miller,Thomas Fidone II,3410,53
Dante Miller,Tommy DeVito,3410,23
Dante Miller,Zach Pascal,3410,25
Dante Pettis,Barry Wesley,3300,33
Dante Pettis,Bub Means,3300,2
Dante Pettis,Cam Akers,3300,11
Dante Pettis,Cedrick Wilson Jr.,3300,14
Dante Pettis,Clyde Edwards-Helaire,3300,14
Dante Pettis,Devin Neal,3300,3
Dante Pettis,Dillon Radunz,3300,16
Dante Pettis,Donovan Peoples-Jones,3300,7
Dante Pettis,Easton Kilty,3300,49
Dante Pettis,Jake Haener,3300,18
Dante Pettis,Jonathan Mendoza,3300,34
Dante Pettis,Josiah Ezirim,3300,24
Dante Pettis,Kevin Austin Jr.,3300,49
Dante Pettis,Kyle Hergel,3300,25
Dante Pettis,Landon Young,3300,21
Dante Pettis,Luke Fortner,3300,6
Dante Pettis,Marcus Yarns,3300,17
Dante Pettis,Mason Tipton,3300,39
Dante Pettis,Michael Jacobson,3300,22
Dante Pettis,Mike Panasiuk,3300,15
Dante Pettis,Moliki Matavao,3300,25
Dante Pettis,Moochie Dixon,3300,6
Dante Pettis,Roderick Daniels Jr.,3300,5
Dante Pettis,Seth Green,3300,13
Dante Pettis,Shane Lemieux,3300,48
Dante Pettis,Spencer Rattler,3300,32
Dante Pettis,Torricelli Simpkins III,3300,49
Dante Pettis,Treyton Welch,3300,7
Dante Pettis,Tyler Shough,3300,14
Dante Pettis,Velus Jones Jr.,3300,22
Dante Stills,Akeem Davis-Gaither,3800,11
Dante Stills,Baron Browning,3800,6
Dante Stills,Budda Baker,3800,6
Dante Stills,Dadrion Taylor-Demerson,3800,9
Dante Stills,Dalvin Tomlinson,3800,1
Dante Stills,Darius Robinson,3800,4
Dante Stills,Darren Hall,3800,3
Dante Stills,Elijah Simmons,3800,2
Dante Stills,Garrett Williams,3800,6
Dante Stills,Jalen Thompson,3800,6
Dante Stills,Joey Blount,3800,9
Dante Stills,Jordan Burch,3800,9
Dante Stills,L.J. Collier,3800,11
Dante Stills,Mack Wilson,3800,6
Dante Stills,Max Melton,3800,15
Dante Stills,Owen Pappoe,3800,9
Dante Stills,PJ Mustipher,3800,7
Dante Stills,Will Johnson,3800,15
Dante Stills,Xavier Thomas,3800,9
Dante Stills,Zaven Collins,3800,6
Dante Trader Jr.,Benito Jones,2700,4
Dante Trader Jr.,Cornell Armstrong,2700,2
Dante Trader Jr.,Derrick McLendon,2700,5
Dante Trader Jr.,Ethan Bonner,2700,5
Dante Trader Jr.,Ifeatu Melifonwu,2700,5
Dante Trader Jr.,K.J. Britt,2700,5
Dante Trader Jr.,Kenneth Grant,2700,5
Dante Trader Jr.,Matthew Butler,2700,4
Dante Trader Jr.,Quinton Bell,2700,5
Dante Trader Jr.,Storm Duck,2700,5
Dante Trader Jr.,Willie Gay Jr.,2700,5
Dare Ogunbowale,Aireontae Ersery,2120,12
Dare Ogunbowale,Austin Deculus,2120,6
Dare Ogunbowale,Blake Fisher,2120,12
Dare Ogunbowale,Braxton Berrios,2120,2
Dare Ogunbowale,Brevin Jordan,2120,6
Dare Ogunbowale,C.J. Stroud,2120,2
Dare Ogunbowale,Cade Stover,2120,7
Dare Ogunbowale,Christian Kirk,2120,2
Dare Ogunbowale,Conor McDermott,2120,4
Dare Ogunbowale,Cornell Powell,2120,3
Dare Ogunbowale,Dalton Schultz,2120,2
Dare Ogunbowale,Davis Mills,2120,10
Dare Ogunbowale,Ed Ingram,2120,12
Dare Ogunbowale,Eli Cox,2120,4
Dare Ogunbowale,Graham Mertz,2120,6
Dare Ogunbowale,Harrison Bryant,2120,3
Dare Ogunbowale,Irv Smith,2120,1
Dare Ogunbowale,Jake Andrews,2120,12
Dare Ogunbowale,Jakob Johnson,2120,4
Dare Ogunbowale,Jarrett Patterson,2120,2
Dare Ogunbowale,Jayden Higgins,2120,8
Dare Ogunbowale,Jaylin Noel,2120,5
Dare Ogunbowale,Jaylon Thomas,2120,6
Dare Ogunbowale,John Metchie III,2120,3
Dare Ogunbowale,Juice Scruggs,2120,12
Dare Ogunbowale,Justin Watson,2120,4
Dare Ogunbowale,Juwann Winfree,2120,4
Dare Ogunbowale,LaDarius Henderson,2120,4
Dare Ogunbowale,Laken Tomlinson,2120,2
Dare Ogunbowale,Luke Lachey,2120,2
Dare Ogunbowale,Nico Collins,2120,2
Dare Ogunbowale,Quintez Cephus,2120,4
Dare Ogunbowale,Xavier Hutchinson,2120,10
Dare Ogunbowale,Zach Thomas,2120,2
Dareke Young,Abraham Lucas,4600,9
Dareke Young,Amari Kight,4600,57
Dareke Young,Anthony Bradford,4600,9
Dareke Young,Anthony Tyus III,4600,5
Dareke Young,Brady Russell,4600,20
Dareke Young,Bryce Cabeldue,4600,30
Dareke Young,Christian Haynes,4600,38
Dareke Young,Cody White,4600,20
Dareke Young,Damien Martinez,4600,34
Dareke Young,Drew Lock,4600,42
Dareke Young,Elijah Arroyo,4600,34
Dareke Young,Eric Saubert,4600,11
Dareke Young,Federico Maranges,4600,25
Dareke Young,George Holani,4600,11
Dareke Young,Grey Zabel,4600,9
Dareke Young,Jacardia Wright,4600,14
Dareke Young,Jake Bobo,4600,40
Dareke Young,Jalen Milroe,4600,23
Dareke Young,Jalen Sundell,4600,32
Dareke Young,Jaxon Smith-Njigba,4600,1
Dareke Young,Josh Jones,4600,32
Dareke Young,Marquez Valdes-Scantling,4600,19
Dareke Young,Marshall Lang,4600,10
Dareke Young,Mason Richman,4600,13
Dareke Young,Michael Jerrell,4600,30
Dareke Young,Nick Kallerup,4600,23
Dareke Young,Robbie Ouzts,4600,3
Dareke Young,Sam Darnold,4600,1
Dareke Young,Sataoa Laumea,4600,46
Dareke Young,Tory Horton,4600,18
Dareke Young,Zach Charbonnet,4600,1
Darian Kinnard,AJ Dillon,3700,22
Darian Kinnard,Ainias Smith,3700,61
Darian Kinnard,Ben VanSumeren,3700,6
Darian Kinnard,Brett Toth,3700,80
Darian Kinnard,Cameron Latu,3700,5
Darian Kinnard,Cameron Williams,3700,15
Darian Kinnard,Darius Cooper,3700,75
Darian Kinnard,Dorian Thompson-Robinson,3700,12
Darian Kinnard,Drew Kendall,3700,67
Darian Kinnard,E.J. Jenkins,3700,32
Darian Kinnard,Elijah Cooks,3700,12
Darian Kinnard,Grant Calcaterra,3700,4
Darian Kinnard,Harrison Bryant,3700,16
Darian Kinnard,John Metchie III,3700,15
Darian Kinnard,Johnny Wilson,3700,41
Darian Kinnard,Keilan Robinson,3700,30
Darian Kinnard,Kendall Lamm,3700,37
Darian Kinnard,Kenyon Green,3700,24
Darian Kinnard,Kyle McCord,3700,47
Darian Kinnard,Kylen Granson,3700,47
Darian Kinnard,Matt Pryor,3700,48
Darian Kinnard,Montrell Johnson Jr.,3700,34
Darian Kinnard,Myles Hinton,3700,54
Darian Kinnard,Nick Muse,3700,10
Darian Kinnard,Tanner McKee,3700,32
Darian Kinnard,Taylor Morin,3700,1
Darian Kinnard,Terrace Marshall Jr.,3700,38
Darian Kinnard,Trevor Keegan,3700,39
Darian Kinnard,Will Shipley,3700,5
Darien Porter,Adam Butler,2520,15
Darien Porter,Amari Gainer,2520,2
Darien Porter,Andre Carter II,2520,12
Darien Porter,Charles Snowden,2520,33
Darien Porter,Chris Smith II,2520,40
Darien Porter,Cody Lindenberg,2520,3
Darien Porter,Darnay Holmes,2520,10
Darien Porter,Decamerion Richardson,2520,36
Darien Porter,Devin White,2520,15
Darien Porter,Elandon Roberts,2520,7
Darien Porter,Eric Stokes,2520,25
Darien Porter,Germaine Pratt,2520,13
Darien Porter,Greedy Vance,2520,8
Darien Porter,Hudson Clark,2520,5
Darien Porter,Isaiah Pola-Mao,2520,54
Darien Porter,JJ Pegues,2520,12
Darien Porter,JT Woods,2520,2
Darien Porter,Jamal Adams,2520,48
Darien Porter,Jaylon Smith,2520,3
Darien Porter,Jeremy Chinn,2520,12
Darien Porter,Jonah Laulu,2520,37
Darien Porter,Kyu Kelly,2520,8
Darien Porter,Leki Fotu,2520,10
Darien Porter,Malcolm Koonce,2520,35
Darien Porter,Matt Jones,2520,26
Darien Porter,Maxx Crosby,2520,12
Darien Porter,Ovie Oghoufo,2520,2
Darien Porter,Terrell Edmunds,2520,32
Darien Porter,Thomas Booker,2520,21
Darien Porter,Thomas Harper,2520,1
Darien Porter,Tommy Eichenberg,2520,53
Darien Porter,Tonka Hemingway,2520,43
Darien Porter,Trey Taylor,2520,6
Darien Porter,Tyree Wilson,2520,52
Darien Porter,Zachary Carter,2520,17
Darius Alexander,Abdul Carter,3410,3
Darius Alexander,Andru Phillips,3410,5
Darius Alexander,Art Green,3410,27
Darius Alexander,Bobby Okereke,3410,3
Darius Alexander,Chauncey Golston,3410,16
Darius Alexander,Chris Board,3410,24
Darius Alexander,Cordale Flott,3410,2
Darius Alexander,Cory Durden,3410,9
Darius Alexander,DJ Davidson,3410,36
Darius Alexander,Dane Belton,3410,22
Darius Alexander,Darius Muasau,3410,20
Darius Alexander,Dee Williams,3410,25
Darius Alexander,Deonte Banks,3410,6
Darius Alexander,Dyontae Johnson,3410,38
Darius Alexander,Elijah Chatman,3410,6
Darius Alexander,Elijah Garcia,3410,22
Darius Alexander,Jeremiah Ledbetter,3410,6
Darius Alexander,Jordon Riley,3410,7
Darius Alexander,K'Von Wallace,3410,13
Darius Alexander,K.J. Cloyd,3410,31
Darius Alexander,Korie Black,3410,6
Darius Alexander,Makari Paige,3410,36
Darius Alexander,Nic Jones,3410,36
Darius Alexander,O'Donnell Fortune,3410,21
Darius Alexander,Raheem Layne,3410,35
Darius Alexander,TJ Moore,3410,37
Darius Alexander,Tomon Fox,3410,48
Darius Alexander,Trace Ford,3410,40
Darius Cooper,AJ Dillon,3700,21
Darius Cooper,Ainias Smith,3700,59
Darius Cooper,Ben VanSumeren,3700,7
Darius Cooper,Brett Toth,3700,92
Darius Cooper,Cameron Latu,3700,4
Darius Cooper,Cameron Williams,3700,33
Darius Cooper,Darian Kinnard,3700,75
Darius Cooper,Dorian Thompson-Robinson,3700,26
Darius Cooper,Drew Kendall,3700,91
Darius Cooper,E.J. Jenkins,3700,46
Darius Cooper,Elijah Cooks,3700,1
Darius Cooper,Grant Calcaterra,3700,4
Darius Cooper,Harrison Bryant,3700,14
Darius Cooper,John Metchie III,3700,15
Darius Cooper,Johnny Wilson,3700,48
Darius Cooper,Keilan Robinson,3700,37
Darius Cooper,Kendall Lamm,3700,33
Darius Cooper,Kenyon Green,3700,25
Darius Cooper,Kyle McCord,3700,47
Darius Cooper,Kylen Granson,3700,53
Darius Cooper,Matt Pryor,3700,43
Darius Cooper,Montrell Johnson Jr.,3700,23
Darius Cooper,Myles Hinton,3700,71
Darius Cooper,Nick Muse,3700,11
Darius Cooper,ShunDerrick Powell,3700,18
Darius Cooper,Tanner McKee,3700,31
Darius Cooper,Taylor Morin,3700,11
Darius Cooper,Terrace Marshall Jr.,3700,39
Darius Cooper,Trevor Keegan,3700,57
Darius Cooper,Will Shipley,3700,5
Darius Harris,Alijah Clark,1200,39
Darius Harris,Andrew Booth,1200,24
Darius Harris,Bruce Harmon,1200,18
Darius Harris,Buddy Johnson,1200,20
Darius Harris,Christian Matthew,1200,34
Darius Harris,Damone Clark,1200,9
Darius Harris,Denzel Daxon,1200,48
Darius Harris,Donovan Ezeiruaku,1200,3
Darius Harris,Earnest Brown IV,1200,40
Darius Harris,Israel Mukuamu,1200,93
Darius Harris,James Houston,1200,67
Darius Harris,Jay Toia,1200,49
Darius Harris,Juanyeh Thomas,1200,1
Darius Harris,Justin Barron,1200,54
Darius Harris,Kemon Hall,1200,13
Darius Harris,Marist Liufau,1200,1
Darius Harris,Markquese Bell,1200,4
Darius Harris,Mazi Smith,1200,14
Darius Harris,Michael Ojemudia,1200,35
Darius Harris,Mike Smith Jr.,1200,91
Darius Harris,Payton Turner,1200,15
Darius Harris,Perrion Winfrey,1200,34
Darius Harris,Robert Rochell,1200,18
Darius Harris,Shemar James,1200,66
Darius Harris,Tommy Akingbesote,1200,60
Darius Harris,Troy Pride,1200,65
Darius Harris,Tyrus Wheat,1200,90
Darius Harris,Zion Childress,1200,45
Darius Lassiter,Bhayshul Tuten,2250,7
Darius Lassiter,Chandler Brayboy,2250,10
Darius Lassiter,Dorian Singer,2250,23
Darius Lassiter,Eli Pancol,2250,15
Darius Lassiter,Ja'Quinden Jackson,2250,3
Darius Lassiter,Javon Foster,2250,18
Darius Lassiter,Jerome Carvin,2250,5
Darius Lassiter,John Copenhaver,2250,6
Darius Lassiter,John Wolford,2250,10
Darius Lassiter,Jonah Monheim,2250,20
Darius Lassiter,Kevin Harris,2250,4
Darius Lassiter,LeQuint Allen Jr.,2250,11
Darius Lassiter,Luke Fortner,2250,7
Darius Lassiter,Patrick Herbert,2250,10
Darius Lassiter,Quintin Morris,2250,11
Darius Lassiter,Ricky Lee,2250,25
Darius Lassiter,Sal Wormley,2250,25
Darius Lassiter,Seth Henigan,2250,15
Darius Lassiter,Tremayne Anchrum,2250,18
Darius Lassiter,Wyatt Milum,2250,7
Darius Muasau,Abdul Carter,3410,8
Darius Muasau,Andru Phillips,3410,7
Darius Muasau,Art Green,3410,18
Darius Muasau,Bobby Okereke,3410,3
Darius Muasau,Chauncey Golston,3410,17
Darius Muasau,Chris Board,3410,28
Darius Muasau,Cory Durden,3410,14
Darius Muasau,DJ Davidson,3410,14
Darius Muasau,Dane Belton,3410,36
Darius Muasau,Darius Alexander,3410,20
Darius Muasau,Deonte Banks,3410,12
Darius Muasau,Elijah Chatman,3410,17
Darius Muasau,Elijah Garcia,3410,6
Darius Muasau,Jeremiah Ledbetter,3410,6
Darius Muasau,Jevon Holland,3410,1
Darius Muasau,Kayvon Thibodeaux,3410,5
Darius Muasau,Korie Black,3410,11
Darius Muasau,Micah McFadden,3410,5
Darius Muasau,Nic Jones,3410,20
Darius Muasau,O'Donnell Fortune,3410,17
Darius Muasau,Paulson Adebo,3410,1
Darius Muasau,Raheem Layne,3410,35
Darius Muasau,Rakeem Nunez-Roches,3410,5
Darius Muasau,Roy Robertson-Harris,3410,3
Darius Muasau,TJ Moore,3410,13
Darius Muasau,Tomon Fox,3410,21
Darius Muasau,Trace Ford,3410,17
Darius Robinson,Akeem Davis-Gaither,3800,7
Darius Robinson,Baron Browning,3800,8
Darius Robinson,Budda Baker,3800,8
Darius Robinson,Dalvin Tomlinson,3800,4
Darius Robinson,Dante Stills,3800,4
Darius Robinson,Garrett Williams,3800,8
Darius Robinson,Jalen Thompson,3800,8
Darius Robinson,Mack Wilson,3800,8
Darius Robinson,Max Melton,3800,8
Darius Robinson,PJ Mustipher,3800,1
Darius Robinson,Will Johnson,3800,8
Darius Robinson,Zaven Collins,3800,8
Darius Rush,Adin Huntington,1050,18
Darius Rush,Charlie Thomas,1050,9
Darius Rush,Chris Edmonds,1050,18
Darius Rush,Christian Holmes,1050,10
Darius Rush,Donovan McMillon,1050,18
Darius Rush,Easton Mascarenas-Arnold,1050,17
Darius Rush,Jowon Briggs,1050,1
Darius Rush,Julian Okwara,1050,3
Darius Rush,KJ Henry,1050,18
Darius Rush,Keenan Isaac,1050,8
Darius Rush,Marvin Moody,1050,4
Darius Rush,Nathaniel Watson,1050,8
Darius Rush,Nik Needham,1050,15
Darius Rush,Ralph Holley,1050,18
Darius Rush,Titus Leo,1050,15
Darius Slay,Chuck Clark,3900,6
Darius Slay,DeMarvin Leal,3900,4
Darius Slay,DeShon Elliott,3900,7
Darius Slay,Derrick Harmon,3900,4
Darius Slay,Eku Leota,3900,3
Darius Slay,Isaiahh Loudermilk,3900,4
Darius Slay,Jack Sawyer,3900,4
Darius Slay,Jalen Ramsey,3900,7
Darius Slay,Joey Porter Jr.,3900,7
Darius Slay,Julius Welschof,3900,3
Darius Slay,Keeanu Benton,3900,4
Darius Slay,Patrick Queen,3900,7
Darius Slay,Payton Wilson,3900,7
Darius Slay,Yahya Black,3900,3
Darius Slayton,Beaux Collins,3410,7
Darius Slayton,Devin Singletary,3410,3
Darius Slayton,Evan Neal,3410,2
Darius Slayton,Greg Dulcich,3410,7
Darius Slayton,Greg Van Roten,3410,8
Darius Slayton,Jalin Hyatt,3410,3
Darius Slayton,James Hudson,3410,10
Darius Slayton,Jermaine Eluemunor,3410,10
Darius Slayton,John Michael Schmitz,3410,10
Darius Slayton,Jon Runyan,3410,10
Darius Slayton,Russell Wilson,3410,10
Darius Slayton,Theo Johnson,3410,9
Darius Slayton,Tyrone Tracy Jr.,3410,7
Darius Slayton,Wan'Dale Robinson,3410,4
Darnay Holmes,Adam Butler,2520,2
Darnay Holmes,Andre Carter II,2520,12
Darnay Holmes,Charles Snowden,2520,13
Darnay Holmes,Chris Smith II,2520,19
Darnay Holmes,Cody Lindenberg,2520,17
Darnay Holmes,Darien Porter,2520,10
Darnay Holmes,Decamerion Richardson,2520,10
Darnay Holmes,Devin White,2520,2
Darnay Holmes,Eric Stokes,2520,3
Darnay Holmes,Germaine Pratt,2520,2
Darnay Holmes,Hudson Clark,2520,11
Darnay Holmes,Isaiah Pola-Mao,2520,9
Darnay Holmes,JJ Pegues,2520,10
Darnay Holmes,JT Woods,2520,12
Darnay Holmes,Jah Joyner,2520,4
Darnay Holmes,Jahfari Harvey,2520,9
Darnay Holmes,Jamal Adams,2520,4
Darnay Holmes,Jaylon Smith,2520,7
Darnay Holmes,John Humphrey,2520,7
Darnay Holmes,Jonah Laulu,2520,9
Darnay Holmes,Kyu Kelly,2520,7
Darnay Holmes,Malcolm Koonce,2520,3
Darnay Holmes,Matt Jones,2520,9
Darnay Holmes,Maxx Crosby,2520,2
Darnay Holmes,Michael Barrett,2520,9
Darnay Holmes,Ovie Oghoufo,2520,11
Darnay Holmes,Sam Webb,2520,11
Darnay Holmes,Terrell Edmunds,2520,8
Darnay Holmes,Thomas Booker,2520,1
Darnay Holmes,Thomas Harper,2520,1
Darnay Holmes,Tommy Eichenberg,2520,6
Darnay Holmes,Tonka Hemingway,2520,15
Darnay Holmes,Treven Ma'ae,2520,8
Darnay Holmes,Trey Taylor,2520,16
Darnay Holmes,Tyree Wilson,2520,13
Darnay Holmes,Zachary Carter,2520,8
Darnell Savage,Andrew Wingard,2250,17
Darnell Savage,Antonio Johnson,2250,24
Darnell Savage,Austin Johnson,2250,17
Darnell Savage,Chad Muma,2250,16
Darnell Savage,Christian Braswell,2250,28
Darnell Savage,DaVon Hamilton,2250,4
Darnell Savage,Daniel Thomas,2250,6
Darnell Savage,Danny Striggow,2250,6
Darnell Savage,Dawuane Smoot,2250,29
Darnell Savage,Deantre Prince,2250,22
Darnell Savage,Devin Lloyd,2250,10
Darnell Savage,Emmanuel Ogbah,2250,27
Darnell Savage,Eric Murray,2250,4
Darnell Savage,Foye Oluokun,2250,4
Darnell Savage,Jabbar Muhammad,2250,10
Darnell Savage,Jack Kiser,2250,13
Darnell Savage,Jarrian Jones,2250,8
Darnell Savage,Jordan Jefferson,2250,17
Darnell Savage,Josh Hines-Allen,2250,4
Darnell Savage,Jourdan Lewis,2250,4
Darnell Savage,Myles Cole,2250,5
Darnell Savage,Rayuan Lane III,2250,1
Darnell Savage,Travis Hunter,2250,7
Darnell Savage,Travon Walker,2250,4
Darnell Savage,Tyler Lacy,2250,19
Darnell Savage,Ventrell Miller,2250,17
Darnell Savage,Yasir Abdullah,2250,7
Darnell Washington,Andrus Peat,3900,9
Darnell Washington,Ben Skowronek,3900,2
Darnell Washington,Brandon Johnson,3900,15
Darnell Washington,Broderick Jones,3900,21
Darnell Washington,Connor Heyward,3900,15
Darnell Washington,Doug Nester,3900,3
Darnell Washington,Dylan Cook,3900,9
Darnell Washington,Jaylen Warren,3900,2
Darnell Washington,Kaleb Johnson,3900,18
Darnell Washington,Ke'Shawn Williams,3900,1
Darnell Washington,Kenneth Gainwell,3900,9
Darnell Washington,Lance McCutcheon,3900,9
Darnell Washington,Mason McCormick,3900,21
Darnell Washington,Mason Rudolph,3900,20
Darnell Washington,Max Hurleman,3900,5
Darnell Washington,Max Scharping,3900,9
Darnell Washington,Pat Freiermuth,3900,3
Darnell Washington,Robert Woods,3900,9
Darnell Washington,Roman Wilson,3900,21
Darnell Washington,Ryan McCollum,3900,6
Darnell Washington,Scott Miller,3900,10
Darnell Washington,Skylar Thompson,3900,10
Darnell Washington,Spencer Anderson,3900,21
Darnell Washington,Steven Jones,3900,9
Darnell Washington,Trey Sermon,3900,1
Darnell Washington,Troy Fautanu,3900,21
Darnell Washington,Zach Frazier,3900,21
Darnell Wright,Braxton Jones,0810,39
Darnell Wright,Brittain Brown,0810,10
Darnell Wright,Caleb Williams,0810,39
Darnell Wright,Cole Kmet,0810,24
Darnell Wright,Colston Loveland,0810,28
Darnell Wright,D'Andre Swift,0810,18
Darnell Wright,DJ Moore,0810,38
Darnell Wright,Deion Hankins,0810,11
Darnell Wright,Drew Dalman,0810,39
Darnell Wright,Jonah Jackson,0810,39
Darnell Wright,Luke Newman,0810,39
Darnell Wright,Luther Burden III,0810,1
Darnell Wright,Olamide Zaccheaus,0810,26
Darnell Wright,Rome Odunze,0810,39
Daron Payne,Ale Kaho,5110,1
Daron Payne,Car'lin Vigers,5110,1
Daron Payne,Deatrich Wise,5110,8
Daron Payne,Dorance Armstrong,5110,5
Daron Payne,Eddie Goldman,5110,2
Daron Payne,Frankie Luvu,5110,9
Daron Payne,Jacob Martin,5110,3
Daron Payne,Jalyn Holmes,5110,4
Daron Payne,Javon Kinlaw,5110,8
Daron Payne,Jeremy Reaves,5110,1
Daron Payne,Kain Medrano,5110,10
Daron Payne,Marshon Lattimore,5110,9
Daron Payne,Mike Sainristil,5110,10
Daron Payne,Noah Igbinoghene,5110,6
Daron Payne,Quan Martin,5110,10
Daron Payne,Tyler Owens,5110,3
Daron Payne,Will Harris,5110,10
Darrell Baker Jr.,Amani Hooker,2100,27
Darrell Baker Jr.,Arden Key,2100,20
Darrell Baker Jr.,Carlos Watkins,2100,6
Darrell Baker Jr.,Cedric Gray,2100,21
Darrell Baker Jr.,Cody Barton,2100,27
Darrell Baker Jr.,Dre'Mont Jones,2100,22
Darrell Baker Jr.,James Lynch,2100,14
Darrell Baker Jr.,James Williams,2100,6
Darrell Baker Jr.,Jarvis Brownlee Jr.,2100,27
Darrell Baker Jr.,Jeffery Simmons,2100,13
Darrell Baker Jr.,Jihad Ward,2100,2
Darrell Baker Jr.,Oluwafemi Oladejo,2100,16
Darrell Baker Jr.,Roger McCreary,2100,17
Darrell Baker Jr.,Sebastian Joseph-Day,2100,15
Darrell Baker Jr.,Timmy Horne,2100,10
Darrell Baker Jr.,Xavier Woods,2100,27
Darrell Luter Jr.,Alfred Collins,4500,49
Darrell Luter Jr.,Bradlee Anae,4500,32
Darrell Luter Jr.,Bruce Hector,4500,16
Darrell Luter Jr.,Bryce Huff,4500,8
Darrell Luter Jr.,CJ West,4500,24
Darrell Luter Jr.,Chase Lucas,4500,50
Darrell Luter Jr.,Chazz Surratt,4500,24
Darrell Luter Jr.,Curtis Robinson,4500,2
Darrell Luter Jr.,Dallis Flowers,4500,71
Darrell Luter Jr.,Dee Winters,4500,10
Darrell Luter Jr.,Demone Harris,4500,4
Darrell Luter Jr.,Derrick Canteen,4500,59
Darrell Luter Jr.,Evan Anderson,4500,15
Darrell Luter Jr.,Jakob Robinson,4500,13
Darrell Luter Jr.,Jalen Graham,4500,33
Darrell Luter Jr.,Jason Pinnock,4500,10
Darrell Luter Jr.,Jaylen Mahoney,4500,25
Darrell Luter Jr.,Jaylon Allen,4500,19
Darrell Luter Jr.,Ji'Ayir Brown,4500,33
Darrell Luter Jr.,Jonathan Garvin,4500,49
Darrell Luter Jr.,Jordan Elliott,4500,3
Darrell Luter Jr.,Kalia Davis,4500,22
Darrell Luter Jr.,Luke Gifford,4500,16
Darrell Luter Jr.,Marques Sigle,4500,63
Darrell Luter Jr.,Michael Dwumfour,4500,10
Darrell Luter Jr.,Nick Martin,4500,51
Darrell Luter Jr.,Robert Beal Jr.,4500,33
Darrell Luter Jr.,Sam Okuayinonu,4500,3
Darrell Luter Jr.,Sebastian Valdez,4500,37
Darrell Luter Jr.,Siran Neal,4500,4
Darrell Luter Jr.,Stone Blanton,4500,17
Darrell Luter Jr.,Tatum Bethune,4500,47
Darrell Luter Jr.,Trevis Gipson,4500,28
Darrell Taylor,Arthur Maulet,2120,11
Darrell Taylor,Azeez Al-Shaair,2120,2
Darrell Taylor,Calen Bullock,2120,2
Darrell Taylor,Casey Toohill,2120,3
Darrell Taylor,Christian Harris,2120,7
Darrell Taylor,D'Angelo Ross,2120,31
Darrell Taylor,Damon Arnette,2120,7
Darrell Taylor,Derek Barnett,2120,11
Darrell Taylor,Derek Stingley Jr.,2120,2
Darrell Taylor,Dylan Horton,2120,16
Darrell Taylor,E.J. Speed,2120,25
Darrell Taylor,Foley Fatukasi,2120,9
Darrell Taylor,Haggai Ndubuisi,2120,1
Darrell Taylor,Henry To'oTo'o,2120,8
Darrell Taylor,Jackson Woodard,2120,4
Darrell Taylor,Jake Hansen,2120,27
Darrell Taylor,Jalen Mills,2120,9
Darrell Taylor,Jalen Pitre,2120,2
Darrell Taylor,Jamal Hill,2120,10
Darrell Taylor,Jaylin Smith,2120,36
Darrell Taylor,Junior Tafuna,2120,15
Darrell Taylor,K.C. Ossai,2120,5
Darrell Taylor,Kamari Lassiter,2120,2
Darrell Taylor,M.J. Stewart,2120,37
Darrell Taylor,Mario Edwards,2120,10
Darrell Taylor,Marlon Davidson,2120,9
Darrell Taylor,Myles Bryant,2120,15
Darrell Taylor,Nick Niemann,2120,19
Darrell Taylor,Russ Yeast,2120,42
Darrell Taylor,Solomon Byrd,2120,9
Darrell Taylor,Tim Settle,2120,20
Darrell Taylor,Tommy Togiai,2120,30
Darrell Taylor,Tremon Smith,2120,12
Darren Hall,Akeem Davis-Gaither,3800,16
Darren Hall,Anthony Goodlow,3800,63
Darren Hall,Benton Whitley,3800,57
Darren Hall,Cody Simon,3800,34
Darren Hall,Dadrion Taylor-Demerson,3800,23
Darren Hall,Dante Stills,3800,3
Darren Hall,Denzel Burke,3800,33
Darren Hall,Ekow Boye-Doe,3800,58
Darren Hall,Elijah Jones,3800,73
Darren Hall,Elijah Simmons,3800,44
Darren Hall,Elliott Brown,3800,75
Darren Hall,Jammie Robinson,3800,86
Darren Hall,Jaylon Jones,3800,51
Darren Hall,Joey Blount,3800,10
Darren Hall,Jordan Burch,3800,21
Darren Hall,Kei'Trel Clark,3800,43
Darren Hall,Kitan Crawford,3800,26
Darren Hall,Kyon Barrs,3800,50
Darren Hall,L.J. Collier,3800,22
Darren Hall,Max Melton,3800,3
Darren Hall,Mykal Walker,3800,45
Darren Hall,Owen Pappoe,3800,60
Darren Hall,PJ Mustipher,3800,37
Darren Hall,Patrick Jenkins,3800,42
Darren Hall,Steven Gilmore,3800,36
Darren Hall,Vi Jones,3800,74
Darren Hall,Will Johnson,3800,13
Darren Hall,Xavier Thomas,3800,72
Darrian Dalcourt,Anthony Miller,0325,15
Darrian Dalcourt,Baylor Cupp,0325,3
Darrian Dalcourt,Ben Cleveland,0325,39
Darrian Dalcourt,Carson Vinson,0325,57
Darrian Dalcourt,Cooper Rush,0325,21
Darrian Dalcourt,Corey Bullock,0325,30
Darrian Dalcourt,D'Ernest Johnson,0325,22
Darrian Dalcourt,Dayton Wade,0325,35
Darrian Dalcourt,Devin Leary,0325,36
Darrian Dalcourt,Devontez Walker,0325,35
Darrian Dalcourt,Garrett Dellinger,0325,18
Darrian Dalcourt,Gerad Lichtenhan,0325,28
Darrian Dalcourt,Jahmal Banks,0325,4
Darrian Dalcourt,Joe Noteboom,0325,30
Darrian Dalcourt,Keaton Mitchell,0325,4
Darrian Dalcourt,Keith Kirkwood,0325,18
Darrian Dalcourt,LaJohntay Wester,0325,24
Darrian Dalcourt,Lucas Scott,0325,20
Darrian Dalcourt,Malik Cunningham,0325,5
Darrian Dalcourt,Nick Samac,0325,27
Darrian Dalcourt,Rasheen Ali,0325,31
Darrian Dalcourt,Scotty Washington,0325,25
Darrian Dalcourt,Xavier Guillory,0325,2
Darrian Dalcourt,Zaire Mitchell-Paden,0325,41
Darrick Forrest,A.J. Epenesa,0610,9
Darrick Forrest,Brandon Codrington,0610,10
Darrick Forrest,Casey Rogers,0610,36
Darrick Forrest,Daequan Hardy,0610,76
Darrick Forrest,Dane Jackson,0610,50
Darrick Forrest,DeWayne Carter,0610,42
Darrick Forrest,Deone Walker,0610,27
Darrick Forrest,Dorian Strong,0610,47
Darrick Forrest,Dorian Williams,0610,10
Darrick Forrest,Edefuan Ulofoshio,0610,83
Darrick Forrest,Garnett Hollis Jr.,0610,18
Darrick Forrest,Ja'Marcus Ingram,0610,60
Darrick Forrest,Javon Solomon,0610,38
Darrick Forrest,Jimmy Ciarlo,0610,68
Darrick Forrest,Joe Andreessen,0610,52
Darrick Forrest,Jordan Hancock,0610,35
Darrick Forrest,Justin Hollins,0610,14
Darrick Forrest,Keonta Jenkins,0610,48
Darrick Forrest,Landon Jackson,0610,37
Darrick Forrest,Larry Ogunjobi,0610,24
Darrick Forrest,Marcus Harris,0610,37
Darrick Forrest,Michael Hoecht,0610,41
Darrick Forrest,Nelson Ceaser,0610,33
Darrick Forrest,Paris Shand,0610,58
Darrick Forrest,T.J. Sanders,0610,21
Darrick Forrest,Te'Cory Couch,0610,29
Darrick Forrest,Tre Herndon,0610,51
Darrick Forrest,Wande Owens,0610,31
Darrick Forrest,Zion Logue,0610,43
Darrick Forrest,Zy Alexander,0610,22
Darrynton Evans,Chase Lundt,0610,14
Darrynton Evans,Dan Feeney,0610,10
Darrynton Evans,Deon Cain,0610,4
Darrynton Evans,Jackson Hawes,0610,5
Darrynton Evans,Jacob Bayer,0610,4
Darrynton Evans,Jalen Virgil,0610,6
Darrynton Evans,KJ Hamler,0610,5
Darrynton Evans,Keleki Latu,0610,1
Darrynton Evans,Kendrick Green,0610,10
Darrynton Evans,Kristian Wilkerson,0610,8
Darrynton Evans,Laviska Shenault Jr.,0610,2
Darrynton Evans,Matt Sokol,0610,4
Darrynton Evans,Mike Edwards,0610,14
Darrynton Evans,Mike White,0610,10
Darrynton Evans,Richard Gouraige,0610,14
Darrynton Evans,Shane Buechele,0610,4
Darrynton Evans,Stephen Gosnell,0610,6
Darrynton Evans,Travis Clayton,0610,4
Darrynton Evans,Tyrell Shavers,0610,8
Darrynton Evans,Zach Davidson,0610,7
Dartanyan Tinsley,Ahmani Marshall,1050,13
Dartanyan Tinsley,Brenden Bates,1050,6
Dartanyan Tinsley,Bucky Williams,1050,46
Dartanyan Tinsley,Cade McDonald,1050,40
Dartanyan Tinsley,Chase Cota,1050,23
Dartanyan Tinsley,Gage Larvadain,1050,19
Dartanyan Tinsley,Jason Ivey,1050,23
Dartanyan Tinsley,Javion Cohen,1050,15
Dartanyan Tinsley,Kaden Davis,1050,10
Dartanyan Tinsley,Kilian Zierer,1050,43
Dartanyan Tinsley,Kisean Johnson,1050,34
Dartanyan Tinsley,Lorenzo Thompson,1050,31
Dartanyan Tinsley,Mitch Van Vooren,1050,5
Dartanyan Tinsley,Mitchell Van Vooren,1050,4
Dartanyan Tinsley,Roy Mbaeteka,1050,3
Dartanyan Tinsley,Sal Cannella,1050,43
Dartanyan Tinsley,Sebastian Gutierrez,1050,23
Dartanyan Tinsley,Shedeur Sanders,1050,11
Dartanyan Tinsley,Toa Taua,1050,20
Dartanyan Tinsley,Trayveon Williams,1050,13
Dartanyan Tinsley,Tyler Huntley,1050,35
Daryl Porter,Beanie Bishop Jr.,3900,8
Daryl Porter,Brandin Echols,3900,36
Daryl Porter,Breiden Fehoko,3900,14
Daryl Porter,Carson Bruener,3900,34
Daryl Porter,Chuck Clark,3900,26
Daryl Porter,Cole Holcomb,3900,36
Daryl Porter,D'Shawn Jamison,3900,30
Daryl Porter,Daniel Ekuale,3900,23
Daryl Porter,DeMarvin Leal,3900,42
Daryl Porter,Derrick Harmon,3900,17
Daryl Porter,Devin Harper,3900,25
Daryl Porter,Domenique Davis,3900,15
Daryl Porter,Eku Leota,3900,33
Daryl Porter,Esezi Otomewo,3900,25
Daryl Porter,Isaiahh Loudermilk,3900,14
Daryl Porter,Jack Sawyer,3900,46
Daryl Porter,James Pierre,3900,43
Daryl Porter,Juan Thornhill,3900,15
Daryl Porter,Julius Welschof,3900,33
Daryl Porter,Keeanu Benton,3900,11
Daryl Porter,Kenny Willekes,3900,3
Daryl Porter,Kyler Baugh,3900,9
Daryl Porter,Kyler McMichael,3900,37
Daryl Porter,Logan Lee,3900,17
Daryl Porter,Malik Harrison,3900,27
Daryl Porter,Mark Robinson,3900,22
Daryl Porter,Miles Killebrew,3900,21
Daryl Porter,Nick Herbig,3900,3
Daryl Porter,Payton Wilson,3900,16
Daryl Porter,Quindell Johnson,3900,44
Daryl Porter,Sebastian Castro,3900,54
Daryl Porter,Yahya Black,3900,21
Daryl Worley,Ale Kaho,5110,28
Daryl Worley,Andre Jones Jr.,5110,42
Daryl Worley,Antonio Hamilton,5110,40
Daryl Worley,Ben Nikkel,5110,35
Daryl Worley,Bobby Price,5110,26
Daryl Worley,Car'lin Vigers,5110,38
Daryl Worley,Carl Davis,5110,19
Daryl Worley,Clelin Ferrell,5110,25
Daryl Worley,Duke Riley,5110,28
Daryl Worley,Eddie Goldman,5110,20
Daryl Worley,Essang Bassey,5110,26
Daryl Worley,Jalyn Holmes,5110,35
Daryl Worley,Javontae Jean-Baptiste,5110,7
Daryl Worley,Jer'Zhan Newton,5110,9
Daryl Worley,Jordan Magee,5110,14
Daryl Worley,Kain Medrano,5110,34
Daryl Worley,Kam Arnold,5110,22
Daryl Worley,Noah Igbinoghene,5110,18
Daryl Worley,Norell Pollard,5110,24
Daryl Worley,Ricky Barber,5110,22
Daryl Worley,Robert McDaniel,5110,52
Daryl Worley,Sheldon Day,5110,36
Daryl Worley,T.J. Maguranyanga,5110,22
Daryl Worley,Trey Amos,5110,14
Daryl Worley,Tyler Owens,5110,4
David Edwards,Connor McGovern,0610,14
David Edwards,Dalton Kincaid,0610,4
David Edwards,Dawson Knox,0610,8
David Edwards,Dion Dawkins,0610,14
David Edwards,Elijah Moore,0610,7
David Edwards,Jackson Hawes,0610,3
David Edwards,Josh Palmer,0610,14
David Edwards,Keon Coleman,0610,14
David Edwards,Mitchell Trubisky,0610,14
David Edwards,O'Cyrus Torrence,0610,14
David Edwards,Ray Davis,0610,6
David Edwards,Reggie Gilliam,0610,6
David Edwards,Ryan Van Demark,0610,14
David Edwards,Ty Johnson,0610,8
David Gbenda,Ali Gaye,2100,12
David Gbenda,Amani Oruwariye,2100,15
David Gbenda,Amari Burney,2100,10
David Gbenda,Cam Horsley,2100,16
David Gbenda,Clarence Lewis,2100,8
David Gbenda,Curtis Jacobs,2100,8
David Gbenda,Davion Ross,2100,11
David Gbenda,Desmond Evans,2100,11
David Gbenda,Isaiah Raikes,2100,1
David Gbenda,Jaylen Harrell,2100,13
David Gbenda,Jermari Harris,2100,10
David Gbenda,Joe Gaziano,2100,10
David Gbenda,Joshuah Bledsoe,2100,18
David Gbenda,Josiah Bronson,2100,5
David Gbenda,Julius Wood,2100,18
David Gbenda,Philip Blidi,2100,9
David Gbenda,Timmy Horne,2100,5
David Martin-Robinson,Andrew Rupcich,2100,33
David Martin-Robinson,Blake Hance,2100,8
David Martin-Robinson,Brandon Allen,2100,24
David Martin-Robinson,Brandon Crenshaw-Dickson,2100,11
David Martin-Robinson,Brenden Jaimes,2100,27
David Martin-Robinson,Bryce Oliver,2100,17
David Martin-Robinson,Cam Ward,2100,1
David Martin-Robinson,Cameron Ward,2100,3
David Martin-Robinson,Chig Okonkwo,2100,3
David Martin-Robinson,Chimere Dike,2100,10
David Martin-Robinson,Corey Levin,2100,4
David Martin-Robinson,Dan Moore Jr.,2100,3
David Martin-Robinson,Drake Dabney,2100,1
David Martin-Robinson,Elic Ayomanor,2100,17
David Martin-Robinson,Gunnar Helm,2100,11
David Martin-Robinson,JC Latham,2100,3
David Martin-Robinson,Jackson Slater,2100,31
David Martin-Robinson,Jaelyn Duncan,2100,17
David Martin-Robinson,James Proche,2100,13
David Martin-Robinson,Jermar Jefferson,2100,7
David Martin-Robinson,Jha'Quan Jackson,2100,9
David Martin-Robinson,John Ojukwu,2100,23
David Martin-Robinson,Jordan Mims,2100,10
David Martin-Robinson,Josh Whyle,2100,4
David Martin-Robinson,Julius Chestnut,2100,7
David Martin-Robinson,Kalel Mullings,2100,11
David Martin-Robinson,Mason Kinsey,2100,11
David Martin-Robinson,Olisaemeka Udoh,2100,19
David Martin-Robinson,Peter Skoronski,2100,4
David Martin-Robinson,Sam Mustipher,2100,7
David Martin-Robinson,T.J. Sheffield,2100,1
David Martin-Robinson,Thomas Odukoya,2100,8
David Martin-Robinson,Tim Boyle,2100,3
David Martin-Robinson,Tony Pollard,2100,2
David Martin-Robinson,Trevor Siemian,2100,7
David Martin-Robinson,Tyjae Spears,2100,1
David Martin-Robinson,Van Jefferson,2100,4
David Martin-Robinson,Xavier Restrepo,2100,5
David Moore,Adam Thielen,0750,1
David Moore,Andy Dalton,0750,8
David Moore,Austin Corbett,0750,1
David Moore,Brady Christensen,0750,43
David Moore,Brandon Walton,0750,43
David Moore,Bryce Pierre,0750,5
David Moore,Bryce Young,0750,1
David Moore,Brycen Tremayne,0750,28
David Moore,Cade Mays,0750,23
David Moore,Chandler Zavala,0750,18
David Moore,Chuba Hubbard,0750,1
David Moore,Dominique Dafney,0750,19
David Moore,Hunter Renfrow,0750,39
David Moore,Ikem Ekwonu,0750,1
David Moore,Ja'Tyre Carter,0750,28
David Moore,Jack Plummer,0750,53
David Moore,Jalen Coker,0750,16
David Moore,James Mitchell,0750,38
David Moore,Jarrett Kingston,0750,61
David Moore,Jimmy Horn Jr.,0750,10
David Moore,Kobe Hudson,0750,11
David Moore,Luke Kandra,0750,19
David Moore,Michael Tarquin,0750,18
David Moore,Mitchell Evans,0750,11
David Moore,Raheem Blackshear,0750,24
David Moore,Robert Hunt,0750,1
David Moore,Steven Losoya,0750,10
David Moore,T.J. Luther,0750,8
David Moore,Taylor Moton,0750,1
David Moore,Trevor Etienne,0750,37
David Moore,Yosh Nijman,0750,43
David Njoku,Adin Huntington,1050,1
David Njoku,Brenden Bates,1050,1
David Njoku,Dawand Jones,1050,12
David Njoku,Diontae Johnson,1050,8
David Njoku,Dylan Sampson,1050,3
David Njoku,Ethan Pocic,1050,6
David Njoku,Gage Larvadain,1050,2
David Njoku,Harold Fannin Jr.,1050,6
David Njoku,Isaiah Bond,1050,4
David Njoku,Jack Conklin,1050,8
David Njoku,Jackson Barton,1050,4
David Njoku,Jamari Thrash,1050,4
David Njoku,Jerome Ford,1050,6
David Njoku,Jerry Jeudy,1050,3
David Njoku,Joe Flacco,1050,12
David Njoku,Kaden Davis,1050,7
David Njoku,Luke Wypler,1050,6
David Njoku,Pierre Strong,1050,3
David Njoku,Wyatt Teller,1050,12
David Njoku,Zak Zinter,1050,12
David Ojabo,Adedayo Odeleye,0325,5
David Ojabo,Adisa Isaac,0325,17
David Ojabo,Aeneas Peebles,0325,32
David Ojabo,Basil Okoye,0325,34
David Ojabo,Beau Brade,0325,32
David Ojabo,Bilhal Kone,0325,11
David Ojabo,Brent Urban,0325,13
David Ojabo,C.J. Ravenell,0325,50
David Ojabo,Chandler Martin,0325,12
David Ojabo,Desmond Igbinosun,0325,2
David Ojabo,Jacob Hummel,0325,11
David Ojabo,Jalyn Armour-Davis,0325,43
David Ojabo,Jay Higgins,0325,12
David Ojabo,Jayson Jones,0325,19
David Ojabo,John Jenkins,0325,13
David Ojabo,Kaimon Rucker,0325,7
David Ojabo,Keondre Jackson,0325,12
David Ojabo,Keyon Martin,0325,57
David Ojabo,MJ Devonshire,0325,7
David Ojabo,Malaki Starks,0325,12
David Ojabo,Malik Hamm,0325,6
David Ojabo,Marquise Robinson,0325,22
David Ojabo,Mike Green,0325,47
David Ojabo,Reuben Lowery,0325,46
David Ojabo,Sanoussi Kane,0325,59
David Ojabo,T.J. Tampa,0325,68
David Ojabo,Teddye Buchanan,0325,65
David Ojabo,Thomas Graham Jr.,0325,2
David Ojabo,Trenton Simpson,0325,48
David Ojabo,William Kwenkeu,0325,6
David Olajiga,Alex Austin,3200,3
David Olajiga,Anfernee Jennings,3200,12
David Olajiga,Bradyn Swinson,3200,33
David Olajiga,Brandon Crossley,3200,29
David Olajiga,Bryce Ganious,3200,6
David Olajiga,Cam Riley,3200,18
David Olajiga,Craig Woodson,3200,9
David Olajiga,DJ James,3200,3
David Olajiga,Dell Pettus,3200,22
David Olajiga,Elijah Ponder,3200,23
David Olajiga,Isaiah Bolden,3200,12
David Olajiga,Isaiah Iton,3200,4
David Olajiga,Jabrill Peppers,3200,4
David Olajiga,Jack Gibbens,3200,7
David Olajiga,Jahvaree Ritzie,3200,28
David Olajiga,Jaylinn Hawkins,3200,3
David Olajiga,Jeremiah Pharms Jr.,3200,11
David Olajiga,Jordan Polk,3200,30
David Olajiga,Josh Minkins,3200,11
David Olajiga,Joshua Farmer,3200,6
David Olajiga,Keion White,3200,11
David Olajiga,Kobee Minor,3200,26
David Olajiga,Kyle Dugger,3200,24
David Olajiga,Kyle Peko,3200,2
David Olajiga,Marcus Epps,3200,29
David Olajiga,Marte Mapu,3200,22
David Olajiga,Miles Battle,3200,13
David Olajiga,Monty Rice,3200,30
David Olajiga,Philip Blidi,3200,3
David Olajiga,R.J. Moten,3200,16
David Olajiga,Tre Avery,3200,13
David Olajiga,Truman Jones,3200,17
David Quessenberry,A.J. Arcuri,2510,24
David Quessenberry,Anthony Torres,2510,11
David Quessenberry,Beaux Limmer,2510,49
David Quessenberry,Blake Corum,2510,24
David Quessenberry,Brennan Presley,2510,2
David Quessenberry,Britain Covey,2510,2
David Quessenberry,Davis Allen,2510,36
David Quessenberry,Drake Stoops,2510,47
David Quessenberry,Jarquez Hunter,2510,25
David Quessenberry,Justin Dedich,2510,49
David Quessenberry,Konata Mumpfield,2510,46
David Quessenberry,Mario Williams,2510,3
David Quessenberry,Mark Redman,2510,3
David Quessenberry,Stetson Bennett,2510,49
David Quessenberry,Warren McClendon Jr.,2510,25
David Quessenberry,Wyatt Bowles,2510,49
David Quessenberry,Xavier Smith,2510,46
David Sharpe,Andre James,4400,27
David Sharpe,Branson Taylor,4400,57
David Sharpe,Brenden Rice,4400,27
David Sharpe,Corey Stewart,4400,64
David Sharpe,DJ Uiagalelei,4400,25
David Sharpe,Dalevon Campbell,4400,38
David Sharpe,Derius Davis,4400,11
David Sharpe,Hassan Haskins,4400,2
David Sharpe,JaQuae Jackson,4400,30
David Sharpe,Jalen Reagor,4400,9
David Sharpe,Jaylen Johnson,4400,34
David Sharpe,Josh Kaltenberger,4400,67
David Sharpe,Karsen Barnhart,4400,56
David Sharpe,KeAndre Lambert-Smith,4400,37
David Sharpe,Kimani Vidal,4400,27
David Sharpe,Luke Grimm,4400,28
David Sharpe,Nash Jones,4400,55
David Sharpe,Nyheim Hines,4400,33
David Sharpe,Oronde Gadsden II,4400,59
David Sharpe,Raheim Sanders,4400,32
David Sharpe,Ryan Nelson,4400,50
David Sharpe,Scott Matlock,4400,9
David Sharpe,Stevo Klotz,4400,36
David Sharpe,Taylor Heinicke,4400,30
David Sharpe,Thomas Yassmin,4400,1
David Sharpe,Tre Harris,4400,35
David Sharpe,Trey Lance,4400,39
David Sharpe,Tucker Fisk,4400,22
David Sills,Brandon Parker,0200,11
David Sills,Casey Washington,0200,11
David Sills,Chris Blair,0200,6
David Sills,Dylan Drummond,0200,13
David Sills,Easton Stick,0200,17
David Sills,Elijah Dotson,0200,8
David Sills,Elijah Wilkinson,0200,17
David Sills,Feleipe Franks,0200,12
David Sills,Jack Nelson,0200,17
David Sills,Joshua Gray,0200,6
David Sills,Jovaughn Gwyn,0200,17
David Sills,Kyle Hinton,0200,17
David Sills,Nate Carter,0200,9
David Sills,Nikola Kalinic,0200,9
Davion Ross,Ali Gaye,2100,35
Davion Ross,Amani Oruwariye,2100,14
Davion Ross,Amari Burney,2100,21
Davion Ross,Blake Lynch,2100,8
Davion Ross,Brian Asamoah II,2100,4
Davion Ross,Cam Horsley,2100,38
Davion Ross,Cedric Gray,2100,6
Davion Ross,Clarence Lewis,2100,31
Davion Ross,Curtis Jacobs,2100,34
Davion Ross,David Gbenda,2100,11
Davion Ross,Desmond Evans,2100,13
Davion Ross,Isaiah Raikes,2100,3
Davion Ross,Jalen Kimber,2100,16
Davion Ross,Jaylen Harrell,2100,15
Davion Ross,Jermari Harris,2100,20
Davion Ross,Joe Gaziano,2100,24
Davion Ross,Joshuah Bledsoe,2100,42
Davion Ross,Josiah Bronson,2100,7
Davion Ross,Julius Wood,2100,42
Davion Ross,Philip Blidi,2100,4
Davion Ross,Timmy Horne,2100,32
Davis Allen,A.J. Arcuri,2510,11
Davis Allen,Anthony Torres,2510,1
Davis Allen,Beaux Limmer,2510,36
Davis Allen,Blake Corum,2510,19
Davis Allen,David Quessenberry,2510,36
Davis Allen,Drake Stoops,2510,36
Davis Allen,Jarquez Hunter,2510,17
Davis Allen,Justin Dedich,2510,36
Davis Allen,Konata Mumpfield,2510,35
Davis Allen,Mario Williams,2510,1
Davis Allen,Stetson Bennett,2510,36
Davis Allen,Warren McClendon Jr.,2510,25
Davis Allen,Wyatt Bowles,2510,36
Davis Allen,Xavier Smith,2510,35
Davis Mills,Aireontae Ersery,2120,20
Davis Mills,Austin Deculus,2120,9
Davis Mills,Blake Fisher,2120,20
Davis Mills,Braxton Berrios,2120,4
Davis Mills,Brevin Jordan,2120,6
Davis Mills,Cade Stover,2120,14
Davis Mills,Dalton Schultz,2120,10
Davis Mills,Dare Ogunbowale,2120,10
Davis Mills,Ed Ingram,2120,20
Davis Mills,Irv Smith,2120,6
Davis Mills,Jake Andrews,2120,20
Davis Mills,Jakob Johnson,2120,5
Davis Mills,Jarrett Patterson,2120,9
Davis Mills,Jawhar Jordan,2120,8
Davis Mills,Jayden Higgins,2120,23
Davis Mills,Jaylin Noel,2120,13
Davis Mills,Jaylon Thomas,2120,9
Davis Mills,John Metchie III,2120,12
Davis Mills,Juice Scruggs,2120,19
Davis Mills,Justin Watson,2120,7
Davis Mills,Laken Tomlinson,2120,10
Davis Mills,Woody Marks,2120,11
Davis Mills,Xavier Hutchinson,2120,16
Davis Mills,Zach Thomas,2120,9
Davon Godchaux,Bryan Bresee,3300,9
Davon Godchaux,Cameron Jordan,3300,4
Davon Godchaux,Carl Granderson,3300,9
Davon Godchaux,Chase Young,3300,7
Davon Godchaux,Chris Rumph II,3300,2
Davon Godchaux,Demario Davis,3300,11
Davon Godchaux,Isaac Yiadom,3300,11
Davon Godchaux,Jonathan Bullard,3300,2
Davon Godchaux,Jordan Howden,3300,1
Davon Godchaux,Julian Blackmon,3300,11
Davon Godchaux,Justin Reid,3300,10
Davon Godchaux,Kool-Aid McKinstry,3300,11
Davon Godchaux,Nathan Shepherd,3300,6
Davon Godchaux,Pete Werner,3300,8
Davon Godchaux,Ugo Amadi,3300,8
Dawand Jones,Adin Huntington,1050,1
Dawand Jones,Ahmani Marshall,1050,4
Dawand Jones,Blake Whiteheart,1050,16
Dawand Jones,Brenden Bates,1050,13
Dawand Jones,Cedric Tillman,1050,13
Dawand Jones,David Njoku,1050,12
Dawand Jones,Dillon Gabriel,1050,18
Dawand Jones,Diontae Johnson,1050,22
Dawand Jones,Dylan Sampson,1050,5
Dawand Jones,Ethan Pocic,1050,8
Dawand Jones,Gage Larvadain,1050,9
Dawand Jones,Harold Fannin Jr.,1050,10
Dawand Jones,Isaiah Bond,1050,5
Dawand Jones,Jack Conklin,1050,10
Dawand Jones,Jackson Barton,1050,24
Dawand Jones,Jamari Thrash,1050,15
Dawand Jones,Jerome Ford,1050,6
Dawand Jones,Jerry Jeudy,1050,3
Dawand Jones,Joe Flacco,1050,16
Dawand Jones,Kaden Davis,1050,17
Dawand Jones,Luke Wypler,1050,26
Dawand Jones,Pierre Strong,1050,19
Dawand Jones,Teven Jenkins,1050,18
Dawand Jones,Wyatt Teller,1050,16
Dawand Jones,Zak Zinter,1050,34
Dawson Knox,Connor McGovern,0610,8
Dawson Knox,Dalton Kincaid,0610,1
Dawson Knox,David Edwards,0610,8
Dawson Knox,Dion Dawkins,0610,8
Dawson Knox,Elijah Moore,0610,3
Dawson Knox,Josh Palmer,0610,8
Dawson Knox,Keon Coleman,0610,8
Dawson Knox,Mitchell Trubisky,0610,8
Dawson Knox,O'Cyrus Torrence,0610,8
Dawson Knox,Ray Davis,0610,5
Dawson Knox,Reggie Gilliam,0610,4
Dawson Knox,Ryan Van Demark,0610,8
Dawson Knox,Ty Johnson,0610,3
Dawuane Smoot,Andrew Wingard,2250,19
Dawuane Smoot,Antonio Johnson,2250,22
Dawuane Smoot,Austin Johnson,2250,15
Dawuane Smoot,Chad Muma,2250,16
Dawuane Smoot,Christian Braswell,2250,26
Dawuane Smoot,DaVon Hamilton,2250,4
Dawuane Smoot,Daniel Thomas,2250,6
Dawuane Smoot,Danny Striggow,2250,4
Dawuane Smoot,Darnell Savage,2250,29
Dawuane Smoot,Deantre Prince,2250,20
Dawuane Smoot,Devin Lloyd,2250,12
Dawuane Smoot,Emmanuel Ogbah,2250,27
Dawuane Smoot,Eric Murray,2250,4
Dawuane Smoot,Foye Oluokun,2250,4
Dawuane Smoot,Jabbar Muhammad,2250,8
Dawuane Smoot,Jack Kiser,2250,11
Dawuane Smoot,Jarrian Jones,2250,7
Dawuane Smoot,Jordan Jefferson,2250,15
Dawuane Smoot,Josh Hines-Allen,2250,3
Dawuane Smoot,Jourdan Lewis,2250,4
Dawuane Smoot,Myles Cole,2250,3
Dawuane Smoot,Rayuan Lane III,2250,1
Dawuane Smoot,Travis Hunter,2250,7
Dawuane Smoot,Travon Walker,2250,4
Dawuane Smoot,Tyler Lacy,2250,18
Dawuane Smoot,Tyson Campbell,2250,1
Dawuane Smoot,Ventrell Miller,2250,13
Dawuane Smoot,Yasir Abdullah,2250,7
Daxton Hill,Cam Taylor-Britt,0920,7
Daxton Hill,Daijahn Anthony,0920,3
Daxton Hill,Demetrius Knight Jr.,0920,7
Daxton Hill,Jordan Battle,0920,7
Daxton Hill,Joseph Ossai,0920,7
Daxton Hill,Josh Newton,0920,6
Daxton Hill,Kris Jenkins,0920,7
Daxton Hill,Logan Wilson,0920,7
Daxton Hill,Oren Burks,0920,1
Daxton Hill,Shemar Stewart,0920,7
Daxton Hill,Tedarrell Slaton,0920,7
Daxton Hill,Tycen Anderson,0920,4
Dayo Odeyingbo,Andrew Billings,0810,10
Dayo Odeyingbo,Chris Williams,0810,14
Dayo Odeyingbo,Dominique Robinson,0810,3
Dayo Odeyingbo,Gervon Dexter Sr.,0810,20
Dayo Odeyingbo,Jaquan Brisker,0810,22
Dayo Odeyingbo,Kevin Byard,0810,22
Dayo Odeyingbo,Montez Sweat,0810,17
Dayo Odeyingbo,Nahshon Wright,0810,22
Dayo Odeyingbo,Nick McCloud,0810,15
Dayo Odeyingbo,Noah Sewell,0810,16
Dayo Odeyingbo,Ruben Hyppolite II,0810,9
Dayo Odeyingbo,Swayze Bozeman,0810,1
Dayo Odeyingbo,T.J. Edwards,0810,22
Dayo Odeyingbo,Tanoh Kpassagnon,0810,2
Dayo Odeyingbo,Tremaine Edmunds,0810,3
Dayo Odeyingbo,Tyrique Stevenson,0810,22
Dayton Wade,Andrew Vorhees,0325,4
Dayton Wade,Anthony Miller,0325,7
Dayton Wade,Baylor Cupp,0325,3
Dayton Wade,Ben Cleveland,0325,38
Dayton Wade,Carson Vinson,0325,52
Dayton Wade,Charlie Kolar,0325,16
Dayton Wade,Cooper Rush,0325,24
Dayton Wade,Corey Bullock,0325,27
Dayton Wade,D'Ernest Johnson,0325,13
Dayton Wade,Daniel Faalele,0325,4
Dayton Wade,Darrian Dalcourt,0325,35
Dayton Wade,Devin Leary,0325,32
Dayton Wade,Devontez Walker,0325,39
Dayton Wade,Garrett Dellinger,0325,31
Dayton Wade,Gerad Lichtenhan,0325,29
Dayton Wade,Jahmal Banks,0325,4
Dayton Wade,Joe Noteboom,0325,27
Dayton Wade,Keaton Mitchell,0325,5
Dayton Wade,Keith Kirkwood,0325,18
Dayton Wade,LaJohntay Wester,0325,20
Dayton Wade,Lucas Scott,0325,10
Dayton Wade,Malik Cunningham,0325,5
Dayton Wade,Nick Samac,0325,29
Dayton Wade,Rasheen Ali,0325,38
Dayton Wade,Roger Rosengarten,0325,4
Dayton Wade,Scotty Washington,0325,18
Dayton Wade,Tylan Wallace,0325,3
Dayton Wade,Zaire Mitchell-Paden,0325,25
De'Von Achane,Aaron Brewer,2700,8
De'Von Achane,Dee Eskridge,2700,7
De'Von Achane,James Daniels,2700,8
De'Von Achane,Jonah Savaiinaea,2700,8
De'Von Achane,Julian Hill,2700,5
De'Von Achane,Larry Borom,2700,8
De'Von Achane,Malik Washington,2700,5
De'Von Achane,Nick Westbrook-Ikhine,2700,8
De'Von Achane,Patrick Paul,2700,8
De'Von Achane,Pharaoh Brown,2700,2
De'Von Achane,Tanner Conner,2700,5
De'Von Achane,Tua Tagovailoa,2700,8
DeAngelo Malone,Arnold Ebiketie,0200,12
DeAngelo Malone,Billy Bowman Jr.,0200,26
DeAngelo Malone,Bralen Trice,0200,4
DeAngelo Malone,Brandon Dorlus,0200,22
DeAngelo Malone,C.J. Henderson,0200,5
DeAngelo Malone,Caleb Johnson,0200,42
DeAngelo Malone,Cobee Bryant,0200,28
DeAngelo Malone,DeMarcco Hellams,0200,13
DeAngelo Malone,Dee Alford,0200,15
DeAngelo Malone,Dontae Manning,0200,36
DeAngelo Malone,Henry Black,0200,52
DeAngelo Malone,JD Bertrand,0200,8
DeAngelo Malone,Jalon Walker,0200,13
DeAngelo Malone,James Pearce Jr.,0200,37
DeAngelo Malone,Jordan Fuller,0200,18
DeAngelo Malone,Josh Thompson,0200,60
DeAngelo Malone,Josh Woods,0200,32
DeAngelo Malone,Keith Taylor,0200,20
DeAngelo Malone,Kentavius Street,0200,38
DeAngelo Malone,Khalid Kareem,0200,21
DeAngelo Malone,LaCale London,0200,36
DeAngelo Malone,Lamar Jackson,0200,80
DeAngelo Malone,Mike Ford,0200,40
DeAngelo Malone,Morgan Fox,0200,28
DeAngelo Malone,Natrone Brooks,0200,37
DeAngelo Malone,Nick Kubitz,0200,35
DeAngelo Malone,Ronnie Harrison,0200,33
DeAngelo Malone,Ronnie Perkins,0200,15
DeAngelo Malone,Ruke Orhorhoro,0200,32
DeAngelo Malone,Simeon Barrow Jr.,0200,35
DeAngelo Malone,Ta'Quon Graham,0200,14
DeAngelo Malone,Xavier Watts,0200,25
DeAngelo Malone,Zach Harrison,0200,28
DeForest Buckner,Adetomiwa Adebawore,2200,5
DeForest Buckner,Cameron McGrone,2200,4
DeForest Buckner,Camryn Bynum,2200,9
DeForest Buckner,Charvarius Ward,2200,9
DeForest Buckner,Chris Lammons,2200,9
DeForest Buckner,Durell Nchami,2200,1
DeForest Buckner,Grover Stewart,2200,4
DeForest Buckner,Hunter Wohler,2200,9
DeForest Buckner,JT Tuimoloau,2200,1
DeForest Buckner,Joe Bachie,2200,9
DeForest Buckner,Johnathan Edwards,2200,9
DeForest Buckner,Laiatu Latu,2200,8
DeForest Buckner,Rodney Thomas,2200,5
DeForest Buckner,Tyquan Lewis,2200,8
DeMarcco Hellams,Arnold Ebiketie,0200,8
DeMarcco Hellams,Billy Bowman Jr.,0200,5
DeMarcco Hellams,Brandon Dorlus,0200,4
DeMarcco Hellams,DeAngelo Malone,0200,13
DeMarcco Hellams,Dee Alford,0200,7
DeMarcco Hellams,Jalon Walker,0200,9
DeMarcco Hellams,James Pearce Jr.,0200,8
DeMarcco Hellams,Jordan Fuller,0200,9
DeMarcco Hellams,Josh Woods,0200,15
DeMarcco Hellams,Kentavius Street,0200,6
DeMarcco Hellams,LaCale London,0200,5
DeMarcco Hellams,Lamar Jackson,0200,15
DeMarcco Hellams,Morgan Fox,0200,2
DeMarcco Hellams,Natrone Brooks,0200,15
DeMarcco Hellams,Ruke Orhorhoro,0200,8
DeMarcco Hellams,Ta'Quon Graham,0200,5
DeMarcco Hellams,Xavier Watts,0200,6
DeMarcco Hellams,Zach Harrison,0200,10
DeMario Douglas,Austin Hooper,3200,11
DeMario Douglas,Ben Brown,3200,11
DeMario Douglas,Drake Maye,3200,15
DeMario Douglas,Garrett Bradbury,3200,9
DeMario Douglas,Hunter Henry,3200,4
DeMario Douglas,Jack Westover,3200,1
DeMario Douglas,Jared Wilson,3200,10
DeMario Douglas,Kayshon Boutte,3200,13
DeMario Douglas,Kyle Williams,3200,5
DeMario Douglas,Mack Hollins,3200,11
DeMario Douglas,Marcus Bryant,3200,15
DeMario Douglas,Mike Onwenu,3200,15
DeMario Douglas,Rhamondre Stevenson,3200,6
DeMario Douglas,TreVeyon Henderson,3200,9
DeMario Douglas,Will Campbell,3200,15
DeMarvin Leal,Beanie Bishop Jr.,3900,28
DeMarvin Leal,Brandin Echols,3900,49
DeMarvin Leal,Breiden Fehoko,3900,5
DeMarvin Leal,Cameron McCutcheon,3900,6
DeMarvin Leal,Carson Bruener,3900,27
DeMarvin Leal,Chuck Clark,3900,47
DeMarvin Leal,Cole Holcomb,3900,46
DeMarvin Leal,D'Shawn Jamison,3900,25
DeMarvin Leal,Daniel Ekuale,3900,31
DeMarvin Leal,Darius Slay,3900,4
DeMarvin Leal,Daryl Porter,3900,42
DeMarvin Leal,DeShon Elliott,3900,4
DeMarvin Leal,Derrick Harmon,3900,40
DeMarvin Leal,Devin Harper,3900,11
DeMarvin Leal,Domenique Davis,3900,10
DeMarvin Leal,Esezi Otomewo,3900,20
DeMarvin Leal,Isaiahh Loudermilk,3900,28
DeMarvin Leal,Jack Sawyer,3900,87
DeMarvin Leal,Jalen Ramsey,3900,4
DeMarvin Leal,James Pierre,3900,62
DeMarvin Leal,Joey Porter Jr.,3900,4
DeMarvin Leal,Juan Thornhill,3900,20
DeMarvin Leal,Kam Alexander,3900,9
DeMarvin Leal,Keeanu Benton,3900,21
DeMarvin Leal,Kenny Willekes,3900,9
DeMarvin Leal,Kyler Baugh,3900,6
DeMarvin Leal,Kyler McMichael,3900,22
DeMarvin Leal,Logan Lee,3900,25
DeMarvin Leal,Malik Harrison,3900,42
DeMarvin Leal,Mark Robinson,3900,37
DeMarvin Leal,Mikey Victor,3900,15
DeMarvin Leal,Miles Killebrew,3900,32
DeMarvin Leal,Nick Herbig,3900,1
DeMarvin Leal,Patrick Queen,3900,4
DeMarvin Leal,Payton Wilson,3900,27
DeMarvin Leal,Quindell Johnson,3900,41
DeMarvin Leal,Sebastian Castro,3900,49
DeMarvin Leal,Yahya Black,3900,30
DeShon Elliott,Chuck Clark,3900,6
DeShon Elliott,Darius Slay,3900,7
DeShon Elliott,DeMarvin Leal,3900,4
DeShon Elliott,Derrick Harmon,3900,4
DeShon Elliott,Eku Leota,3900,3
DeShon Elliott,Isaiahh Loudermilk,3900,4
DeShon Elliott,Jack Sawyer,3900,4
DeShon Elliott,Jalen Ramsey,3900,7
DeShon Elliott,Joey Porter Jr.,3900,7
DeShon Elliott,Julius Welschof,3900,3
DeShon Elliott,Keeanu Benton,3900,4
DeShon Elliott,Patrick Queen,3900,7
DeShon Elliott,Payton Wilson,3900,7
DeShon Elliott,Yahya Black,3900,3
DeWayne Carter,A.J. Epenesa,0610,21
DeWayne Carter,Brandon Codrington,0610,11
DeWayne Carter,Cam Lewis,0610,12
DeWayne Carter,Casey Rogers,0610,9
DeWayne Carter,Christian Benford,0610,6
DeWayne Carter,Cole Bishop,0610,8
DeWayne Carter,Daequan Hardy,0610,37
DeWayne Carter,Damar Hamlin,0610,22
DeWayne Carter,Dane Jackson,0610,38
DeWayne Carter,Darrick Forrest,0610,42
DeWayne Carter,Deone Walker,0610,1
DeWayne Carter,Dorian Strong,0610,32
DeWayne Carter,Dorian Williams,0610,19
DeWayne Carter,Edefuan Ulofoshio,0610,28
DeWayne Carter,Garnett Hollis Jr.,0610,9
DeWayne Carter,Ja'Marcus Ingram,0610,22
DeWayne Carter,Javon Solomon,0610,23
DeWayne Carter,Jimmy Ciarlo,0610,29
DeWayne Carter,Joe Andreessen,0610,51
DeWayne Carter,Jordan Hancock,0610,15
DeWayne Carter,Keonta Jenkins,0610,20
DeWayne Carter,Landon Jackson,0610,18
DeWayne Carter,Larry Ogunjobi,0610,36
DeWayne Carter,Marcus Harris,0610,18
DeWayne Carter,Matt Milano,0610,6
DeWayne Carter,Michael Hoecht,0610,45
DeWayne Carter,Nelson Ceaser,0610,15
DeWayne Carter,Paris Shand,0610,16
DeWayne Carter,T.J. Sanders,0610,2
DeWayne Carter,Taron Johnson,0610,5
DeWayne Carter,Te'Cory Couch,0610,16
DeWayne Carter,Tre Herndon,0610,28
DeWayne Carter,Tre'Davious White,0610,6
DeWayne Carter,Wande Owens,0610,11
DeWayne Carter,Zion Logue,0610,3
DeWayne Carter,Zy Alexander,0610,10
Dean Clark,Aaron Smith,3430,65
Dean Clark,Braiden McGregor,3430,43
Dean Clark,Derrick Nnadi,3430,37
Dean Clark,Eric Watts,3430,50
Dean Clark,Fatorma Mulbah,3430,43
Dean Clark,Francisco Mauigoa,3430,35
Dean Clark,Isaiah Oliver,3430,33
Dean Clark,Ja'Markis Weston n,3430,29
Dean Clark,Jackson Sirmon,3430,47
Dean Clark,Jamin Davis,3430,11
Dean Clark,Jarius Monroe,3430,64
Dean Clark,Jarrick Bernard-Converse,3430,56
Dean Clark,Jay Tufele,3430,9
Dean Clark,Jordan Clark,3430,55
Dean Clark,Kingsley Jonathan,3430,45
Dean Clark,Leonard Taylor III,3430,51
Dean Clark,Malachi Moore,3430,54
Dean Clark,Marcelino McCrary-Ball,3430,19
Dean Clark,Mario Goodrich,3430,66
Dean Clark,Michael Fletcher,3430,33
Dean Clark,Payton Page,3430,62
Dean Clark,Phidarian Mathis,3430,31
Dean Clark,Qwan'tez Stiggers,3430,16
Dean Clark,Rashad Weaver,3430,17
Dean Clark,Ryan Cooper Jr.,3430,36
Dean Clark,Tanner McCalister,3430,66
Dean Clark,Tyler Baron,3430,55
Dean Clark,Zaire Barnes,3430,62
Deane Leonard,Caleb Murphy,4400,15
Deane Leonard,Christopher Hinton,4400,12
Deane Leonard,Da'Shawn Hand,4400,4
Deane Leonard,Emany Johnson,4400,16
Deane Leonard,Garmon Randolph,4400,10
Deane Leonard,Ja'Sir Taylor,4400,29
Deane Leonard,Jamaree Caldwell,4400,10
Deane Leonard,Junior Colson,4400,13
Deane Leonard,Justin Eboigbe,4400,8
Deane Leonard,Kana'i Mauga,4400,8
Deane Leonard,Kendall Williamson,4400,20
Deane Leonard,Kylan Guidry,4400,17
Deane Leonard,Kyle Kennard,4400,3
Deane Leonard,Marlowe Wax,4400,10
Deane Leonard,Naquan Jones,4400,15
Deane Leonard,Nikko Reed,4400,6
Deane Leonard,Otito Ogbonnia,4400,4
Deane Leonard,R.J. Mickens,4400,26
Deane Leonard,Scott Matlock,4400,16
Deane Leonard,TeRah Edwards,4400,4
Deane Leonard,Tony Jefferson,4400,16
Deane Leonard,Tre'Mon Morris-Brash,4400,17
Deane Leonard,Trikweze Bridges,4400,16
Deane Leonard,Troy Dye,4400,15
Deantre Prince,Andrew Wingard,2250,11
Deantre Prince,Antonio Johnson,2250,39
Deantre Prince,Austin Johnson,2250,19
Deantre Prince,BJ Green II,2250,20
Deantre Prince,Branson Combs,2250,15
Deantre Prince,Cam'Ron Silmon-Craig,2250,16
Deantre Prince,Chad Muma,2250,40
Deantre Prince,Christian Braswell,2250,46
Deantre Prince,Daniel Thomas,2250,23
Deantre Prince,Danny Striggow,2250,31
Deantre Prince,Darnell Savage,2250,22
Deantre Prince,Dawuane Smoot,2250,20
Deantre Prince,Dennis Gardeck,2250,6
Deantre Prince,Devin Lloyd,2250,7
Deantre Prince,Doneiko Slaughter,2250,10
Deantre Prince,Eli Mostaert,2250,3
Deantre Prince,Emmanuel Ogbah,2250,20
Deantre Prince,Ethan Downs,2250,5
Deantre Prince,Jabbar Muhammad,2250,40
Deantre Prince,Jack Kiser,2250,28
Deantre Prince,James Carpenter,2250,4
Deantre Prince,Jordan Jefferson,2250,39
Deantre Prince,Keivie Rose,2250,17
Deantre Prince,Maason Smith,2250,9
Deantre Prince,Myles Cole,2250,24
Deantre Prince,Rayuan Lane III,2250,18
Deantre Prince,Tyler Lacy,2250,22
Deantre Prince,Ventrell Miller,2250,24
Deantre Prince,Yasir Abdullah,2250,12
Deatrich Wise,Ale Kaho,5110,7
Deatrich Wise,Bobby Price,5110,6
Deatrich Wise,Car'lin Vigers,5110,7
Deatrich Wise,Carl Davis,5110,2
Deatrich Wise,Clelin Ferrell,5110,2
Deatrich Wise,Daron Payne,5110,8
Deatrich Wise,Dorance Armstrong,5110,4
Deatrich Wise,Eddie Goldman,5110,6
Deatrich Wise,Frankie Luvu,5110,8
Deatrich Wise,Jacob Martin,5110,7
Deatrich Wise,Jalyn Holmes,5110,4
Deatrich Wise,Javon Kinlaw,5110,8
Deatrich Wise,Jer'Zhan Newton,5110,6
Deatrich Wise,Jeremy Reaves,5110,7
Deatrich Wise,Kain Medrano,5110,15
Deatrich Wise,Marshon Lattimore,5110,8
Deatrich Wise,Mike Sainristil,5110,8
Deatrich Wise,Noah Igbinoghene,5110,11
Deatrich Wise,Percy Butler,5110,7
Deatrich Wise,Quan Martin,5110,8
Deatrich Wise,Tyler Owens,5110,3
Deatrich Wise,Will Harris,5110,8
Decamerion Richardson,Amari Gainer,2520,2
Decamerion Richardson,Andre Carter II,2520,28
Decamerion Richardson,Anthony Booker,2520,1
Decamerion Richardson,Charles Snowden,2520,57
Decamerion Richardson,Chris Smith II,2520,49
Decamerion Richardson,Cody Lindenberg,2520,12
Decamerion Richardson,Darien Porter,2520,36
Decamerion Richardson,Darnay Holmes,2520,10
Decamerion Richardson,Greedy Vance,2520,19
Decamerion Richardson,Hudson Clark,2520,5
Decamerion Richardson,Isaiah Pola-Mao,2520,34
Decamerion Richardson,JJ Pegues,2520,15
Decamerion Richardson,JT Woods,2520,21
Decamerion Richardson,Jahfari Harvey,2520,2
Decamerion Richardson,Jamal Adams,2520,29
Decamerion Richardson,Jaylon Smith,2520,24
Decamerion Richardson,Jonah Laulu,2520,28
Decamerion Richardson,Kyu Kelly,2520,12
Decamerion Richardson,Leki Fotu,2520,11
Decamerion Richardson,Malcolm Koonce,2520,11
Decamerion Richardson,Matt Jones,2520,43
Decamerion Richardson,Michael Barrett,2520,6
Decamerion Richardson,Ovie Oghoufo,2520,8
Decamerion Richardson,Terrell Edmunds,2520,41
Decamerion Richardson,Thomas Booker,2520,16
Decamerion Richardson,Tommy Eichenberg,2520,35
Decamerion Richardson,Tonka Hemingway,2520,50
Decamerion Richardson,Treven Ma'ae,2520,7
Decamerion Richardson,Trey Taylor,2520,10
Decamerion Richardson,Tyree Wilson,2520,37
Decamerion Richardson,Zachary Carter,2520,31
Decarius Hawthorne,A.J. Green,2510,6
Decarius Hawthorne,Bill Norton,2510,16
Decarius Hawthorne,Brennan Jackson,2510,31
Decarius Hawthorne,Cam Lampkin,2510,32
Decarius Hawthorne,Charles Woods,2510,16
Decarius Hawthorne,Da'Jon Terry,2510,26
Decarius Hawthorne,Derion Kendrick,2510,35
Decarius Hawthorne,Desjuan Johnson,2510,25
Decarius Hawthorne,Elias Neal,2510,22
Decarius Hawthorne,Jack Heflin,2510,10
Decarius Hawthorne,Jamil Muhammad,2510,13
Decarius Hawthorne,Josh Pearcy,2510,15
Decarius Hawthorne,Malik Dixon-Williams,2510,38
Decarius Hawthorne,Nate Valcarcel,2510,29
Decarius Hawthorne,Pooh Paul Jr.,2510,21
Decarius Hawthorne,Shaun Dolac,2510,11
Decarius Hawthorne,Shaun Jolly,2510,27
Decarius Hawthorne,Tanner Ingle,2510,20
Decarius Hawthorne,Tony Fields II,2510,27
Dee Alford,Arnold Ebiketie,0200,11
Dee Alford,Bralen Trice,0200,21
Dee Alford,Brandon Dorlus,0200,8
Dee Alford,C.J. Henderson,0200,12
Dee Alford,Caleb Johnson,0200,8
Dee Alford,DeAngelo Malone,0200,15
Dee Alford,DeMarcco Hellams,0200,7
Dee Alford,Henry Black,0200,19
Dee Alford,JD Bertrand,0200,21
Dee Alford,Jalon Walker,0200,4
Dee Alford,James Pearce Jr.,0200,19
Dee Alford,Jordan Fuller,0200,23
Dee Alford,Josh Thompson,0200,16
Dee Alford,Josh Woods,0200,28
Dee Alford,Keith Taylor,0200,11
Dee Alford,Kentavius Street,0200,18
Dee Alford,Khalid Kareem,0200,12
Dee Alford,LaCale London,0200,14
Dee Alford,Lamar Jackson,0200,34
Dee Alford,Mike Ford,0200,7
Dee Alford,Morgan Fox,0200,10
Dee Alford,Natrone Brooks,0200,38
Dee Alford,Nick Kubitz,0200,9
Dee Alford,Ronnie Harrison,0200,17
Dee Alford,Ronnie Perkins,0200,9
Dee Alford,Ruke Orhorhoro,0200,34
Dee Alford,Simeon Barrow Jr.,0200,1
Dee Alford,Ta'Quon Graham,0200,2
Dee Alford,Xavier Watts,0200,14
Dee Alford,Zach Harrison,0200,18
Dee Eskridge,A.J. Henning,2700,1
Dee Eskridge,Aaron Brewer,2700,21
Dee Eskridge,Alexander Mattison,2700,3
Dee Eskridge,Braeden Daniels,2700,16
Dee Eskridge,Chris Myarick,2700,4
Dee Eskridge,Daniel Brunskill,2700,35
Dee Eskridge,De'Von Achane,2700,7
Dee Eskridge,Erik Ezukanma,2700,31
Dee Eskridge,Germain Ifedi,2700,1
Dee Eskridge,Hayden Rucci,2700,5
Dee Eskridge,Jackson Carman,2700,31
Dee Eskridge,James Daniels,2700,21
Dee Eskridge,Jaylen Wright,2700,22
Dee Eskridge,Jonah Savaiinaea,2700,40
Dee Eskridge,Julian Hill,2700,13
Dee Eskridge,Kion Smith,2700,35
Dee Eskridge,Larry Borom,2700,40
Dee Eskridge,Malik Washington,2700,11
Dee Eskridge,Mike Boone,2700,8
Dee Eskridge,Nick Westbrook-Ikhine,2700,23
Dee Eskridge,Ollie Gordon II,2700,16
Dee Eskridge,Patrick Paul,2700,24
Dee Eskridge,Pharaoh Brown,2700,23
Dee Eskridge,Ryan Hayes,2700,16
Dee Eskridge,Tahj Washington,2700,25
Dee Eskridge,Tanner Conner,2700,32
Dee Eskridge,Tua Tagovailoa,2700,21
Dee Eskridge,Zach Wilson,2700,35
Dee Williams,Chauncey Golston,3410,1
Dee Williams,Chris Board,3410,7
Dee Williams,Cory Durden,3410,31
Dee Williams,DJ Davidson,3410,22
Dee Williams,Dane Belton,3410,2
Dee Williams,Darius Alexander,3410,25
Dee Williams,Dyontae Johnson,3410,77
Dee Williams,Elijah Chatman,3410,11
Dee Williams,Elijah Garcia,3410,38
Dee Williams,Jeremiah Ledbetter,3410,40
Dee Williams,Jordon Riley,3410,27
Dee Williams,K'Von Wallace,3410,18
Dee Williams,K.J. Cloyd,3410,70
Dee Williams,Makari Paige,3410,75
Dee Williams,Nic Jones,3410,71
Dee Williams,O'Donnell Fortune,3410,40
Dee Williams,Raheem Layne,3410,19
Dee Williams,TJ Moore,3410,57
Dee Williams,Tomon Fox,3410,71
Dee Williams,Trace Ford,3410,68
Dee Winters,Alfred Collins,4500,16
Dee Winters,Bradlee Anae,4500,2
Dee Winters,Bryce Huff,4500,23
Dee Winters,CJ West,4500,4
Dee Winters,Chase Lucas,4500,19
Dee Winters,Dallis Flowers,4500,25
Dee Winters,Darrell Luter Jr.,4500,10
Dee Winters,Deommodore Lenoir,4500,13
Dee Winters,Evan Anderson,4500,6
Dee Winters,Jason Pinnock,4500,10
Dee Winters,Ji'Ayir Brown,4500,15
Dee Winters,Jonathan Garvin,4500,14
Dee Winters,Kalia Davis,4500,16
Dee Winters,Luke Gifford,4500,6
Dee Winters,Marques Sigle,4500,25
Dee Winters,Robert Beal Jr.,4500,3
Dee Winters,Sebastian Valdez,4500,10
Dee Winters,Tatum Bethune,4500,25
Dee Winters,Trevis Gipson,4500,8
DeeJay Dallas,Andre Baccellia,3800,2
DeeJay Dallas,Bryson Green,3800,13
DeeJay Dallas,Clayton Tune,3800,13
DeeJay Dallas,Hayden Conner,3800,3
DeeJay Dallas,Jake Curhan,3800,13
DeeJay Dallas,Jeremiah Byers,3800,13
DeeJay Dallas,Josiah Deguara,3800,8
DeeJay Dallas,McClendon Curtis,3800,13
DeeJay Dallas,Nate McCollum,3800,11
DeeJay Dallas,Oscar Cardenas,3800,8
DeeJay Dallas,Royce Newman,3800,10
DeeJay Dallas,Sincere Haynesworth,3800,13
DeeJay Dallas,Tejhaun Palmer,3800,9
DeeJay Dallas,Travis Vokolek,3800,1
Deebo Samuel Sr.,Andrew Wylie,5110,4
Deebo Samuel Sr.,Ben Sinnott,5110,1
Deebo Samuel Sr.,Chris Paul,5110,4
Deebo Samuel Sr.,Chris Rodriguez Jr.,5110,4
Deebo Samuel Sr.,Jayden Daniels,5110,4
Deebo Samuel Sr.,Jaylin Lane,5110,3
Deebo Samuel Sr.,John Bates,5110,4
Deebo Samuel Sr.,Josh Conerly Jr.,5110,4
Deebo Samuel Sr.,Luke McCaffrey,5110,4
Deebo Samuel Sr.,Nick Allegretti,5110,4
Deebo Samuel Sr.,Tyler Biadasz,5110,4
Deion Hankins,Austin Reed,0810,1
Deion Hankins,Braxton Jones,0810,11
Deion Hankins,Caleb Williams,0810,11
Deion Hankins,Case Keenum,0810,14
Deion Hankins,Chris Glaser,0810,14
Deion Hankins,Cole Kmet,0810,9
Deion Hankins,Colston Loveland,0810,7
Deion Hankins,DJ Moore,0810,11
Deion Hankins,Darnell Wright,0810,11
Deion Hankins,Drew Dalman,0810,11
Deion Hankins,JP Richardson,0810,12
Deion Hankins,Jahdae Walker,0810,7
Deion Hankins,Joel Wilson,0810,14
Deion Hankins,John Jackson,0810,1
Deion Hankins,Jonah Jackson,0810,11
Deion Hankins,Jordan McFadden,0810,12
Deion Hankins,Joshua Miles,0810,15
Deion Hankins,Luke Newman,0810,15
Deion Hankins,Maurice Alexander,0810,4
Deion Hankins,Olamide Zaccheaus,0810,6
Deion Hankins,Ozzy Trapilo,0810,12
Deion Hankins,Ricky Stromberg,0810,15
Deion Hankins,Rome Odunze,0810,11
Deion Hankins,Samori Toure,0810,11
Deion Hankins,Stephen Carlson,0810,6
Deion Hankins,Theo Benedet,0810,3
Deion Hankins,Tyler Scott,0810,5
Deion Jones,Adam Gotsis,4900,21
Deion Jones,Anthony Nelson,4900,14
Deion Jones,Antonio Grier Jr.,4900,4
Deion Jones,Bryce Hall,4900,22
Deion Jones,C.J. Brewer,4900,27
Deion Jones,Calijah Kancey,4900,7
Deion Jones,Chris Braswell,4900,55
Deion Jones,Christian Izien,4900,32
Deion Jones,Dvon J-Thomas,4900,16
Deion Jones,Elijah Roberts,4900,31
Deion Jones,Eric Banks,4900,21
Deion Jones,Greg Gaines,4900,24
Deion Jones,Haason Reddick,4900,7
Deion Jones,JJ Roberts,4900,4
Deion Jones,Jacob Parrish,4900,38
Deion Jones,Jamel Dean,4900,7
Deion Jones,John Bullock,4900,20
Deion Jones,Jose Ramirez,4900,26
Deion Jones,Josh Hayes,4900,17
Deion Jones,Kaevon Merriweather,4900,74
Deion Jones,Kindle Vildor,4900,47
Deion Jones,Logan Hall,4900,2
Deion Jones,Markees Watts,4900,54
Deion Jones,Mike Greene,4900,33
Deion Jones,Nash Hutmacher,4900,16
Deion Jones,Nick Jackson,4900,40
Deion Jones,Rashad Wisdom,4900,53
Deion Jones,Roman Parodie,4900,23
Deion Jones,Shilo Sanders,4900,12
Deion Jones,SirVocea Dennis,4900,21
Deion Jones,Tre Avery,4900,23
Deion Jones,Tykee Smith,4900,7
Deion Jones,Vita Vea,4900,7
Deion Jones,Warren Peeples,4900,7
Deion Jones,Will Brooks,4900,24
Deion Jones,Yaya Diaby,4900,7
Deion Jones,Zyon McCollum,4900,7
Del'Shawn Phillips,Caleb Murphy,4400,8
Del'Shawn Phillips,Cam Hart,4400,6
Del'Shawn Phillips,Christopher Hinton,4400,6
Del'Shawn Phillips,Emany Johnson,4400,3
Del'Shawn Phillips,Garmon Randolph,4400,6
Del'Shawn Phillips,Ja'Sir Taylor,4400,9
Del'Shawn Phillips,Jamaree Caldwell,4400,3
Del'Shawn Phillips,Justin Eboigbe,4400,10
Del'Shawn Phillips,Kendall Williamson,4400,11
Del'Shawn Phillips,Kylan Guidry,4400,5
Del'Shawn Phillips,Kyle Kennard,4400,8
Del'Shawn Phillips,Marlowe Wax,4400,14
Del'Shawn Phillips,Myles Purchase,4400,5
Del'Shawn Phillips,Naquan Jones,4400,9
Del'Shawn Phillips,Nesta Jade Silvera,4400,8
Del'Shawn Phillips,Nikko Reed,4400,13
Del'Shawn Phillips,R.J. Mickens,4400,17
Del'Shawn Phillips,TeRah Edwards,4400,5
Del'Shawn Phillips,Tony Jefferson,4400,6
Del'Shawn Phillips,Tre'Mon Morris-Brash,4400,7
Del'Shawn Phillips,Trikweze Bridges,4400,11
Delarrin Turner-Yell,Andrew Farmer,1400,34
Delarrin Turner-Yell,Eyioma Uwazurike,1400,8
Delarrin Turner-Yell,Garret Wallow,1400,18
Delarrin Turner-Yell,Garrett Nelson,1400,36
Delarrin Turner-Yell,J.B. Brown,1400,7
Delarrin Turner-Yell,Jaden Robinson,1400,42
Delarrin Turner-Yell,Jordan Jackson,1400,8
Delarrin Turner-Yell,Jordan Miller,1400,14
Delarrin Turner-Yell,Jordan Turner,1400,34
Delarrin Turner-Yell,Joshua Pickett,1400,31
Delarrin Turner-Yell,Karene Reid,1400,23
Delarrin Turner-Yell,Kris Abrams-Draine,1400,4
Delarrin Turner-Yell,Kristian Williams,1400,16
Delarrin Turner-Yell,Micah Abraham,1400,27
Delarrin Turner-Yell,Michael Dwumfour,1400,14
Delarrin Turner-Yell,Que Robinson,1400,14
Delarrin Turner-Yell,Quinton Newsome,1400,19
Delarrin Turner-Yell,Sai'vion Jones,1400,29
Delarrin Turner-Yell,Sam Franklin Jr.,1400,42
Dell Pettus,Alex Austin,3200,8
Dell Pettus,Anfernee Jennings,3200,15
Dell Pettus,Bradyn Swinson,3200,54
Dell Pettus,Brandon Crossley,3200,59
Dell Pettus,Bryce Ganious,3200,4
Dell Pettus,Cam Riley,3200,25
Dell Pettus,Craig Woodson,3200,11
Dell Pettus,DJ James,3200,1
Dell Pettus,David Olajiga,3200,22
Dell Pettus,Elijah Ponder,3200,42
Dell Pettus,Isaiah Bolden,3200,23
Dell Pettus,Isaiah Iton,3200,12
Dell Pettus,Jabrill Peppers,3200,4
Dell Pettus,Jack Gibbens,3200,11
Dell Pettus,Jahvaree Ritzie,3200,37
Dell Pettus,Jeremiah Pharms Jr.,3200,37
Dell Pettus,Jordan Polk,3200,52
Dell Pettus,Josh Minkins,3200,10
Dell Pettus,Joshua Farmer,3200,9
Dell Pettus,K'Lavon Chaisson,3200,1
Dell Pettus,Keion White,3200,6
Dell Pettus,Kobee Minor,3200,43
Dell Pettus,Kyle Dugger,3200,45
Dell Pettus,Kyle Peko,3200,33
Dell Pettus,Marcus Epps,3200,53
Dell Pettus,Marte Mapu,3200,10
Dell Pettus,Miles Battle,3200,12
Dell Pettus,Monty Rice,3200,61
Dell Pettus,Philip Blidi,3200,13
Dell Pettus,R.J. Moten,3200,29
Dell Pettus,Tre Avery,3200,24
Dell Pettus,Truman Jones,3200,44
Demani Richardson,Akayleb Evans,0750,44
Demani Richardson,Bam Martin-Scott,0750,30
Demani Richardson,Bobby Brown III,0750,28
Demani Richardson,Cam Jackson,0750,17
Demani Richardson,Carlos Basham,0750,29
Demani Richardson,Chau Smith-Wade,0750,2
Demani Richardson,Christian Rozeboom,0750,2
Demani Richardson,Claudin Cherelus,0750,14
Demani Richardson,Corey Thornton,0750,64
Demani Richardson,D.J. Wonnum,0750,2
Demani Richardson,DJ Johnson,0750,15
Demani Richardson,Isaac Gifford,0750,5
Demani Richardson,J.J. Weaver,0750,8
Demani Richardson,Jacoby Windmon,0750,37
Demani Richardson,Jaden Crumedy,0750,46
Demani Richardson,Jared Harrison-Hunte,0750,28
Demani Richardson,Jon Rhattigan,0750,35
Demani Richardson,Krys Barnes,0750,50
Demani Richardson,Lathan Ransom,0750,64
Demani Richardson,Mello Dotson,0750,1
Demani Richardson,Michael Reid,0750,38
Demani Richardson,Mike Jackson,0750,2
Demani Richardson,Nic Scourton,0750,14
Demani Richardson,Nick Scott,0750,34
Demani Richardson,Patrick Jones II,0750,2
Demani Richardson,Princely Umanmielen,0750,62
Demani Richardson,Sam Roberts,0750,49
Demani Richardson,Shemar Bartholomew,0750,60
Demani Richardson,Shy Tuttle,0750,35
Demani Richardson,Tershawn Wharton,0750,2
Demani Richardson,Thomas Incoom,0750,52
Demani Richardson,Tre Swilling,0750,26
Demani Richardson,Tre'von Moehrig,0750,2
Demani Richardson,Trevian Thomas,0750,11
Demarcus Robinson,Austen Pleasants,4500,55
Demarcus Robinson,Ben Bartch,4500,12
Demarcus Robinson,Brayden Willis,4500,33
Demarcus Robinson,Brock Purdy,4500,9
Demarcus Robinson,Carter Bradley,4500,17
Demarcus Robinson,Colton McKivitz,4500,9
Demarcus Robinson,Connor Colby,4500,46
Demarcus Robinson,Corey Kiner,4500,8
Demarcus Robinson,Dominick Puni,4500,9
Demarcus Robinson,Drake Nugent,4500,8
Demarcus Robinson,Drew Moss,4500,6
Demarcus Robinson,George Kittle,4500,9
Demarcus Robinson,Isaac Alarcon,4500,8
Demarcus Robinson,Isaac Guerendo,4500,18
Demarcus Robinson,Isaiah Hodgins,4500,6
Demarcus Robinson,Jake Brendel,4500,9
Demarcus Robinson,Jake Tonges,4500,20
Demarcus Robinson,Jeff Wilson,4500,7
Demarcus Robinson,Jordan Watkins,4500,15
Demarcus Robinson,Ke'Shawn Vaughn,4500,9
Demarcus Robinson,Kyle Juszczyk,4500,4
Demarcus Robinson,Luke Farrell,4500,34
Demarcus Robinson,Mac Jones,4500,28
Demarcus Robinson,Malik Turner,4500,7
Demarcus Robinson,Matt Hennessy,4500,47
Demarcus Robinson,Nick Zakelj,4500,55
Demarcus Robinson,Patrick Taylor,4500,22
Demarcus Robinson,Ricky Pearsall,4500,9
Demarcus Robinson,Robbie Chosen,4500,17
Demarcus Robinson,Russell Gage,4500,26
Demarcus Robinson,Skyy Moore,4500,12
Demarcus Robinson,Spencer Burford,4500,56
Demarcus Robinson,Tanner Mordecai,4500,10
Demario Davis,Bryan Bresee,3300,17
Demario Davis,Cameron Jordan,3300,12
Demario Davis,Carl Granderson,3300,12
Demario Davis,Chase Young,3300,11
Demario Davis,Chris Rumph II,3300,5
Demario Davis,Davon Godchaux,3300,11
Demario Davis,Isaac Yiadom,3300,19
Demario Davis,Jonathan Bullard,3300,3
Demario Davis,Jordan Howden,3300,2
Demario Davis,Julian Blackmon,3300,19
Demario Davis,Justin Reid,3300,18
Demario Davis,Kool-Aid McKinstry,3300,19
Demario Davis,Nathan Shepherd,3300,12
Demario Davis,Pete Werner,3300,14
Demario Davis,Ugo Amadi,3300,16
Demetric Felton,Bobby Hart,5110,20
Demetric Felton,Braylon Sanders,5110,11
Demetric Felton,Chris Paul,5110,10
Demetric Felton,Cole Turner,5110,19
Demetric Felton,Colson Yankoff,5110,5
Demetric Felton,Foster Sarell,5110,33
Demetric Felton,George Fant,5110,10
Demetric Felton,Ja'Corey Brooks,5110,26
Demetric Felton,Jacoby Jones,5110,17
Demetric Felton,Josh Johnson,5110,31
Demetric Felton,Julian Good-Jones,5110,13
Demetric Felton,K.J. Osborn,5110,9
Demetric Felton,Lawrence Cager,5110,17
Demetric Felton,Lucas Niang,5110,5
Demetric Felton,Michael Deiter,5110,26
Demetric Felton,Michael Gallup,5110,19
Demetric Felton,Mike Strachan,5110,2
Demetric Felton,Nick Harris,5110,7
Demetric Felton,Noah Brown,5110,2
Demetric Felton,River Cracraft,5110,1
Demetric Felton,Sam Hartman,5110,2
Demetric Felton,Tay Martin,5110,4
Demetric Felton,Timothy McKay,5110,10
Demetric Felton,Trent Scott,5110,4
Demetric Felton,Tyre Phillips,5110,27
Demetrius Knight Jr.,Cam Taylor-Britt,0920,7
Demetrius Knight Jr.,DJ Turner II,0920,14
Demetrius Knight Jr.,Daijahn Anthony,0920,13
Demetrius Knight Jr.,Daxton Hill,0920,7
Demetrius Knight Jr.,Geno Stone,0920,4
Demetrius Knight Jr.,Jalen Davis,0920,8
Demetrius Knight Jr.,Jordan Battle,0920,21
Demetrius Knight Jr.,Joseph Ossai,0920,21
Demetrius Knight Jr.,Josh Newton,0920,20
Demetrius Knight Jr.,Kris Jenkins,0920,21
Demetrius Knight Jr.,Logan Wilson,0920,21
Demetrius Knight Jr.,Myles Murphy,0920,14
Demetrius Knight Jr.,Oren Burks,0920,7
Demetrius Knight Jr.,Shemar Stewart,0920,8
Demetrius Knight Jr.,Tedarrell Slaton,0920,20
Demetrius Knight Jr.,Tycen Anderson,0920,4
Demone Harris,Bruce Hector,4500,11
Demone Harris,Chase Lucas,4500,13
Demone Harris,Chazz Surratt,4500,17
Demone Harris,Curtis Robinson,4500,4
Demone Harris,Darrell Luter Jr.,4500,4
Demone Harris,Derrick Canteen,4500,17
Demone Harris,Evan Anderson,4500,6
Demone Harris,Jakob Robinson,4500,13
Demone Harris,Jalen Graham,4500,9
Demone Harris,Jaylen Mahoney,4500,17
Demone Harris,Jaylon Allen,4500,5
Demone Harris,Nick Martin,4500,8
Demone Harris,Sebastian Valdez,4500,10
Demone Harris,Shakel Brown,4500,7
Demone Harris,Siran Neal,4500,17
Demone Harris,Trevis Gipson,4500,8
Demone Harris,Will Bradley-King,4500,4
Demontrey Jacobs,Alec Lindstrom,3200,62
Demontrey Jacobs,Antonio Gibson,3200,11
Demontrey Jacobs,Ben Brown,3200,23
Demontrey Jacobs,Ben Wooldridge,3200,94
Demontrey Jacobs,CJ Dippre,3200,51
Demontrey Jacobs,Caedan Wallace,3200,55
Demontrey Jacobs,Cole Fotheringham,3200,50
Demontrey Jacobs,Cole Strange,3200,68
Demontrey Jacobs,Efton Chism III,3200,38
Demontrey Jacobs,Garrett Bradbury,3200,7
Demontrey Jacobs,Gee Scott Jr.,3200,44
Demontrey Jacobs,Ja'Lynn Polk,3200,14
Demontrey Jacobs,JaMycal Hasty,3200,44
Demontrey Jacobs,Jack Conley,3200,68
Demontrey Jacobs,Jack Westover,3200,33
Demontrey Jacobs,Jaheim Bell,3200,22
Demontrey Jacobs,Jared Wilson,3200,16
Demontrey Jacobs,Javon Baker,3200,70
Demontrey Jacobs,Jeremiah Webb,3200,69
Demontrey Jacobs,John Jiles,3200,75
Demontrey Jacobs,Joshua Dobbs,3200,36
Demontrey Jacobs,Kyle Williams,3200,21
Demontrey Jacobs,Lan Larison,3200,20
Demontrey Jacobs,Layden Robinson,3200,30
Demontrey Jacobs,Marcus Bryant,3200,23
Demontrey Jacobs,Mehki Butler,3200,46
Demontrey Jacobs,Micah Bernard,3200,8
Demontrey Jacobs,Phil Lutz,3200,33
Demontrey Jacobs,Rhamondre Stevenson,3200,2
Demontrey Jacobs,Shane Watts,3200,35
Demontrey Jacobs,Sidy Sow,3200,39
Demontrey Jacobs,Terrell Jennings,3200,10
Demontrey Jacobs,Tyrese Robinson,3200,44
Demontrey Jacobs,Vederian Lowe,3200,39
Dennis Gardeck,BJ Green II,2250,5
Dennis Gardeck,Branson Combs,2250,4
Dennis Gardeck,Cam'Ron Silmon-Craig,2250,6
Dennis Gardeck,Chad Muma,2250,6
Dennis Gardeck,Danny Striggow,2250,4
Dennis Gardeck,Deantre Prince,2250,6
Dennis Gardeck,Doneiko Slaughter,2250,3
Dennis Gardeck,Jabbar Muhammad,2250,6
Dennis Gardeck,Jack Kiser,2250,2
Dennis Gardeck,Jordan Jefferson,2250,3
Dennis Gardeck,Maason Smith,2250,3
Dennis Gardeck,Rayuan Lane III,2250,6
Dennis Gardeck,Tyler Lacy,2250,6
Dennis Houston,Benjamin Chukwuma,4900,4
Dennis Houston,Charlie Heck,4900,1
Dennis Houston,Devin Culp,4900,2
Dennis Houston,Elijah Klein,4900,5
Dennis Houston,Emeka Egbuka,4900,1
Dennis Houston,Ko Kieft,4900,1
Dennis Houston,Kyle Trask,4900,5
Dennis Houston,Luke Haggard,4900,5
Dennis Houston,Mike Jordan,4900,5
Dennis Houston,Payne Durham,4900,4
Dennis Houston,Rachaad White,4900,1
Dennis Houston,Raiqwon O'Neal,4900,5
Dennis Houston,Rakim Jarrett,4900,3
Dennis Houston,Ryan Miller,4900,4
Dennis Houston,Sean Tucker,4900,4
Denzel Burke,Akeem Davis-Gaither,3800,16
Denzel Burke,Anthony Goodlow,3800,43
Denzel Burke,Benton Whitley,3800,34
Denzel Burke,Cody Simon,3800,74
Denzel Burke,Dadrion Taylor-Demerson,3800,21
Denzel Burke,Darren Hall,3800,33
Denzel Burke,Elijah Simmons,3800,29
Denzel Burke,Elliott Brown,3800,41
Denzel Burke,Jammie Robinson,3800,24
Denzel Burke,Jaylon Jones,3800,56
Denzel Burke,Joey Blount,3800,45
Denzel Burke,Jordan Burch,3800,35
Denzel Burke,Kei'Trel Clark,3800,58
Denzel Burke,Kitan Crawford,3800,68
Denzel Burke,Kyon Barrs,3800,37
Denzel Burke,L.J. Collier,3800,24
Denzel Burke,Mykal Walker,3800,35
Denzel Burke,Owen Pappoe,3800,33
Denzel Burke,PJ Mustipher,3800,36
Denzel Burke,Patrick Jenkins,3800,28
Denzel Burke,Will Johnson,3800,27
Denzel Burke,Xavier Thomas,3800,53
Denzel Daxon,Alijah Clark,1200,20
Denzel Daxon,Andrew Booth,1200,11
Denzel Daxon,Bruce Harmon,1200,8
Denzel Daxon,Buddy Johnson,1200,6
Denzel Daxon,Christian Matthew,1200,16
Denzel Daxon,Darius Harris,1200,48
Denzel Daxon,Earnest Brown IV,1200,19
Denzel Daxon,Israel Mukuamu,1200,45
Denzel Daxon,James Houston,1200,31
Denzel Daxon,Jay Toia,1200,12
Denzel Daxon,Justin Barron,1200,33
Denzel Daxon,Kemon Hall,1200,6
Denzel Daxon,Michael Ojemudia,1200,22
Denzel Daxon,Mike Smith Jr.,1200,49
Denzel Daxon,Payton Turner,1200,3
Denzel Daxon,Perrion Winfrey,1200,14
Denzel Daxon,Robert Rochell,1200,9
Denzel Daxon,Shemar James,1200,30
Denzel Daxon,Tommy Akingbesote,1200,31
Denzel Daxon,Troy Pride,1200,26
Denzel Daxon,Tyrus Wheat,1200,43
Denzel Daxon,Zion Childress,1200,28
Denzel Perryman,Alohi Gilman,4400,8
Denzel Perryman,Benjamin St-Juste,4400,9
Denzel Perryman,Bud Dupree,4400,6
Denzel Perryman,Caleb Murphy,4400,3
Denzel Perryman,Da'Shawn Hand,4400,3
Denzel Perryman,Daiyan Henley,4400,9
Denzel Perryman,Donte Jackson,4400,9
Denzel Perryman,Elijah Molden,4400,9
Denzel Perryman,Naquan Jones,4400,3
Denzel Perryman,Otito Ogbonnia,4400,6
Denzel Perryman,Tarheeb Still,4400,9
Denzel Perryman,Teair Tart,4400,6
Denzel Perryman,Tony Jefferson,4400,1
Denzel Perryman,Tre'Mon Morris-Brash,4400,3
Denzel Perryman,Tuli Tuipulotu,4400,6
Deommodore Lenoir,Alfred Collins,4500,8
Deommodore Lenoir,Bryce Huff,4500,13
Deommodore Lenoir,Chase Lucas,4500,10
Deommodore Lenoir,Dallis Flowers,4500,13
Deommodore Lenoir,Dee Winters,4500,13
Deommodore Lenoir,Evan Anderson,4500,6
Deommodore Lenoir,Ji'Ayir Brown,4500,13
Deommodore Lenoir,Jonathan Garvin,4500,7
Deommodore Lenoir,Kalia Davis,4500,7
Deommodore Lenoir,Luke Gifford,4500,3
Deommodore Lenoir,Marques Sigle,4500,13
Deommodore Lenoir,Sebastian Valdez,4500,5
Deommodore Lenoir,Tatum Bethune,4500,13
Deommodore Lenoir,Trevis Gipson,4500,6
Deon Bush,Ashton Gillotte,2310,3
Deon Bush,Christian Roland-Wallace,2310,3
Deon Bush,Cole Christiansen,2310,3
Deon Bush,Felix Anudike-Uzomah,2310,3
Deon Bush,Jeffrey Bassa,2310,3
Deon Bush,Jerry Tillery,2310,3
Deon Bush,Malik Herring,2310,3
Deon Bush,Mike Edwards,2310,3
Deon Bush,Nazeeh Johnson,2310,3
Deon Bush,Nohl Williams,2310,3
Deon Cain,Chase Lundt,0610,41
Deon Cain,Dan Feeney,0610,12
Deon Cain,Darrynton Evans,0610,4
Deon Cain,Elijah Moore,0610,1
Deon Cain,Elijah Young,0610,9
Deon Cain,Frank Gore Jr.,0610,28
Deon Cain,Jackson Hawes,0610,3
Deon Cain,Jacob Bayer,0610,32
Deon Cain,Jalen Virgil,0610,11
Deon Cain,KJ Hamler,0610,15
Deon Cain,Kaden Prather,0610,2
Deon Cain,Keleki Latu,0610,19
Deon Cain,Kendrick Green,0610,9
Deon Cain,Kristian Wilkerson,0610,17
Deon Cain,Laviska Shenault Jr.,0610,7
Deon Cain,Matt Sokol,0610,18
Deon Cain,Mike Edwards,0610,34
Deon Cain,Richard Gouraige,0610,41
Deon Cain,Rush Reimer,0610,15
Deon Cain,Ryan Van Demark,0610,4
Deon Cain,Shane Buechele,0610,41
Deon Cain,Stephen Gosnell,0610,15
Deon Cain,Travis Clayton,0610,17
Deon Cain,Tyrell Shavers,0610,3
Deon Cain,Zach Davidson,0610,12
Deon Jackson,Dominic Lovett,1540,7
Deon Jackson,Giovanni Manu,1540,12
Deon Jackson,Gunnar Oakes,1540,1
Deon Jackson,Gunner Britton,1540,12
Deon Jackson,Hendon Hooker,1540,12
Deon Jackson,Jackson Meeks,1540,9
Deon Jackson,Jakobie Keeney-James,1540,3
Deon Jackson,Malik Taylor,1540,6
Deon Jackson,Mason Miller,1540,12
Deon Jackson,Michael Niese,1540,12
Deon Jackson,Ronnie Bell,1540,6
Deon Jackson,Steven Stilianos,1540,5
Deon Jackson,Zach Horton,1540,11
Deon Jackson,Zack Johnson,1540,12
Deone Walker,A.J. Epenesa,0610,20
Deone Walker,Brandon Codrington,0610,25
Deone Walker,Cam Lewis,0610,1
Deone Walker,Cole Bishop,0610,13
Deone Walker,Daequan Hardy,0610,25
Deone Walker,Damar Hamlin,0610,23
Deone Walker,Dane Jackson,0610,52
Deone Walker,Darrick Forrest,0610,27
Deone Walker,DeWayne Carter,0610,1
Deone Walker,Dorian Strong,0610,46
Deone Walker,Dorian Williams,0610,37
Deone Walker,Edefuan Ulofoshio,0610,12
Deone Walker,Ja'Marcus Ingram,0610,20
Deone Walker,Javon Solomon,0610,30
Deone Walker,Jimmy Ciarlo,0610,8
Deone Walker,Joe Andreessen,0610,53
Deone Walker,Jordan Hancock,0610,34
Deone Walker,Keonta Jenkins,0610,15
Deone Walker,Landon Jackson,0610,45
Deone Walker,Larry Ogunjobi,0610,4
Deone Walker,Marcus Harris,0610,3
Deone Walker,Michael Hoecht,0610,24
Deone Walker,Paris Shand,0610,5
Deone Walker,T.J. Sanders,0610,54
Deone Walker,Te'Cory Couch,0610,15
Deone Walker,Tre Herndon,0610,25
Deone Walker,Wande Owens,0610,3
Deonte Banks,Abdul Carter,3410,6
Deonte Banks,Andru Phillips,3410,3
Deonte Banks,Bobby Okereke,3410,8
Deonte Banks,Brian Burns,3410,5
Deonte Banks,Chris Board,3410,12
Deonte Banks,Cory Durden,3410,9
Deonte Banks,Dane Belton,3410,13
Deonte Banks,Darius Alexander,3410,6
Deonte Banks,Darius Muasau,3410,12
Deonte Banks,Elijah Chatman,3410,11
Deonte Banks,Elijah Garcia,3410,4
Deonte Banks,Jeremiah Ledbetter,3410,6
Deonte Banks,Jevon Holland,3410,8
Deonte Banks,Kayvon Thibodeaux,3410,6
Deonte Banks,Micah McFadden,3410,7
Deonte Banks,Nic Jones,3410,9
Deonte Banks,O'Donnell Fortune,3410,12
Deonte Banks,Paulson Adebo,3410,8
Deonte Banks,Raheem Layne,3410,12
Deonte Banks,Rakeem Nunez-Roches,3410,7
Deonte Banks,Roy Robertson-Harris,3410,8
Deonte Banks,Tomon Fox,3410,8
Deonte Banks,Trace Ford,3410,12
Deonte Banks,Tyler Nubin,3410,8
Dequan Jackson,Alex Huntley,2700,23
Dequan Jackson,BJ Adams,2700,22
Dequan Jackson,Ben Stille,2700,23
Dequan Jackson,Cam Smith,2700,14
Dequan Jackson,Cameron Dantzler,2700,13
Dequan Jackson,Cameron Goode,2700,36
Dequan Jackson,Channing Tindall,2700,47
Dequan Jackson,Cornell Armstrong,2700,21
Dequan Jackson,Derrick McLendon,2700,39
Dequan Jackson,Ethan Robinson,2700,11
Dequan Jackson,Eugene Asante,2700,3
Dequan Jackson,Grayson Murphy,2700,34
Dequan Jackson,Ifeatu Melifonwu,2700,3
Dequan Jackson,Isaiah Johnson,2700,41
Dequan Jackson,Jack Jones,2700,16
Dequan Jackson,Jason Marshall Jr.,2700,19
Dequan Jackson,John Saunders Jr.,2700,49
Dequan Jackson,Jordan Colbert,2700,45
Dequan Jackson,Jordan Phillips,2700,21
Dequan Jackson,Kendall Sheffield,2700,3
Dequan Jackson,Kenneth Grant,2700,1
Dequan Jackson,Matt Dickerson,2700,30
Dequan Jackson,Matthew Butler,2700,10
Dequan Jackson,Mike Hilton,2700,1
Dequan Jackson,Mohamed Kamara,2700,5
Dequan Jackson,Patrick McMorris,2700,23
Dequan Jackson,Quinton Bell,2700,6
Dequan Jackson,Storm Duck,2700,3
Dequan Jackson,Zeek Biggers,2700,38
Derek Barnett,Arthur Maulet,2120,9
Derek Barnett,Christian Harris,2120,7
Derek Barnett,D'Angelo Ross,2120,10
Derek Barnett,Damon Arnette,2120,1
Derek Barnett,Darrell Taylor,2120,11
Derek Barnett,E.J. Speed,2120,6
Derek Barnett,Foley Fatukasi,2120,9
Derek Barnett,Jake Hansen,2120,7
Derek Barnett,Jalen Mills,2120,1
Derek Barnett,Jaylin Smith,2120,10
Derek Barnett,M.J. Stewart,2120,11
Derek Barnett,Nick Niemann,2120,4
Derek Barnett,Russ Yeast,2120,10
Derek Barnett,Tim Settle,2120,11
Derek Barnett,Tommy Togiai,2120,2
Derek Barnett,Tremon Smith,2120,1
Derek Stingley Jr.,Azeez Al-Shaair,2120,10
Derek Stingley Jr.,Calen Bullock,2120,10
Derek Stingley Jr.,Danielle Hunter,2120,8
Derek Stingley Jr.,Darrell Taylor,2120,2
Derek Stingley Jr.,Dylan Horton,2120,2
Derek Stingley Jr.,E.J. Speed,2120,4
Derek Stingley Jr.,Henry To'oTo'o,2120,8
Derek Stingley Jr.,Jalen Pitre,2120,10
Derek Stingley Jr.,Kamari Lassiter,2120,10
Derek Stingley Jr.,M.J. Stewart,2120,8
Derek Stingley Jr.,Mario Edwards,2120,3
Derek Stingley Jr.,Sheldon Rankins,2120,8
Derek Stingley Jr.,Tim Settle,2120,7
Derek Stingley Jr.,Tommy Togiai,2120,2
Derek Stingley Jr.,Will Anderson Jr.,2120,8
Derick Hall,Boye Mafe,4600,10
Derick Hall,Brandon Pili,4600,3
Derick Hall,Byron Murphy II,4600,10
Derick Hall,Coby Bryant,4600,10
Derick Hall,Devon Witherspoon,4600,10
Derick Hall,Ernest Jones,4600,10
Derick Hall,Josh Jobe,4600,4
Derick Hall,Julian Love,4600,10
Derick Hall,Mike Morris,4600,4
Derick Hall,Nick Emmanwori,4600,6
Derick Hall,Patrick O'Connell,4600,9
Derick Hall,Quinton Bohanna,4600,4
Derick Hall,Riq Woolen,4600,10
Derion Kendrick,A.J. Green,2510,41
Derion Kendrick,Bill Norton,2510,47
Derion Kendrick,Brennan Jackson,2510,65
Derion Kendrick,Cam Lampkin,2510,59
Derion Kendrick,Charles Woods,2510,36
Derion Kendrick,Da'Jon Terry,2510,38
Derion Kendrick,Decarius Hawthorne,2510,35
Derion Kendrick,Desjuan Johnson,2510,68
Derion Kendrick,Elias Neal,2510,52
Derion Kendrick,Jack Heflin,2510,59
Derion Kendrick,Jamil Muhammad,2510,38
Derion Kendrick,Josaiah Stewart,2510,8
Derion Kendrick,Josh Pearcy,2510,24
Derion Kendrick,Josh Wallace,2510,18
Derion Kendrick,Keir Thomas,2510,19
Derion Kendrick,Larrell Murchison,2510,19
Derion Kendrick,Malik Dixon-Williams,2510,70
Derion Kendrick,Nate Valcarcel,2510,65
Derion Kendrick,Nick Hampton,2510,22
Derion Kendrick,Pooh Paul Jr.,2510,64
Derion Kendrick,Shaun Dolac,2510,46
Derion Kendrick,Shaun Jolly,2510,69
Derion Kendrick,Tanner Ingle,2510,74
Derion Kendrick,Tony Fields II,2510,55
Derion Kendrick,Ty Hamilton,2510,19
Derius Davis,Andre James,4400,6
Derius Davis,Branson Taylor,4400,10
Derius Davis,Brenden Rice,4400,1
Derius Davis,Corey Stewart,4400,20
Derius Davis,David Sharpe,4400,11
Derius Davis,Hassan Haskins,4400,4
Derius Davis,JaQuae Jackson,4400,3
Derius Davis,Jalen Reagor,4400,9
Derius Davis,Jamaree Salyer,4400,7
Derius Davis,Jaret Patterson,4400,3
Derius Davis,Josh Kaltenberger,4400,11
Derius Davis,Karsen Barnhart,4400,20
Derius Davis,KeAndre Lambert-Smith,4400,18
Derius Davis,Kimani Vidal,4400,4
Derius Davis,Nash Jones,4400,11
Derius Davis,Nyheim Hines,4400,6
Derius Davis,Omarion Hampton,4400,2
Derius Davis,Oronde Gadsden II,4400,21
Derius Davis,Raheim Sanders,4400,5
Derius Davis,Ryan Nelson,4400,10
Derius Davis,Stevo Klotz,4400,2
Derius Davis,Tre Harris,4400,13
Derius Davis,Trey Lance,4400,24
Derius Davis,Trey Pipkins,4400,7
Derius Davis,Tucker Fisk,4400,4
Derius Davis,Will Dissly,4400,1
Derius Davis,Zion Johnson,4400,7
Derrick Brown,A'Shawn Robinson,0750,1
Derrick Brown,Chau Smith-Wade,0750,2
Derrick Brown,Christian Rozeboom,0750,3
Derrick Brown,D.J. Wonnum,0750,3
Derrick Brown,Mike Jackson,0750,3
Derrick Brown,Nick Scott,0750,3
Derrick Brown,Patrick Jones II,0750,3
Derrick Brown,Shemar Bartholomew,0750,3
Derrick Brown,Tershawn Wharton,0750,3
Derrick Brown,Tre'von Moehrig,0750,3
Derrick Brown,Trevin Wallace,0750,3
Derrick Canteen,Alfred Collins,4500,34
Derrick Canteen,Bradlee Anae,4500,42
Derrick Canteen,Bruce Hector,4500,74
Derrick Canteen,CJ West,4500,20
Derrick Canteen,Chase Lucas,4500,99
Derrick Canteen,Chazz Surratt,4500,47
Derrick Canteen,Curtis Robinson,4500,22
Derrick Canteen,Dallis Flowers,4500,49
Derrick Canteen,Darrell Luter Jr.,4500,59
Derrick Canteen,Demone Harris,4500,17
Derrick Canteen,Evan Anderson,4500,19
Derrick Canteen,Jakob Robinson,4500,81
Derrick Canteen,Jalen Graham,4500,79
Derrick Canteen,Jaylen Mahoney,4500,100
Derrick Canteen,Jaylon Allen,4500,67
Derrick Canteen,Ji'Ayir Brown,4500,21
Derrick Canteen,Jonathan Garvin,4500,38
Derrick Canteen,Jordan Elliott,4500,9
Derrick Canteen,Kalia Davis,4500,10
Derrick Canteen,Luke Gifford,4500,10
Derrick Canteen,Marques Sigle,4500,41
Derrick Canteen,Michael Dwumfour,4500,22
Derrick Canteen,Nick Martin,4500,92
Derrick Canteen,Renardo Green,4500,7
Derrick Canteen,Robert Beal Jr.,4500,42
Derrick Canteen,Sam Okuayinonu,4500,8
Derrick Canteen,Sebastian Valdez,4500,61
Derrick Canteen,Shakel Brown,4500,33
Derrick Canteen,Siran Neal,4500,60
Derrick Canteen,Stone Blanton,4500,36
Derrick Canteen,Tatum Bethune,4500,24
Derrick Canteen,Tre Brown,4500,19
Derrick Canteen,Trevis Gipson,4500,33
Derrick Canteen,Will Bradley-King,4500,35
Derrick Harmon,Beanie Bishop Jr.,3900,19
Derrick Harmon,Brandin Echols,3900,48
Derrick Harmon,Cameron McCutcheon,3900,12
Derrick Harmon,Chuck Clark,3900,57
Derrick Harmon,Cole Holcomb,3900,43
Derrick Harmon,D'Shawn Jamison,3900,3
Derrick Harmon,Daniel Ekuale,3900,16
Derrick Harmon,Darius Slay,3900,4
Derrick Harmon,Daryl Porter,3900,17
Derrick Harmon,DeMarvin Leal,3900,40
Derrick Harmon,DeShon Elliott,3900,4
Derrick Harmon,Eku Leota,3900,22
Derrick Harmon,Isaiahh Loudermilk,3900,38
Derrick Harmon,Jack Sawyer,3900,41
Derrick Harmon,Jalen Ramsey,3900,4
Derrick Harmon,James Pierre,3900,57
Derrick Harmon,Joey Porter Jr.,3900,4
Derrick Harmon,Juan Thornhill,3900,22
Derrick Harmon,Julius Welschof,3900,22
Derrick Harmon,Keeanu Benton,3900,28
Derrick Harmon,Kyler McMichael,3900,3
Derrick Harmon,Malik Harrison,3900,38
Derrick Harmon,Mark Robinson,3900,14
Derrick Harmon,Miles Killebrew,3900,32
Derrick Harmon,Nick Herbig,3900,3
Derrick Harmon,Patrick Queen,3900,4
Derrick Harmon,Payton Wilson,3900,29
Derrick Harmon,Quindell Johnson,3900,6
Derrick Harmon,Sebastian Castro,3900,6
Derrick Harmon,Yahya Black,3900,4
Derrick McLendon,Alex Huntley,2700,25
Derrick McLendon,BJ Adams,2700,31
Derrick McLendon,Ben Stille,2700,27
Derrick McLendon,Benito Jones,2700,4
Derrick McLendon,Cam Smith,2700,28
Derrick McLendon,Cameron Dantzler,2700,8
Derrick McLendon,Cameron Goode,2700,31
Derrick McLendon,Channing Tindall,2700,59
Derrick McLendon,Cornell Armstrong,2700,20
Derrick McLendon,Dante Trader Jr.,2700,5
Derrick McLendon,Dequan Jackson,2700,39
Derrick McLendon,Elijah Campbell,2700,5
Derrick McLendon,Ethan Bonner,2700,8
Derrick McLendon,Ethan Robinson,2700,24
Derrick McLendon,Eugene Asante,2700,30
Derrick McLendon,Grayson Murphy,2700,32
Derrick McLendon,Ifeatu Melifonwu,2700,14
Derrick McLendon,Isaiah Johnson,2700,45
Derrick McLendon,Jack Jones,2700,16
Derrick McLendon,Jason Marshall Jr.,2700,19
Derrick McLendon,John Saunders Jr.,2700,45
Derrick McLendon,Jordan Colbert,2700,54
Derrick McLendon,Jordan Phillips,2700,21
Derrick McLendon,K.J. Britt,2700,16
Derrick McLendon,Kendall Sheffield,2700,8
Derrick McLendon,Kenneth Grant,2700,15
Derrick McLendon,Matt Dickerson,2700,31
Derrick McLendon,Matthew Butler,2700,23
Derrick McLendon,Mike Hilton,2700,6
Derrick McLendon,Patrick McMorris,2700,30
Derrick McLendon,Quinton Bell,2700,19
Derrick McLendon,Storm Duck,2700,19
Derrick McLendon,Willie Gay Jr.,2700,16
Derrick McLendon,Zeek Biggers,2700,47
Derrick Nnadi,Aaron Smith,3430,24
Derrick Nnadi,Andre Cisco,3430,14
Derrick Nnadi,Braiden McGregor,3430,23
Derrick Nnadi,Brandon Stephens,3430,14
Derrick Nnadi,Dean Clark,3430,37
Derrick Nnadi,Eric Watts,3430,23
Derrick Nnadi,Francisco Mauigoa,3430,27
Derrick Nnadi,Isaiah Oliver,3430,26
Derrick Nnadi,Jackson Sirmon,3430,11
Derrick Nnadi,Jamien Sherwood,3430,14
Derrick Nnadi,Jamin Davis,3430,23
Derrick Nnadi,Jarius Monroe,3430,15
Derrick Nnadi,Jarrick Bernard-Converse,3430,27
Derrick Nnadi,Jay Tufele,3430,29
Derrick Nnadi,Jordan Clark,3430,16
Derrick Nnadi,Kingsley Jonathan,3430,17
Derrick Nnadi,Leonard Taylor III,3430,27
Derrick Nnadi,Malachi Moore,3430,33
Derrick Nnadi,Marcelino McCrary-Ball,3430,16
Derrick Nnadi,Mario Goodrich,3430,16
Derrick Nnadi,Michael Carter II,3430,6
Derrick Nnadi,Michael Fletcher,3430,16
Derrick Nnadi,Micheal Clemons,3430,13
Derrick Nnadi,Payton Page,3430,3
Derrick Nnadi,Phidarian Mathis,3430,6
Derrick Nnadi,Quincy Williams,3430,14
Derrick Nnadi,Qwan'tez Stiggers,3430,28
Derrick Nnadi,Rashad Weaver,3430,16
Derrick Nnadi,Ryan Cooper Jr.,3430,23
Derrick Nnadi,Sauce Gardner,3430,7
Derrick Nnadi,Tanner McCalister,3430,15
Derrick Nnadi,Tony Adams,3430,17
Derrick Nnadi,Tyler Baron,3430,15
Derrick Nnadi,Will McDonald IV,3430,7
Derrick Nnadi,Zaire Barnes,3430,32
Desjuan Johnson,A.J. Green,2510,26
Desjuan Johnson,Bill Norton,2510,32
Desjuan Johnson,Brennan Jackson,2510,62
Desjuan Johnson,Cam Lampkin,2510,69
Desjuan Johnson,Charles Woods,2510,49
Desjuan Johnson,Da'Jon Terry,2510,23
Desjuan Johnson,Decarius Hawthorne,2510,25
Desjuan Johnson,Derion Kendrick,2510,68
Desjuan Johnson,Elias Neal,2510,61
Desjuan Johnson,Jack Heflin,2510,71
Desjuan Johnson,Jamil Muhammad,2510,32
Desjuan Johnson,Josaiah Stewart,2510,10
Desjuan Johnson,Josh Pearcy,2510,17
Desjuan Johnson,Josh Wallace,2510,12
Desjuan Johnson,Keir Thomas,2510,10
Desjuan Johnson,Larrell Murchison,2510,8
Desjuan Johnson,Malik Dixon-Williams,2510,61
Desjuan Johnson,Nate Valcarcel,2510,62
Desjuan Johnson,Nick Hampton,2510,20
Desjuan Johnson,Pooh Paul Jr.,2510,60
Desjuan Johnson,Shaun Dolac,2510,28
Desjuan Johnson,Shaun Jolly,2510,67
Desjuan Johnson,Tanner Ingle,2510,69
Desjuan Johnson,Tony Fields II,2510,47
Desjuan Johnson,Ty Hamilton,2510,11
Deslin Alexandre,Arron Mosby,1800,69
Deslin Alexandre,Barryn Sorrell,1800,5
Deslin Alexandre,Bo Melton,1800,24
Deslin Alexandre,Brenton Cox Jr.,1800,2
Deslin Alexandre,Corey Ballentine,1800,29
Deslin Alexandre,Devonte O'Malley,1800,8
Deslin Alexandre,Garnett Hollis Jr.,1800,25
Deslin Alexandre,Isaiah Dunn,1800,9
Deslin Alexandre,Isaiah Simmons,1800,44
Deslin Alexandre,James Ester,1800,35
Deslin Alexandre,Jamon Johnson,1800,46
Deslin Alexandre,Jared Bartlett,1800,10
Deslin Alexandre,Jaylin Simpson,1800,15
Deslin Alexandre,Johnathan Baldwin,1800,79
Deslin Alexandre,Kalen King,1800,32
Deslin Alexandre,Kamal Hadden,1800,36
Deslin Alexandre,Keith Randolph Jr.,1800,19
Deslin Alexandre,Kitan Oladapo,1800,33
Deslin Alexandre,Kristian Welch,1800,58
Deslin Alexandre,Micah Robinson,1800,50
Deslin Alexandre,Nazir Stackhouse,1800,44
Deslin Alexandre,Omar Brown,1800,6
Deslin Alexandre,Ty'Ron Hopper,1800,21
Deslin Alexandre,Tyron Herring,1800,36
Deslin Alexandre,Warren Brinson,1800,55
Desmond Evans,Ali Gaye,2100,19
Desmond Evans,Amani Oruwariye,2100,29
Desmond Evans,Amari Burney,2100,17
Desmond Evans,Blake Lynch,2100,3
Desmond Evans,Cam Horsley,2100,29
Desmond Evans,Cedric Gray,2100,7
Desmond Evans,Clarence Lewis,2100,14
Desmond Evans,Curtis Jacobs,2100,17
Desmond Evans,David Gbenda,2100,11
Desmond Evans,Davion Ross,2100,13
Desmond Evans,Gabe Jeudy-Lally,2100,12
Desmond Evans,Isaiah Raikes,2100,2
Desmond Evans,James Lynch,2100,1
Desmond Evans,James Williams,2100,9
Desmond Evans,Jaylen Harrell,2100,8
Desmond Evans,Jermari Harris,2100,9
Desmond Evans,Jihad Ward,2100,1
Desmond Evans,Joe Gaziano,2100,12
Desmond Evans,Joshuah Bledsoe,2100,26
Desmond Evans,Josiah Bronson,2100,6
Desmond Evans,Julius Wood,2100,20
Desmond Evans,Kendell Brooks,2100,6
Desmond Evans,Marcus Harris,2100,12
Desmond Evans,Mike Brown,2100,12
Desmond Evans,Philip Blidi,2100,9
Desmond Evans,Timmy Horne,2100,16
Desmond Igbinosun,Adedayo Odeleye,0325,15
Desmond Igbinosun,Aeneas Peebles,0325,16
Desmond Igbinosun,Basil Okoye,0325,10
Desmond Igbinosun,Beau Brade,0325,23
Desmond Igbinosun,C.J. Ravenell,0325,15
Desmond Igbinosun,Chandler Martin,0325,36
Desmond Igbinosun,David Ojabo,0325,2
Desmond Igbinosun,Jay Higgins,0325,36
Desmond Igbinosun,Jayson Jones,0325,16
Desmond Igbinosun,Kaimon Rucker,0325,33
Desmond Igbinosun,Keondre Jackson,0325,21
Desmond Igbinosun,Keyon Martin,0325,10
Desmond Igbinosun,MJ Devonshire,0325,16
Desmond Igbinosun,Malik Hamm,0325,33
Desmond Igbinosun,Marquise Robinson,0325,36
Desmond Igbinosun,Reuben Lowery,0325,13
Desmond Igbinosun,T.J. Tampa,0325,10
Desmond Igbinosun,Thomas Graham Jr.,0325,15
Desmond Little,Adetomiwa Adebawore,2200,5
Desmond Little,Alex Johnson,2200,47
Desmond Little,Austin Ajiake,2200,12
Desmond Little,BJ Mayes,2200,31
Desmond Little,Cameron McGrone,2200,3
Desmond Little,Chris Lammons,2200,10
Desmond Little,Daniel Scott,2200,57
Desmond Little,Devonta Davis,2200,28
Desmond Little,Duke Shelley,2200,24
Desmond Little,Durell Nchami,2200,14
Desmond Little,Eric Johnson,2200,28
Desmond Little,Isaiah Land,2200,17
Desmond Little,JT Tuimoloau,2200,18
Desmond Little,Jacob Phillips,2200,21
Desmond Little,Jake Chaney,2200,12
Desmond Little,Johnathan Edwards,2200,10
Desmond Little,Joseph Vaughn,2200,12
Desmond Little,Josh Tupou,2200,33
Desmond Little,Julius Brents,2200,3
Desmond Little,Ladarius Tennison,2200,24
Desmond Little,Marcus Haynes,2200,12
Desmond Little,Rodney Thomas,2200,3
Desmond Little,Samuel Womack,2200,4
Desmond Little,Segun Olubi,2200,30
Desmond Little,Solomon DeShields,2200,27
Desmond Little,Tim Smith,2200,35
Desmond Little,Tre Herndon,2200,9
Desmond Little,Trey Washington,2200,58
Desmond Ridder,Andrew Coker,0920,59
Desmond Ridder,Andrew Raym,0920,20
Desmond Ridder,Andrew Stueber,0920,41
Desmond Ridder,Caleb Etienne,0920,59
Desmond Ridder,Cam Grandy,0920,12
Desmond Ridder,Cole Burgess,0920,20
Desmond Ridder,Gary Brightwell,0920,26
Desmond Ridder,Isaiah Williams,0920,28
Desmond Ridder,Jalen Rivers,0920,18
Desmond Ridder,Jamoi Mayes,0920,27
Desmond Ridder,Jaxson Kirkland,0920,59
Desmond Ridder,Jermaine Burton,0920,15
Desmond Ridder,Jordan Moore,0920,23
Desmond Ridder,Kendall Milton,0920,26
Desmond Ridder,Kendric Pryor,0920,37
Desmond Ridder,Matt Lee,0920,29
Desmond Ridder,Quali Conley,0920,2
Desmond Ridder,Rashod Owens,0920,22
Desmond Ridder,Seth McLaughlin,0920,10
Desmond Ridder,Tahj Brooks,0920,5
Desmond Ridder,Tanner Hudson,0920,11
Desmond Ridder,Tanner McLachlan,0920,41
Deuce Vaughn,Ajani Cornelius,1200,23
Deuce Vaughn,Asim Richards,1200,12
Deuce Vaughn,Brock Hoffman,1200,46
Deuce Vaughn,Cooper Beebe,1200,1
Deuce Vaughn,Geron Christian,1200,12
Deuce Vaughn,Hakeem Adeniji,1200,24
Deuce Vaughn,Jalen Brooks,1200,26
Deuce Vaughn,Jalen Cropper,1200,30
Deuce Vaughn,Jalen Tolbert,1200,9
Deuce Vaughn,Joe Milton III,1200,47
Deuce Vaughn,John Stephens Jr.,1200,10
Deuce Vaughn,Jonathan Mingo,1200,20
Deuce Vaughn,Luke Schoonmaker,1200,9
Deuce Vaughn,Nathan Thomas,1200,23
Deuce Vaughn,Nick Broeker,1200,21
Deuce Vaughn,Princeton Fant,1200,14
Deuce Vaughn,Rivaldo Fairweather,1200,18
Deuce Vaughn,Ryan Flournoy,1200,38
Deuce Vaughn,Saahdiq Charles,1200,10
Deuce Vaughn,TJ Bass,1200,47
Deuce Vaughn,Traeshon Holden,1200,11
Deuce Vaughn,Tyler Booker,1200,16
Deuce Vaughn,Tyler Neville,1200,3
Devaughn Vele,Adam Trautman,1400,4
Devaughn Vele,Alex Forsyth,1400,10
Devaughn Vele,Alex Palczewski,1400,10
Devaughn Vele,Ben Powers,1400,8
Devaughn Vele,Bo Nix,1400,8
Devaughn Vele,Caleb Lohner,1400,1
Devaughn Vele,Calvin Throckmorton,1400,10
Devaughn Vele,Courtland Sutton,1400,6
Devaughn Vele,Evan Engram,1400,4
Devaughn Vele,Garett Bolles,1400,8
Devaughn Vele,J.K. Dobbins,1400,1
Devaughn Vele,Jaleel McLaughlin,1400,5
Devaughn Vele,Jarrett Stidham,1400,10
Devaughn Vele,Lucas Krull,1400,9
Devaughn Vele,Luke Wattenberg,1400,8
Devaughn Vele,Marvin Mims Jr.,1400,6
Devaughn Vele,Matt Peart,1400,10
Devaughn Vele,Michael Bandy,1400,1
Devaughn Vele,Mike McGlinchey,1400,8
Devaughn Vele,Nick Gargiulo,1400,10
Devaughn Vele,Pat Bryant,1400,11
Devaughn Vele,Quinn Meinerz,1400,8
Devaughn Vele,RJ Harvey,1400,7
Devaughn Vele,Troy Franklin,1400,12
Devaughn Vele,Tyler Badie,1400,5
Devin Bush,Adin Huntington,1050,1
Devin Bush,Alex Wright,1050,20
Devin Bush,Cameron Mitchell,1050,34
Devin Bush,Cameron Thomas,1050,11
Devin Bush,Carson Schwesinger,1050,19
Devin Bush,Chigozie Anusiem,1050,11
Devin Bush,Damontae Kazee,1050,17
Devin Bush,Dom Jones,1050,14
Devin Bush,Grant Delpit,1050,6
Devin Bush,Isaiah McGuire,1050,19
Devin Bush,Jerome Baker,1050,18
Devin Bush,Joe Tryon-Shoyinka,1050,19
Devin Bush,Maliek Collins,1050,6
Devin Bush,Mason Graham,1050,17
Devin Bush,Myles Harden,1050,21
Devin Bush,Nathaniel Watson,1050,4
Devin Bush,Rayshawn Jenkins,1050,13
Devin Bush,Ronnie Hickman Jr.,1050,33
Devin Bush,Sam Kamara,1050,27
Devin Bush,Shelby Harris,1050,16
Devin Bush,Tony Brown,1050,14
Devin Cochran,Andrew Raym,0920,23
Devin Cochran,Andrew Stueber,0920,1
Devin Cochran,Cam Grandy,0920,10
Devin Cochran,Charlie Jones,0920,19
Devin Cochran,Cody Ford,0920,16
Devin Cochran,Cole Burgess,0920,1
Devin Cochran,Cordell Volson,0920,22
Devin Cochran,Gary Brightwell,0920,1
Devin Cochran,Isaiah Williams,0920,12
Devin Cochran,Jake Browning,0920,23
Devin Cochran,Jalen Rivers,0920,23
Devin Cochran,Jaxson Kirkland,0920,7
Devin Cochran,Jermaine Burton,0920,17
Devin Cochran,Kendric Pryor,0920,4
Devin Cochran,Mitchell Tinsley,0920,14
Devin Cochran,Samaje Perine,0920,3
Devin Cochran,Tahj Brooks,0920,20
Devin Cochran,Tanner Hudson,0920,9
Devin Cochran,Tanner McLachlan,0920,5
Devin Culp,Ben Scott,4900,35
Devin Culp,Benjamin Chukwuma,4900,47
Devin Culp,Charlie Heck,4900,2
Devin Culp,Connor Bazelak,4900,18
Devin Culp,Dennis Houston,4900,2
Devin Culp,Elijah Klein,4900,50
Devin Culp,Emeka Egbuka,4900,1
Devin Culp,Garrett Greene,4900,14
Devin Culp,Jacob Harris,4900,14
Devin Culp,Jaden Smith,4900,5
Devin Culp,Jake Majors,4900,9
Devin Culp,Jalen McMillan,4900,1
Devin Culp,Josh Williams,4900,12
Devin Culp,Kameron Johnson,4900,10
Devin Culp,Ko Kieft,4900,6
Devin Culp,Kyle Trask,4900,35
Devin Culp,Lorenz Metz,4900,7
Devin Culp,Luke Haggard,4900,38
Devin Culp,Mike Jordan,4900,27
Devin Culp,Owen Wright,4900,20
Devin Culp,Payne Durham,4900,3
Devin Culp,Rachaad White,4900,1
Devin Culp,Raiqwon O'Neal,4900,8
Devin Culp,Rakim Jarrett,4900,28
Devin Culp,Ryan Miller,4900,41
Devin Culp,Sean Tucker,4900,20
Devin Culp,Sterling Shepard,4900,1
Devin Culp,Sua Opeta,4900,9
Devin Culp,Tanner Taula,4900,4
Devin Culp,Tez Johnson,4900,18
Devin Culp,Trey Palmer,4900,11
Devin Culp,Tyler McLellan,4900,33
Devin Duvernay,Braxton Jones,0810,12
Devin Duvernay,Chris Glaser,0810,5
Devin Duvernay,Colston Loveland,0810,5
Devin Duvernay,Durham Smythe,0810,7
Devin Duvernay,Jordan McFadden,0810,7
Devin Duvernay,Kyle Monangai,0810,12
Devin Duvernay,Luke Newman,0810,12
Devin Duvernay,Luther Burden III,0810,9
Devin Duvernay,Ryan Bates,0810,12
Devin Duvernay,Samori Toure,0810,1
Devin Duvernay,Stephen Carlson,0810,3
Devin Duvernay,Theo Benedet,0810,12
Devin Duvernay,Tyler Scott,0810,11
Devin Duvernay,Tyson Bagent,0810,12
Devin Harper,Beanie Bishop Jr.,3900,2
Devin Harper,Breiden Fehoko,3900,24
Devin Harper,Carson Bruener,3900,32
Devin Harper,D'Shawn Jamison,3900,28
Devin Harper,Daryl Porter,3900,25
Devin Harper,DeMarvin Leal,3900,11
Devin Harper,Domenique Davis,3900,17
Devin Harper,Eku Leota,3900,28
Devin Harper,Esezi Otomewo,3900,21
Devin Harper,Jack Sawyer,3900,11
Devin Harper,Julius Welschof,3900,28
Devin Harper,Kyler Baugh,3900,15
Devin Harper,Kyler McMichael,3900,39
Devin Harper,Logan Lee,3900,5
Devin Harper,Mark Robinson,3900,7
Devin Harper,Mikey Victor,3900,14
Devin Harper,Quindell Johnson,3900,39
Devin Harper,Sebastian Castro,3900,39
Devin Harper,Yahya Black,3900,5
Devin Leary,Anthony Miller,0325,37
Devin Leary,Baylor Cupp,0325,19
Devin Leary,Ben Cleveland,0325,18
Devin Leary,Carson Vinson,0325,116
Devin Leary,Corey Bullock,0325,9
Devin Leary,D'Ernest Johnson,0325,53
Devin Leary,Darrian Dalcourt,0325,36
Devin Leary,Dayton Wade,0325,32
Devin Leary,Devontez Walker,0325,36
Devin Leary,Garrett Dellinger,0325,98
Devin Leary,Gerad Lichtenhan,0325,107
Devin Leary,Jahmal Banks,0325,55
Devin Leary,Jared Penning,0325,80
Devin Leary,Joe Noteboom,0325,9
Devin Leary,Keaton Mitchell,0325,4
Devin Leary,Keith Kirkwood,0325,26
Devin Leary,LaJohntay Wester,0325,26
Devin Leary,Lucas Scott,0325,37
Devin Leary,Malik Cunningham,0325,29
Devin Leary,Myles Gaskin,0325,21
Devin Leary,Nick Samac,0325,68
Devin Leary,Rasheen Ali,0325,38
Devin Leary,Reid Holskey,0325,39
Devin Leary,Scotty Washington,0325,54
Devin Leary,Xavier Guillory,0325,46
Devin Leary,Zaire Mitchell-Paden,0325,67
Devin Lloyd,Andrew Wingard,2250,22
Devin Lloyd,Antonio Johnson,2250,6
Devin Lloyd,Austin Johnson,2250,10
Devin Lloyd,Chad Muma,2250,10
Devin Lloyd,Christian Braswell,2250,9
Devin Lloyd,DaVon Hamilton,2250,10
Devin Lloyd,Darnell Savage,2250,10
Devin Lloyd,Dawuane Smoot,2250,12
Devin Lloyd,Deantre Prince,2250,7
Devin Lloyd,Emmanuel Ogbah,2250,12
Devin Lloyd,Eric Murray,2250,12
Devin Lloyd,Foye Oluokun,2250,12
Devin Lloyd,Jarrian Jones,2250,12
Devin Lloyd,Jordan Jefferson,2250,6
Devin Lloyd,Josh Hines-Allen,2250,11
Devin Lloyd,Jourdan Lewis,2250,12
Devin Lloyd,Travis Hunter,2250,3
Devin Lloyd,Travon Walker,2250,10
Devin Lloyd,Tyler Lacy,2250,16
Devin Lloyd,Tyson Campbell,2250,9
Devin Lloyd,Yasir Abdullah,2250,8
Devin Neal,Barry Wesley,3300,18
Devin Neal,Cedrick Wilson Jr.,3300,13
Devin Neal,Dante Pettis,3300,3
Devin Neal,Easton Kilty,3300,18
Devin Neal,Jack Stoll,3300,4
Devin Neal,Jonathan Mendoza,3300,13
Devin Neal,Kevin Austin Jr.,3300,17
Devin Neal,Kyle Hergel,3300,5
Devin Neal,Landon Young,3300,5
Devin Neal,Mason Tipton,3300,18
Devin Neal,Michael Jacobson,3300,1
Devin Neal,Moliki Matavao,3300,10
Devin Neal,Shane Lemieux,3300,13
Devin Neal,Torricelli Simpkins III,3300,18
Devin Neal,Treyton Welch,3300,6
Devin Neal,Tyler Shough,3300,18
Devin Singletary,Aaron Stinnie,3410,4
Devin Singletary,Austin Schlottmann,3410,4
Devin Singletary,Beaux Collins,3410,4
Devin Singletary,Chris Manhertz,3410,3
Devin Singletary,Dalen Cambre,3410,3
Devin Singletary,Daniel Bellinger,3410,6
Devin Singletary,Darius Slayton,3410,3
Devin Singletary,Evan Neal,3410,4
Devin Singletary,Greg Dulcich,3410,2
Devin Singletary,Greg Van Roten,3410,7
Devin Singletary,Jake Kubas,3410,4
Devin Singletary,Jalin Hyatt,3410,3
Devin Singletary,James Hudson,3410,11
Devin Singletary,Jaxson Dart,3410,6
Devin Singletary,Jermaine Eluemunor,3410,11
Devin Singletary,John Michael Schmitz,3410,11
Devin Singletary,Jon Runyan,3410,11
Devin Singletary,Joshua Ezeudu,3410,4
Devin Singletary,Lil'Jordan Humphrey,3410,8
Devin Singletary,Marcus Mbow,3410,4
Devin Singletary,Montrell Washington,3410,5
Devin Singletary,Russell Wilson,3410,9
Devin Singletary,Theo Johnson,3410,8
Devin Singletary,Wan'Dale Robinson,3410,9
Devin Singletary,Zach Pascal,3410,6
Devin White,Adam Butler,2520,25
Devin White,Chris Smith II,2520,7
Devin White,Darien Porter,2520,15
Devin White,Darnay Holmes,2520,2
Devin White,Elandon Roberts,2520,15
Devin White,Eric Stokes,2520,26
Devin White,Germaine Pratt,2520,22
Devin White,Isaiah Pola-Mao,2520,26
Devin White,JJ Pegues,2520,4
Devin White,Jamal Adams,2520,4
Devin White,Jeremy Chinn,2520,23
Devin White,Jonah Laulu,2520,12
Devin White,Kyu Kelly,2520,11
Devin White,Malcolm Koonce,2520,13
Devin White,Maxx Crosby,2520,23
Devin White,Terrell Edmunds,2520,5
Devin White,Thomas Booker,2520,14
Devin White,Tonka Hemingway,2520,3
Devin White,Tyree Wilson,2520,10
Devon Key,Damarri Mathis,1400,35
Devon Key,Dondrea Tillman,1400,30
Devon Key,Eyioma Uwazurike,1400,33
Devon Key,Ja'Quan McMillian,1400,6
Devon Key,Jahdae Barron,1400,18
Devon Key,Jonah Elliss,1400,32
Devon Key,Jordan Jackson,1400,36
Devon Key,Jordan Miller,1400,14
Devon Key,Justin Strnad,1400,23
Devon Key,Karene Reid,1400,14
Devon Key,Kris Abrams-Draine,1400,41
Devon Key,Levelle Bailey,1400,43
Devon Key,Malcolm Roach,1400,2
Devon Key,P.J. Locke,1400,43
Devon Key,Que Robinson,1400,24
Devon Key,Quinton Newsome,1400,15
Devon Key,Sai'vion Jones,1400,21
Devon Witherspoon,Boye Mafe,4600,10
Devon Witherspoon,Brandon Pili,4600,3
Devon Witherspoon,Byron Murphy II,4600,10
Devon Witherspoon,Coby Bryant,4600,10
Devon Witherspoon,Derick Hall,4600,10
Devon Witherspoon,Ernest Jones,4600,10
Devon Witherspoon,Josh Jobe,4600,4
Devon Witherspoon,Julian Love,4600,10
Devon Witherspoon,Mike Morris,4600,4
Devon Witherspoon,Nick Emmanwori,4600,6
Devon Witherspoon,Patrick O'Connell,4600,9
Devon Witherspoon,Quinton Bohanna,4600,4
Devon Witherspoon,Riq Woolen,4600,10
Devonta Davis,Adetomiwa Adebawore,2200,1
Devonta Davis,Alex Johnson,2200,39
Devonta Davis,Austin Ajiake,2200,8
Devonta Davis,BJ Mayes,2200,27
Devonta Davis,Chris Lammons,2200,4
Devonta Davis,Daniel Scott,2200,45
Devonta Davis,Desmond Little,2200,28
Devonta Davis,Duke Shelley,2200,21
Devonta Davis,Durell Nchami,2200,17
Devonta Davis,Eric Johnson,2200,8
Devonta Davis,Isaiah Land,2200,16
Devonta Davis,JT Tuimoloau,2200,9
Devonta Davis,Jacob Phillips,2200,12
Devonta Davis,Jake Chaney,2200,12
Devonta Davis,Johnathan Edwards,2200,6
Devonta Davis,Joseph Vaughn,2200,12
Devonta Davis,Josh Tupou,2200,16
Devonta Davis,Ladarius Tennison,2200,18
Devonta Davis,Marcus Haynes,2200,22
Devonta Davis,Samuel Womack,2200,4
Devonta Davis,Segun Olubi,2200,27
Devonta Davis,Solomon DeShields,2200,21
Devonta Davis,Tim Smith,2200,31
Devonta Davis,Tre Herndon,2200,7
Devonta Davis,Trey Washington,2200,46
Devonte O'Malley,Arron Mosby,1800,9
Devonte O'Malley,Bo Melton,1800,1
Devonte O'Malley,Corey Ballentine,1800,5
Devonte O'Malley,Deslin Alexandre,1800,8
Devonte O'Malley,Isaiah Simmons,1800,5
Devonte O'Malley,James Ester,1800,9
Devonte O'Malley,Jamon Johnson,1800,7
Devonte O'Malley,Jaylin Simpson,1800,6
Devonte O'Malley,Johnathan Baldwin,1800,9
Devonte O'Malley,Kalen King,1800,1
Devonte O'Malley,Kamal Hadden,1800,5
Devonte O'Malley,Kitan Oladapo,1800,3
Devonte O'Malley,Kristian Welch,1800,9
Devonte O'Malley,Micah Robinson,1800,8
Devonte O'Malley,Tyron Herring,1800,4
Devonte O'Malley,Warren Brinson,1800,1
Devonte Wyatt,Brenton Cox Jr.,1800,1
Devonte Wyatt,Carrington Valentine,1800,9
Devonte Wyatt,Edgerrin Cooper,1800,9
Devonte Wyatt,Evan Williams,1800,9
Devonte Wyatt,Isaiah McDuffie,1800,9
Devonte Wyatt,Isaiah Simmons,1800,4
Devonte Wyatt,Javon Bullard,1800,9
Devonte Wyatt,Keisean Nixon,1800,9
Devonte Wyatt,Kenny Clark,1800,9
Devonte Wyatt,Kitan Oladapo,1800,2
Devonte Wyatt,Lukas Van Ness,1800,9
Devonte Wyatt,Rashan Gary,1800,8
Devonte Wyatt,Zayne Anderson,1800,3
Devontez Walker,Andrew Vorhees,0325,27
Devontez Walker,Anthony Miller,0325,28
Devontez Walker,Baylor Cupp,0325,1
Devontez Walker,Ben Cleveland,0325,56
Devontez Walker,Carson Vinson,0325,74
Devontez Walker,Charlie Kolar,0325,42
Devontez Walker,Cooper Rush,0325,65
Devontez Walker,Corey Bullock,0325,63
Devontez Walker,D'Ernest Johnson,0325,44
Devontez Walker,Daniel Faalele,0325,27
Devontez Walker,Darrian Dalcourt,0325,35
Devontez Walker,Dayton Wade,0325,39
Devontez Walker,Devin Leary,0325,36
Devontez Walker,Garrett Dellinger,0325,39
Devontez Walker,Gerad Lichtenhan,0325,38
Devontez Walker,Jared Penning,0325,18
Devontez Walker,Joe Noteboom,0325,63
Devontez Walker,Keaton Mitchell,0325,11
Devontez Walker,Keith Kirkwood,0325,5
Devontez Walker,LaJohntay Wester,0325,64
Devontez Walker,Lucas Scott,0325,27
Devontez Walker,Malik Cunningham,0325,2
Devontez Walker,Nick Samac,0325,38
Devontez Walker,Rasheen Ali,0325,46
Devontez Walker,Roger Rosengarten,0325,27
Devontez Walker,Scotty Washington,0325,33
Devontez Walker,Tylan Wallace,0325,15
Devontez Walker,Xavier Guillory,0325,7
Devontez Walker,Zaire Mitchell-Paden,0325,40
Dez Fitzpatrick,Andre James,4400,2
Dez Fitzpatrick,Branson Taylor,4400,11
Dez Fitzpatrick,Brenden Rice,4400,3
Dez Fitzpatrick,Corey Stewart,4400,11
Dez Fitzpatrick,DJ Uiagalelei,4400,3
Dez Fitzpatrick,Dalevon Campbell,4400,5
Dez Fitzpatrick,Hassan Haskins,4400,1
Dez Fitzpatrick,JaQuae Jackson,4400,6
Dez Fitzpatrick,Jaret Patterson,4400,3
Dez Fitzpatrick,Jaylen Johnson,4400,6
Dez Fitzpatrick,Josh Kaltenberger,4400,9
Dez Fitzpatrick,Karsen Barnhart,4400,2
Dez Fitzpatrick,Kimani Vidal,4400,3
Dez Fitzpatrick,Nash Jones,4400,9
Dez Fitzpatrick,Nyheim Hines,4400,4
Dez Fitzpatrick,Oronde Gadsden II,4400,5
Dez Fitzpatrick,Ryan Nelson,4400,11
Dez Fitzpatrick,Scott Matlock,4400,1
Dez Fitzpatrick,Stevo Klotz,4400,2
Dez Fitzpatrick,Trey Lance,4400,8
Dez Fitzpatrick,Tucker Fisk,4400,5
Dicaprio Bootle,Ahmed Hassanein,1540,17
Dicaprio Bootle,Al-Quadin Muhammad,1540,8
Dicaprio Bootle,Anthony Pittman,1540,32
Dicaprio Bootle,Avonte Maddox,1540,17
Dicaprio Bootle,Brodric Martin,1540,11
Dicaprio Bootle,Chris Smith,1540,18
Dicaprio Bootle,Dan Jackson,1540,22
Dicaprio Bootle,Ennis Rakestraw Jr.,1540,10
Dicaprio Bootle,Erick Hallett,1540,36
Dicaprio Bootle,Ezekiel Turner,1540,38
Dicaprio Bootle,Grant Stuard,1540,13
Dicaprio Bootle,Ian Kennelly,1540,35
Dicaprio Bootle,Isaac Ukwu,1540,23
Dicaprio Bootle,Keith Cooper,1540,33
Dicaprio Bootle,Loren Strickland,1540,10
Dicaprio Bootle,Mitchell Agude,1540,20
Dicaprio Bootle,Morice Norris Jr.,1540,16
Dicaprio Bootle,Myles Adams,1540,32
Dicaprio Bootle,Nate Lynn,1540,26
Dicaprio Bootle,Nick Whiteside,1540,4
Dicaprio Bootle,Raequan Williams,1540,8
Dicaprio Bootle,Rock Ya-Sin,1540,19
Dicaprio Bootle,Trevor Nowaske,1540,24
Dicaprio Bootle,Tyleik Williams,1540,8
Dicaprio Bootle,Tyson Russell,1540,22
Dicaprio Bootle,Zach Cunningham,1540,8
Dillon Gabriel,Ahmani Marshall,1050,15
Dillon Gabriel,Blake Whiteheart,1050,33
Dillon Gabriel,Brenden Bates,1050,35
Dillon Gabriel,Bucky Williams,1050,11
Dillon Gabriel,Cedric Tillman,1050,13
Dillon Gabriel,Cornelius Lucas,1050,9
Dillon Gabriel,Dawand Jones,1050,18
Dillon Gabriel,Diontae Johnson,1050,41
Dillon Gabriel,Gage Larvadain,1050,29
Dillon Gabriel,Isaiah Bond,1050,3
Dillon Gabriel,Jackson Barton,1050,57
Dillon Gabriel,Jamari Thrash,1050,40
Dillon Gabriel,Jason Ivey,1050,30
Dillon Gabriel,Kaden Davis,1050,28
Dillon Gabriel,Luke Wypler,1050,46
Dillon Gabriel,Pierre Strong,1050,29
Dillon Gabriel,Sal Cannella,1050,6
Dillon Gabriel,Teven Jenkins,1050,57
Dillon Gabriel,Trayveon Williams,1050,13
Dillon Gabriel,Zak Zinter,1050,57
Dillon Radunz,Alvin Kamara,3300,1
Dillon Radunz,Barry Wesley,3300,39
Dillon Radunz,Brandin Cooks,3300,11
Dillon Radunz,Bub Means,3300,8
Dillon Radunz,Cam Akers,3300,24
Dillon Radunz,Cedrick Wilson Jr.,3300,40
Dillon Radunz,Cesar Ruiz,3300,32
Dillon Radunz,Chris Olave,3300,30
Dillon Radunz,Clyde Edwards-Helaire,3300,18
Dillon Radunz,Dante Pettis,3300,16
Dillon Radunz,Donovan Peoples-Jones,3300,3
Dillon Radunz,Easton Kilty,3300,37
Dillon Radunz,Erik McCoy,3300,14
Dillon Radunz,Jack Stoll,3300,28
Dillon Radunz,Jake Haener,3300,3
Dillon Radunz,Juwan Johnson,3300,12
Dillon Radunz,Kelvin Banks Jr.,3300,39
Dillon Radunz,Kendre Miller,3300,27
Dillon Radunz,Kevin Austin Jr.,3300,37
Dillon Radunz,Kyle Hergel,3300,28
Dillon Radunz,Landon Young,3300,16
Dillon Radunz,Marcus Yarns,3300,3
Dillon Radunz,Mason Tipton,3300,37
Dillon Radunz,Michael Jacobson,3300,3
Dillon Radunz,Moliki Matavao,3300,16
Dillon Radunz,Rashid Shaheed,3300,30
Dillon Radunz,Shane Lemieux,3300,18
Dillon Radunz,Spencer Rattler,3300,31
Dillon Radunz,Taliese Fuaga,3300,16
Dillon Radunz,Torricelli Simpkins III,3300,64
Dillon Radunz,Trevor Penning,3300,9
Dillon Radunz,Treyton Welch,3300,34
Dillon Radunz,Tyler Shough,3300,44
Dillon Radunz,Velus Jones Jr.,3300,12
Dion Dawkins,Connor McGovern,0610,14
Dion Dawkins,Dalton Kincaid,0610,4
Dion Dawkins,David Edwards,0610,14
Dion Dawkins,Dawson Knox,0610,8
Dion Dawkins,Elijah Moore,0610,7
Dion Dawkins,Jackson Hawes,0610,3
Dion Dawkins,Josh Palmer,0610,14
Dion Dawkins,Keon Coleman,0610,14
Dion Dawkins,Mitchell Trubisky,0610,14
Dion Dawkins,O'Cyrus Torrence,0610,14
Dion Dawkins,Ray Davis,0610,6
Dion Dawkins,Reggie Gilliam,0610,6
Dion Dawkins,Ryan Van Demark,0610,14
Dion Dawkins,Ty Johnson,0610,8
Diontae Johnson,Ahmani Marshall,1050,14
Diontae Johnson,Blake Whiteheart,1050,25
Diontae Johnson,Brenden Bates,1050,28
Diontae Johnson,Bucky Williams,1050,9
Diontae Johnson,Cade McDonald,1050,2
Diontae Johnson,Cedric Tillman,1050,10
Diontae Johnson,Cornelius Lucas,1050,22
Diontae Johnson,David Njoku,1050,8
Diontae Johnson,Dawand Jones,1050,22
Diontae Johnson,Dillon Gabriel,1050,41
Diontae Johnson,Dylan Sampson,1050,10
Diontae Johnson,Ethan Pocic,1050,4
Diontae Johnson,Gage Larvadain,1050,17
Diontae Johnson,Harold Fannin Jr.,1050,10
Diontae Johnson,Isaiah Bond,1050,7
Diontae Johnson,Jack Conklin,1050,6
Diontae Johnson,Jackson Barton,1050,61
Diontae Johnson,Jamari Thrash,1050,50
Diontae Johnson,Jason Ivey,1050,23
Diontae Johnson,Javion Cohen,1050,16
Diontae Johnson,Jerome Ford,1050,3
Diontae Johnson,Jerry Jeudy,1050,1
Diontae Johnson,Joe Flacco,1050,10
Diontae Johnson,Kaden Davis,1050,34
Diontae Johnson,Luke Floriea,1050,3
Diontae Johnson,Luke Wypler,1050,54
Diontae Johnson,Pierre Strong,1050,26
Diontae Johnson,Sal Cannella,1050,8
Diontae Johnson,Shedeur Sanders,1050,16
Diontae Johnson,Teven Jenkins,1050,57
Diontae Johnson,Trayveon Williams,1050,12
Diontae Johnson,Wyatt Teller,1050,10
Diontae Johnson,Zak Zinter,1050,51
Dom Jones,Adin Huntington,1050,16
Dom Jones,Alex Wright,1050,8
Dom Jones,Cameron Mitchell,1050,22
Dom Jones,Cameron Thomas,1050,39
Dom Jones,Carson Schwesinger,1050,10
Dom Jones,Charlie Thomas,1050,2
Dom Jones,Chris Edmonds,1050,39
Dom Jones,Damontae Kazee,1050,9
Dom Jones,Devin Bush,1050,14
Dom Jones,Donovan McMillon,1050,37
Dom Jones,Easton Mascarenas-Arnold,1050,39
Dom Jones,Grant Delpit,1050,8
Dom Jones,Isaiah McGuire,1050,8
Dom Jones,Jerome Baker,1050,12
Dom Jones,Joe Tryon-Shoyinka,1050,17
Dom Jones,Jowon Briggs,1050,28
Dom Jones,Julian Okwara,1050,29
Dom Jones,KJ Henry,1050,14
Dom Jones,Keenan Isaac,1050,14
Dom Jones,LaMareon James,1050,2
Dom Jones,Maliek Collins,1050,8
Dom Jones,Mason Graham,1050,8
Dom Jones,Myles Harden,1050,27
Dom Jones,Nathaniel Watson,1050,37
Dom Jones,Nik Needham,1050,16
Dom Jones,Ralph Holley,1050,27
Dom Jones,Rayshawn Jenkins,1050,15
Dom Jones,Ronnie Hickman Jr.,1050,15
Dom Jones,Sam Kamara,1050,22
Dom Jones,Shelby Harris,1050,12
Dom Jones,Titus Leo,1050,5
Dom Jones,Tony Brown,1050,33
Dom Jones,Winston Reid,1050,8
Domenique Davis,Beanie Bishop Jr.,3900,1
Domenique Davis,Breiden Fehoko,3900,8
Domenique Davis,Carson Bruener,3900,27
Domenique Davis,D'Shawn Jamison,3900,15
Domenique Davis,Daryl Porter,3900,15
Domenique Davis,DeMarvin Leal,3900,10
Domenique Davis,Devin Harper,3900,17
Domenique Davis,Eku Leota,3900,17
Domenique Davis,Esezi Otomewo,3900,10
Domenique Davis,Jack Sawyer,3900,7
Domenique Davis,James Pierre,3900,1
Domenique Davis,Julius Welschof,3900,15
Domenique Davis,Kam Alexander,3900,8
Domenique Davis,Kenny Willekes,3900,11
Domenique Davis,Kyler Baugh,3900,15
Domenique Davis,Kyler McMichael,3900,21
Domenique Davis,Logan Lee,3900,9
Domenique Davis,Malik Harrison,3900,1
Domenique Davis,Mark Robinson,3900,15
Domenique Davis,Mikey Victor,3900,15
Domenique Davis,Quindell Johnson,3900,30
Domenique Davis,Sebastian Castro,3900,30
Domenique Davis,Yahya Black,3900,2
Dominic Lovett,Colby Sorsdal,1540,18
Dominic Lovett,Craig Reynolds,1540,17
Dominic Lovett,Dan Skipper,1540,31
Dominic Lovett,Deon Jackson,1540,7
Dominic Lovett,Giovanni Manu,1540,49
Dominic Lovett,Gunnar Oakes,1540,1
Dominic Lovett,Gunner Britton,1540,19
Dominic Lovett,Hendon Hooker,1540,37
Dominic Lovett,Isaac TeSlaa,1540,31
Dominic Lovett,Jabari Small,1540,19
Dominic Lovett,Jackson Meeks,1540,24
Dominic Lovett,Jacob Saylors,1540,20
Dominic Lovett,Jakobie Keeney-James,1540,22
Dominic Lovett,Jamarco Jones,1540,22
Dominic Lovett,Kayode Awosika,1540,27
Dominic Lovett,Kenny Yeboah,1540,11
Dominic Lovett,Kingsley Eguakun,1540,34
Dominic Lovett,Kyle Allen,1540,31
Dominic Lovett,Malik Taylor,1540,11
Dominic Lovett,Mason Miller,1540,34
Dominic Lovett,Michael Niese,1540,38
Dominic Lovett,Netane Muti,1540,34
Dominic Lovett,Ronnie Bell,1540,22
Dominic Lovett,Shane Zylstra,1540,20
Dominic Lovett,Sione Vaki,1540,5
Dominic Lovett,Steven Stilianos,1540,2
Dominic Lovett,Tom Kennedy,1540,26
Dominic Lovett,Trystan Colon,1540,15
Dominic Lovett,Zach Horton,1540,34
Dominic Lovett,Zack Johnson,1540,19
Dominick Puni,Brock Purdy,4500,11
Dominick Puni,Colton McKivitz,4500,11
Dominick Puni,Connor Colby,4500,11
Dominick Puni,Demarcus Robinson,4500,9
Dominick Puni,George Kittle,4500,11
Dominick Puni,Isaiah Hodgins,4500,2
Dominick Puni,Jake Brendel,4500,11
Dominick Puni,Kyle Juszczyk,4500,6
Dominick Puni,Luke Farrell,4500,2
Dominick Puni,Patrick Taylor,4500,11
Dominick Puni,Ricky Pearsall,4500,9
Dominick Puni,Russell Gage,4500,5
Dominick Puni,Spencer Burford,4500,11
Dominique Dafney,Andy Dalton,0750,4
Dominique Dafney,Brady Christensen,0750,19
Dominique Dafney,Brandon Walton,0750,41
Dominique Dafney,Bryce Perkins,0750,17
Dominique Dafney,Bryce Pierre,0750,8
Dominique Dafney,Brycen Tremayne,0750,7
Dominique Dafney,Cade Mays,0750,7
Dominique Dafney,Chandler Zavala,0750,8
Dominique Dafney,David Moore,0750,19
Dominique Dafney,Emani Bailey,0750,13
Dominique Dafney,Hunter Renfrow,0750,8
Dominique Dafney,Ja'Seem Reed,0750,13
Dominique Dafney,Ja'Tyre Carter,0750,8
Dominique Dafney,Jack Plummer,0750,27
Dominique Dafney,Jacolby George,0750,16
Dominique Dafney,Jalen Coker,0750,8
Dominique Dafney,James Mitchell,0750,9
Dominique Dafney,Jarrett Kingston,0750,40
Dominique Dafney,Jimmy Horn Jr.,0750,20
Dominique Dafney,Kayron Lynch-Adams,0750,14
Dominique Dafney,Kobe Hudson,0750,22
Dominique Dafney,Luke Kandra,0750,33
Dominique Dafney,Michael Tarquin,0750,33
Dominique Dafney,Raheem Blackshear,0750,7
Dominique Dafney,Steven Losoya,0750,30
Dominique Dafney,T.J. Luther,0750,14
Dominique Dafney,Trevor Etienne,0750,14
Dominique Dafney,Yosh Nijman,0750,21
Dominique Hampton,Ale Kaho,5110,1
Dominique Hampton,Allan George,5110,15
Dominique Hampton,Andre Jones Jr.,5110,26
Dominique Hampton,Ben Nikkel,5110,16
Dominique Hampton,Bobby Price,5110,6
Dominique Hampton,Car'lin Vigers,5110,36
Dominique Hampton,Carl Davis,5110,19
Dominique Hampton,Clelin Ferrell,5110,10
Dominique Hampton,Eddie Goldman,5110,19
Dominique Hampton,Jacob Martin,5110,13
Dominique Hampton,Jalyn Holmes,5110,21
Dominique Hampton,Jer'Zhan Newton,5110,14
Dominique Hampton,Jeremy Reaves,5110,14
Dominique Hampton,Kain Medrano,5110,40
Dominique Hampton,Noah Igbinoghene,5110,29
Dominique Hampton,Norell Pollard,5110,4
Dominique Hampton,Percy Butler,5110,22
Dominique Hampton,Ricky Barber,5110,11
Dominique Hampton,Robert McDaniel,5110,15
Dominique Hampton,Sheldon Day,5110,15
Dominique Hampton,T.J. Maguranyanga,5110,6
Dominique Hampton,Trey Amos,5110,12
Dominique Hampton,Tyler Owens,5110,27
Dominique Hampton,Viliami Fehoko Jr.,5110,9
Dominique Robinson,Alex Cook,0810,20
Dominique Robinson,Amen Ogbongbemiga,0810,10
Dominique Robinson,Andrew Billings,0810,21
Dominique Robinson,Austin Booker,0810,16
Dominique Robinson,Carl Jones,0810,2
Dominique Robinson,Chris Williams,0810,33
Dominique Robinson,Daniel Hardy,0810,3
Dominique Robinson,Dayo Odeyingbo,0810,3
Dominique Robinson,Elijah Hicks,0810,17
Dominique Robinson,Gervon Dexter Sr.,0810,1
Dominique Robinson,Jaquan Brisker,0810,3
Dominique Robinson,Jeremiah Walker,0810,4
Dominique Robinson,Jonathan Ford,0810,10
Dominique Robinson,Jonathan Owens,0810,44
Dominique Robinson,Josh Blackwell,0810,12
Dominique Robinson,Kevin Byard,0810,3
Dominique Robinson,Major Burns,0810,7
Dominique Robinson,Mekhi Garner,0810,17
Dominique Robinson,Nahshon Wright,0810,12
Dominique Robinson,Nick McCloud,0810,17
Dominique Robinson,Noah Sewell,0810,40
Dominique Robinson,Power Echols,0810,7
Dominique Robinson,Ruben Hyppolite II,0810,43
Dominique Robinson,Swayze Bozeman,0810,3
Dominique Robinson,T.J. Edwards,0810,3
Dominique Robinson,Tanoh Kpassagnon,0810,26
Dominique Robinson,Terell Smith,0810,18
Dominique Robinson,Tre Flowers,0810,35
Dominique Robinson,Tyrique Stevenson,0810,12
Dominique Robinson,Zacch Pickens,0810,28
Dondrea Tillman,Alex Singleton,1400,3
Dondrea Tillman,Brandon Jones,1400,3
Dondrea Tillman,D.J. Jones,1400,1
Dondrea Tillman,Damarri Mathis,1400,47
Dondrea Tillman,Devon Key,1400,30
Dondrea Tillman,Eyioma Uwazurike,1400,42
Dondrea Tillman,J.B. Brown,1400,3
Dondrea Tillman,JL Skinner,1400,29
Dondrea Tillman,Ja'Quan McMillian,1400,6
Dondrea Tillman,Jaden Robinson,1400,2
Dondrea Tillman,Jahdae Barron,1400,27
Dondrea Tillman,John Franklin-Myers,1400,1
Dondrea Tillman,Jonah Elliss,1400,31
Dondrea Tillman,Jonathon Cooper,1400,3
Dondrea Tillman,Jordan Jackson,1400,38
Dondrea Tillman,Jordan Miller,1400,21
Dondrea Tillman,Jordan Turner,1400,13
Dondrea Tillman,Justin Strnad,1400,24
Dondrea Tillman,Karene Reid,1400,28
Dondrea Tillman,Keidron Smith,1400,29
Dondrea Tillman,Kris Abrams-Draine,1400,54
Dondrea Tillman,Kristian Williams,1400,7
Dondrea Tillman,Levelle Bailey,1400,46
Dondrea Tillman,Malcolm Roach,1400,3
Dondrea Tillman,P.J. Locke,1400,30
Dondrea Tillman,Pat Surtain II,1400,3
Dondrea Tillman,Que Robinson,1400,28
Dondrea Tillman,Quinton Newsome,1400,19
Dondrea Tillman,Riley Moss,1400,3
Dondrea Tillman,Sai'vion Jones,1400,41
Dondrea Tillman,Talanoa Hufanga,1400,3
Dondrea Tillman,Zach Allen,1400,2
Doneiko Slaughter,Antonio Johnson,2250,17
Doneiko Slaughter,Aydan White,2250,48
Doneiko Slaughter,BJ Green II,2250,39
Doneiko Slaughter,Branson Combs,2250,37
Doneiko Slaughter,Cam'Ron Silmon-Craig,2250,44
Doneiko Slaughter,Chad Muma,2250,34
Doneiko Slaughter,Daniel Thomas,2250,22
Doneiko Slaughter,Danny Striggow,2250,39
Doneiko Slaughter,Deantre Prince,2250,10
Doneiko Slaughter,Dennis Gardeck,2250,3
Doneiko Slaughter,Eli Mostaert,2250,9
Doneiko Slaughter,Ethan Downs,2250,24
Doneiko Slaughter,Jabbar Muhammad,2250,29
Doneiko Slaughter,Jack Kiser,2250,54
Doneiko Slaughter,James Carpenter,2250,35
Doneiko Slaughter,Jordan Jefferson,2250,27
Doneiko Slaughter,Keivie Rose,2250,47
Doneiko Slaughter,Keni-H Lovely,2250,11
Doneiko Slaughter,Maason Smith,2250,9
Doneiko Slaughter,Myles Cole,2250,27
Doneiko Slaughter,Rayuan Lane III,2250,49
Doneiko Slaughter,Tyler Lacy,2250,5
Doneiko Slaughter,Ventrell Miller,2250,7
Doneiko Slaughter,Yasir Abdullah,2250,14
Doneiko Slaughter,Zech McPhearson,2250,20
Donovan Edwards,Adrian Martinez,3430,38
Donovan Edwards,Andrew Beck,3430,5
Donovan Edwards,Arian Smith,3430,17
Donovan Edwards,Brady Cook,3430,26
Donovan Edwards,Brandon Smith,3430,21
Donovan Edwards,Carter Warren,3430,62
Donovan Edwards,Chukwuma Okorafor,3430,2
Donovan Edwards,Dymere Miller,3430,18
Donovan Edwards,Jamaal Pritchett,3430,30
Donovan Edwards,Josh Myers,3430,6
Donovan Edwards,Kohl Levao,3430,49
Donovan Edwards,Leander Wiegand,3430,15
Donovan Edwards,Liam Fornadel,3430,55
Donovan Edwards,Malachi Corley,3430,20
Donovan Edwards,Marquis Hayes,3430,58
Donovan Edwards,Max Mitchell,3430,9
Donovan Edwards,Neal Johnson,3430,25
Donovan Edwards,Pokey Wilson,3430,30
Donovan Edwards,Quentin Skinner,3430,43
Donovan Edwards,Samuel Jackson,3430,55
Donovan Edwards,Stone Smartt,3430,20
Donovan Edwards,Xavier Newman-Johnson,3430,9
Donovan Edwards,Zack Kuntz,3430,27
Donovan Ezeiruaku,Alijah Clark,1200,10
Donovan Ezeiruaku,Andrew Booth,1200,22
Donovan Ezeiruaku,Bruce Harmon,1200,7
Donovan Ezeiruaku,Buddy Johnson,1200,10
Donovan Ezeiruaku,Christian Matthew,1200,12
Donovan Ezeiruaku,Damone Clark,1200,20
Donovan Ezeiruaku,Darius Harris,1200,3
Donovan Ezeiruaku,Earnest Brown IV,1200,11
Donovan Ezeiruaku,Israel Mukuamu,1200,17
Donovan Ezeiruaku,Jack Sanborn,1200,7
Donovan Ezeiruaku,James Houston,1200,18
Donovan Ezeiruaku,Jay Toia,1200,8
Donovan Ezeiruaku,Juanyeh Thomas,1200,17
Donovan Ezeiruaku,Justin Barron,1200,7
Donovan Ezeiruaku,Kaiir Elam,1200,6
Donovan Ezeiruaku,Kemon Hall,1200,21
Donovan Ezeiruaku,Marist Liufau,1200,19
Donovan Ezeiruaku,Markquese Bell,1200,15
Donovan Ezeiruaku,Marshawn Kneeland,1200,6
Donovan Ezeiruaku,Mazi Smith,1200,20
Donovan Ezeiruaku,Mike Smith Jr.,1200,23
Donovan Ezeiruaku,Payton Turner,1200,23
Donovan Ezeiruaku,Perrion Winfrey,1200,30
Donovan Ezeiruaku,Robert Rochell,1200,3
Donovan Ezeiruaku,Sam Williams,1200,2
Donovan Ezeiruaku,Shemar James,1200,21
Donovan Ezeiruaku,Troy Pride,1200,32
Donovan Ezeiruaku,Tyrus Wheat,1200,5
Donovan Ezeiruaku,Zion Childress,1200,15
Donovan Jackson,Brian O'Neill,3000,12
Donovan Jackson,C.J. Ham,3000,3
Donovan Jackson,J.J. McCarthy,3000,12
Donovan Jackson,Jalen Nailor,3000,12
Donovan Jackson,Jordan Addison,3000,12
Donovan Jackson,Jordan Mason,3000,12
Donovan Jackson,Josh Oliver,3000,8
Donovan Jackson,Justin Skule,3000,12
Donovan Jackson,Lucky Jackson,3000,5
Donovan Jackson,Ryan Kelly,3000,12
Donovan Jackson,T.J. Hockenson,3000,8
Donovan Jackson,Will Fries,3000,12
Donovan Jennings,Amar Johnson,1800,31
Donovan Jennings,Anthony Belton,1800,103
Donovan Jennings,Ben Sims,1800,55
Donovan Jennings,Chris Brooks,1800,14
Donovan Jennings,Cornelius Johnson,1800,50
Donovan Jennings,Emanuel Wilson,1800,25
Donovan Jennings,Isaiah Neyor,1800,25
Donovan Jennings,Israel Abanikanda,1800,34
Donovan Jennings,Jacob Monk,1800,56
Donovan Jennings,Jalen White,1800,2
Donovan Jennings,John FitzPatrick,1800,38
Donovan Jennings,Johnny Lumpkin,1800,15
Donovan Jennings,Jordan Morgan,1800,57
Donovan Jennings,Josh Jacobs,1800,2
Donovan Jennings,Julian Hicks,1800,76
Donovan Jennings,Kadeem Telfort,1800,62
Donovan Jennings,Lecitus Smith,1800,21
Donovan Jennings,Luke Musgrave,1800,11
Donovan Jennings,Malik Heath,1800,52
Donovan Jennings,Malik Willis,1800,57
Donovan Jennings,MarShawn Lloyd,1800,11
Donovan Jennings,Matthew Golden,1800,14
Donovan Jennings,Mecole Hardman,1800,56
Donovan Jennings,Messiah Swinson,1800,34
Donovan Jennings,Rasheed Walker,1800,16
Donovan Jennings,Romeo Doubs,1800,14
Donovan Jennings,Sean Clifford,1800,20
Donovan Jennings,Sean Rhyan,1800,57
Donovan Jennings,Taylor Elgersma,1800,42
Donovan Jennings,Trey Hill,1800,53
Donovan Jennings,Tucker Kraft,1800,7
Donovan Jennings,Tyler Cooper,1800,35
Donovan Jennings,Will Sheppard,1800,29
Donovan Jennings,Zach Tom,1800,16
Donovan McMillon,Adin Huntington,1050,45
Donovan McMillon,Cameron Mitchell,1050,5
Donovan McMillon,Cameron Thomas,1050,25
Donovan McMillon,Charlie Thomas,1050,21
Donovan McMillon,Chigozie Anusiem,1050,1
Donovan McMillon,Chris Edmonds,1050,81
Donovan McMillon,Christian Holmes,1050,14
Donovan McMillon,Damontae Kazee,1050,2
Donovan McMillon,Darius Rush,1050,18
Donovan McMillon,Dom Jones,1050,37
Donovan McMillon,Easton Mascarenas-Arnold,1050,75
Donovan McMillon,Joe Tryon-Shoyinka,1050,3
Donovan McMillon,Jowon Briggs,1050,37
Donovan McMillon,Julian Okwara,1050,45
Donovan McMillon,KJ Henry,1050,57
Donovan McMillon,Keenan Isaac,1050,47
Donovan McMillon,LaMareon James,1050,23
Donovan McMillon,Marvin Moody,1050,5
Donovan McMillon,Myles Harden,1050,13
Donovan McMillon,Nathaniel Watson,1050,57
Donovan McMillon,Nik Needham,1050,55
Donovan McMillon,Ralph Holley,1050,67
Donovan McMillon,Sam Kamara,1050,15
Donovan McMillon,Titus Leo,1050,32
Donovan McMillon,Tony Brown,1050,22
Donovan McMillon,Winston Reid,1050,8
Donovan Peoples-Jones,Barry Wesley,3300,3
Donovan Peoples-Jones,Cedrick Wilson Jr.,3300,1
Donovan Peoples-Jones,Dante Pettis,3300,7
Donovan Peoples-Jones,Dillon Radunz,3300,3
Donovan Peoples-Jones,Easton Kilty,3300,8
Donovan Peoples-Jones,Jake Haener,3300,8
Donovan Peoples-Jones,Jonathan Mendoza,3300,5
Donovan Peoples-Jones,Josiah Ezirim,3300,5
Donovan Peoples-Jones,Kevin Austin Jr.,3300,8
Donovan Peoples-Jones,Marcus Yarns,3300,8
Donovan Peoples-Jones,Michael Jacobson,3300,5
Donovan Peoples-Jones,Moliki Matavao,3300,3
Donovan Peoples-Jones,Shane Lemieux,3300,8
Donovan Peoples-Jones,Torricelli Simpkins III,3300,8
Dont'e Thornton Jr.,Aidan O'Connell,2520,17
Dont'e Thornton Jr.,Albert Okwuegbunam,2520,4
Dont'e Thornton Jr.,Alex Bachman,2520,27
Dont'e Thornton Jr.,Alex Cappa,2520,10
Dont'e Thornton Jr.,Ashton Jeanty,2520,23
Dont'e Thornton Jr.,Atonio Mafi,2520,10
Dont'e Thornton Jr.,Brock Bowers,2520,9
Dont'e Thornton Jr.,Caleb Rogers,2520,27
Dont'e Thornton Jr.,Cam Miller,2520,10
Dont'e Thornton Jr.,Charles Grant,2520,21
Dont'e Thornton Jr.,DJ Glaze,2520,32
Dont'e Thornton Jr.,Dylan Parham,2520,26
Dont'e Thornton Jr.,Geno Smith,2520,26
Dont'e Thornton Jr.,Ian Thomas,2520,15
Dont'e Thornton Jr.,Jack Bech,2520,27
Dont'e Thornton Jr.,Jackson Powers-Johnson,2520,33
Dont'e Thornton Jr.,Jakobi Meyers,2520,26
Dont'e Thornton Jr.,Jordan Meredith,2520,33
Dont'e Thornton Jr.,Kolton Miller,2520,26
Dont'e Thornton Jr.,Michael Mayer,2520,22
Dont'e Thornton Jr.,Qadir Ismail,2520,3
Dont'e Thornton Jr.,Raheem Mostert,2520,14
Dont'e Thornton Jr.,Thayer Munford Jr.,2520,27
Dont'e Thornton Jr.,Tre Tucker,2520,26
Dont'e Thornton Jr.,Will Putnam,2520,20
Dont'e Thornton Jr.,Zamir White,2520,16
Dontae Fleming,Ben Yurosek,3000,7
Dontae Fleming,Brett Rypien,3000,9
Dontae Fleming,Bryson Nesbit,3000,19
Dontae Fleming,Giovanni Ricci,3000,15
Dontae Fleming,Jeshaun Jones,3000,1
Dontae Fleming,Joe Huber,3000,45
Dontae Fleming,Leroy Watson IV,3000,18
Dontae Fleming,Logan Brown,3000,45
Dontae Fleming,Max Brosmer,3000,36
Dontae Fleming,Michael Gonzalez,3000,29
Dontae Fleming,Michael Jurgens,3000,9
Dontae Fleming,Myles Price,3000,35
Dontae Fleming,Nick Vannett,3000,19
Dontae Fleming,Robert Lewis,3000,15
Dontae Fleming,Silas Bolden,3000,22
Dontae Fleming,Thayer Thomas,3000,2
Dontae Fleming,Tre Stewart,3000,26
Dontae Fleming,Vershon Lee,3000,45
Dontae Fleming,Xazavian Valladay,3000,18
Dontae Fleming,Zack Bailey,3000,27
Dontae Fleming,Zavier Scott,3000,1
Dontae Fleming,Zeke Correll,3000,7
Dontae Manning,Billy Bowman Jr.,0200,10
Dontae Manning,Brandon Dorlus,0200,12
Dontae Manning,Caleb Johnson,0200,33
Dontae Manning,Cobee Bryant,0200,11
Dontae Manning,DeAngelo Malone,0200,36
Dontae Manning,Henry Black,0200,30
Dontae Manning,James Pearce Jr.,0200,22
Dontae Manning,Josh Thompson,0200,41
Dontae Manning,Kentavius Street,0200,18
Dontae Manning,Khalid Kareem,0200,7
Dontae Manning,LaCale London,0200,21
Dontae Manning,Lamar Jackson,0200,34
Dontae Manning,Mike Ford,0200,26
Dontae Manning,Morgan Fox,0200,21
Dontae Manning,Natrone Brooks,0200,8
Dontae Manning,Nick Kubitz,0200,16
Dontae Manning,Ronnie Harrison,0200,29
Dontae Manning,Ronnie Perkins,0200,11
Dontae Manning,Simeon Barrow Jr.,0200,32
Dontae Manning,Xavier Watts,0200,8
Dontae Manning,Zach Harrison,0200,14
Donte Jackson,Alohi Gilman,4400,8
Donte Jackson,Benjamin St-Juste,4400,9
Donte Jackson,Bud Dupree,4400,6
Donte Jackson,Caleb Murphy,4400,3
Donte Jackson,Da'Shawn Hand,4400,3
Donte Jackson,Daiyan Henley,4400,9
Donte Jackson,Denzel Perryman,4400,9
Donte Jackson,Elijah Molden,4400,9
Donte Jackson,Naquan Jones,4400,3
Donte Jackson,Otito Ogbonnia,4400,6
Donte Jackson,Tarheeb Still,4400,9
Donte Jackson,Teair Tart,4400,6
Donte Jackson,Tony Jefferson,4400,1
Donte Jackson,Tre'Mon Morris-Brash,4400,3
Donte Jackson,Tuli Tuipulotu,4400,6
Dorance Armstrong,Daron Payne,5110,5
Dorance Armstrong,Deatrich Wise,5110,4
Dorance Armstrong,Frankie Luvu,5110,5
Dorance Armstrong,Jacob Martin,5110,1
Dorance Armstrong,Javon Kinlaw,5110,4
Dorance Armstrong,Jeremy Reaves,5110,1
Dorance Armstrong,Kain Medrano,5110,5
Dorance Armstrong,Marshon Lattimore,5110,5
Dorance Armstrong,Mike Sainristil,5110,5
Dorance Armstrong,Noah Igbinoghene,5110,2
Dorance Armstrong,Quan Martin,5110,5
Dorance Armstrong,Tyler Owens,5110,3
Dorance Armstrong,Will Harris,5110,5
Dorian Mausi,Ambry Thomas,3000,31
Dorian Mausi,Austin Keys,3000,22
Dorian Mausi,Bo Richter,3000,12
Dorian Mausi,Cam Gill,3000,36
Dorian Mausi,Chaz Chambliss,3000,51
Dorian Mausi,Dwight McGlothern,3000,29
Dorian Mausi,Elijah Williams,3000,29
Dorian Mausi,Gabriel Murphy,3000,6
Dorian Mausi,Gervarrius Owens,3000,22
Dorian Mausi,Jay Ward,3000,24
Dorian Mausi,Jonathan Harris,3000,34
Dorian Mausi,Kahlef Hailassie,3000,17
Dorian Mausi,Keenan Garber,3000,12
Dorian Mausi,Kobe King,3000,31
Dorian Mausi,Levi Drake Rodriguez,3000,19
Dorian Mausi,Mekhi Blackmon,3000,28
Dorian Mausi,Mishael Powell,3000,35
Dorian Mausi,Reddy Steward,3000,26
Dorian Mausi,Taki Taimani,3000,11
Dorian Mausi,Tavierre Thomas,3000,24
Dorian Mausi,Travis Bell,3000,32
Dorian Mausi,Tyler Batty,3000,7
Dorian Mausi,Tyrion Ingram-Dawkins,3000,28
Dorian Mausi,Zemaiah Vaughn,3000,24
Dorian Singer,Austin Trammell,2250,22
Dorian Singer,Bhayshul Tuten,2250,6
Dorian Singer,Cam Camper,2250,31
Dorian Singer,Chandler Brayboy,2250,29
Dorian Singer,Darius Lassiter,2250,23
Dorian Singer,Eli Pancol,2250,14
Dorian Singer,Fred Johnson,2250,2
Dorian Singer,Ja'Quinden Jackson,2250,29
Dorian Singer,Javon Foster,2250,63
Dorian Singer,Jerome Carvin,2250,35
Dorian Singer,John Copenhaver,2250,15
Dorian Singer,John Wolford,2250,25
Dorian Singer,Johnny Mundt,2250,2
Dorian Singer,Jonah Monheim,2250,35
Dorian Singer,Kevin Harris,2250,16
Dorian Singer,LeQuint Allen Jr.,2250,19
Dorian Singer,Luke Fortner,2250,7
Dorian Singer,Nick Mullens,2250,2
Dorian Singer,Patrick Herbert,2250,25
Dorian Singer,Patrick Mekari,2250,2
Dorian Singer,Quintin Morris,2250,25
Dorian Singer,Ricky Lee,2250,68
Dorian Singer,Sal Wormley,2250,68
Dorian Singer,Seth Henigan,2250,43
Dorian Singer,Shawn Bowman,2250,8
Dorian Singer,Tremayne Anchrum,2250,63
Dorian Singer,Trenton Irwin,2250,16
Dorian Singer,Wyatt Milum,2250,7
Dorian Strong,A.J. Epenesa,0610,32
Dorian Strong,Brandon Codrington,0610,65
Dorian Strong,Cam Lewis,0610,7
Dorian Strong,Casey Rogers,0610,24
Dorian Strong,Cole Bishop,0610,16
Dorian Strong,Daequan Hardy,0610,15
Dorian Strong,Damar Hamlin,0610,37
Dorian Strong,Dane Jackson,0610,88
Dorian Strong,Darrick Forrest,0610,47
Dorian Strong,DeWayne Carter,0610,32
Dorian Strong,Deone Walker,0610,46
Dorian Strong,Dorian Williams,0610,63
Dorian Strong,Edefuan Ulofoshio,0610,36
Dorian Strong,Ja'Marcus Ingram,0610,29
Dorian Strong,Javon Solomon,0610,48
Dorian Strong,Jimmy Ciarlo,0610,13
Dorian Strong,Joe Andreessen,0610,87
Dorian Strong,Jordan Hancock,0610,78
Dorian Strong,Justin Hollins,0610,21
Dorian Strong,Keonta Jenkins,0610,35
Dorian Strong,Landon Jackson,0610,53
Dorian Strong,Larry Ogunjobi,0610,21
Dorian Strong,Marcus Harris,0610,27
Dorian Strong,Michael Hoecht,0610,51
Dorian Strong,Nelson Ceaser,0610,1
Dorian Strong,Paris Shand,0610,28
Dorian Strong,T.J. Sanders,0610,46
Dorian Strong,Te'Cory Couch,0610,37
Dorian Strong,Tre Herndon,0610,33
Dorian Strong,Wande Owens,0610,16
Dorian Strong,Zion Logue,0610,38
Dorian Thompson-Robinson,AJ Dillon,3700,6
Dorian Thompson-Robinson,Ainias Smith,3700,8
Dorian Thompson-Robinson,Ben VanSumeren,3700,3
Dorian Thompson-Robinson,Brett Toth,3700,18
Dorian Thompson-Robinson,Cameron Latu,3700,3
Dorian Thompson-Robinson,Cameron Williams,3700,18
Dorian Thompson-Robinson,Darian Kinnard,3700,12
Dorian Thompson-Robinson,Darius Cooper,3700,26
Dorian Thompson-Robinson,Drew Kendall,3700,30
Dorian Thompson-Robinson,E.J. Jenkins,3700,22
Dorian Thompson-Robinson,Harrison Bryant,3700,4
Dorian Thompson-Robinson,Johnny Wilson,3700,22
Dorian Thompson-Robinson,Keilan Robinson,3700,3
Dorian Thompson-Robinson,Kendall Lamm,3700,9
Dorian Thompson-Robinson,Kenyon Green,3700,12
Dorian Thompson-Robinson,Kylen Granson,3700,2
Dorian Thompson-Robinson,Matt Pryor,3700,9
Dorian Thompson-Robinson,Montrell Johnson Jr.,3700,3
Dorian Thompson-Robinson,Myles Hinton,3700,21
Dorian Thompson-Robinson,Nick Muse,3700,7
Dorian Thompson-Robinson,ShunDerrick Powell,3700,18
Dorian Thompson-Robinson,Taylor Morin,3700,11
Dorian Thompson-Robinson,Terrace Marshall Jr.,3700,12
Dorian Thompson-Robinson,Trevor Keegan,3700,21
Dorian Williams,A.J. Epenesa,0610,20
Dorian Williams,Brandon Codrington,0610,48
Dorian Williams,Casey Rogers,0610,6
Dorian Williams,Cole Bishop,0610,21
Dorian Williams,Daequan Hardy,0610,20
Dorian Williams,Damar Hamlin,0610,35
Dorian Williams,Dane Jackson,0610,62
Dorian Williams,Darrick Forrest,0610,10
Dorian Williams,DeWayne Carter,0610,19
Dorian Williams,Deone Walker,0610,37
Dorian Williams,Dorian Strong,0610,63
Dorian Williams,Ja'Marcus Ingram,0610,11
Dorian Williams,Javon Solomon,0610,32
Dorian Williams,Joe Andreessen,0610,68
Dorian Williams,Jordan Hancock,0610,37
Dorian Williams,Landon Jackson,0610,38
Dorian Williams,Larry Ogunjobi,0610,8
Dorian Williams,Marcus Harris,0610,13
Dorian Williams,Michael Hoecht,0610,38
Dorian Williams,Nelson Ceaser,0610,1
Dorian Williams,Paris Shand,0610,7
Dorian Williams,T.J. Sanders,0610,37
Dorian Williams,Tre Herndon,0610,33
Dorian Williams,Zion Logue,0610,16
Doug Nester,Aiden Williams,3900,50
Doug Nester,Andrus Peat,3900,48
Doug Nester,Brandon Johnson,3900,27
Doug Nester,Connor Heyward,3900,33
Doug Nester,Darnell Washington,3900,3
Doug Nester,Dylan Cook,3900,77
Doug Nester,Evan Hull,3900,24
Doug Nester,Gareth Warren,3900,41
Doug Nester,JJ Galbreath,3900,87
Doug Nester,Julian Pearl,3900,12
Doug Nester,Kaleb Johnson,3900,36
Doug Nester,Ke'Shawn Williams,3900,46
Doug Nester,Kevin Foelsch,3900,23
Doug Nester,Lance McCutcheon,3900,47
Doug Nester,Lew Nichols III,3900,22
Doug Nester,Logan Woodside,3900,30
Doug Nester,Max Hurleman,3900,52
Doug Nester,Max Scharping,3900,106
Doug Nester,Robert Woods,3900,41
Doug Nester,Roc Taylor,3900,37
Doug Nester,Roman Wilson,3900,11
Doug Nester,Ryan McCollum,3900,12
Doug Nester,Scott Miller,3900,13
Doug Nester,Skylar Thompson,3900,76
Doug Nester,Steven Jones,3900,82
Doug Nester,Trey Sermon,3900,24
Drake Dabney,Andrew Rupcich,2100,14
Drake Dabney,Arlington Hambright,2100,7
Drake Dabney,Brandon Crenshaw-Dickson,2100,19
Drake Dabney,David Martin-Robinson,2100,1
Drake Dabney,Jackson Slater,2100,21
Drake Dabney,Jaelyn Duncan,2100,17
Drake Dabney,James Proche,2100,1
Drake Dabney,Jermar Jefferson,2100,3
Drake Dabney,Jha'Quan Jackson,2100,2
Drake Dabney,John Ojukwu,2100,2
Drake Dabney,Jordan Mims,2100,16
Drake Dabney,Josh Whyle,2100,2
Drake Dabney,Kalel Mullings,2100,2
Drake Dabney,Mason Kinsey,2100,14
Drake Dabney,Matt Landers,2100,4
Drake Dabney,Olisaemeka Udoh,2100,4
Drake Dabney,Sam Mustipher,2100,21
Drake Dabney,T.J. Sheffield,2100,16
Drake Dabney,Thomas Odukoya,2100,6
Drake Dabney,Tim Boyle,2100,7
Drake Dabney,Trevor Siemian,2100,14
Drake Dabney,Xavier Restrepo,2100,17
Drake Maye,Antonio Gibson,3200,6
Drake Maye,Austin Hooper,3200,24
Drake Maye,Ben Brown,3200,23
Drake Maye,DeMario Douglas,3200,15
Drake Maye,Garrett Bradbury,3200,20
Drake Maye,Hunter Henry,3200,5
Drake Maye,Jack Westover,3200,13
Drake Maye,Jared Wilson,3200,13
Drake Maye,Kayshon Boutte,3200,22
Drake Maye,Kyle Williams,3200,11
Drake Maye,Mack Hollins,3200,21
Drake Maye,Marcus Bryant,3200,28
Drake Maye,Mike Onwenu,3200,28
Drake Maye,Rhamondre Stevenson,3200,8
Drake Maye,TreVeyon Henderson,3200,15
Drake Maye,Will Campbell,3200,28
Drake Nugent,Ameer Abdullah,4500,5
Drake Nugent,Austen Pleasants,4500,29
Drake Nugent,Brayden Willis,4500,60
Drake Nugent,Carter Bradley,4500,64
Drake Nugent,Connor Colby,4500,34
Drake Nugent,Corey Kiner,4500,25
Drake Nugent,Demarcus Robinson,4500,8
Drake Nugent,Drew Moss,4500,83
Drake Nugent,Isaac Alarcon,4500,85
Drake Nugent,Isaac Guerendo,4500,7
Drake Nugent,Isaiah Hodgins,4500,24
Drake Nugent,Isaiah Prince,4500,64
Drake Nugent,Jake Tonges,4500,77
Drake Nugent,Jeff Wilson,4500,32
Drake Nugent,Jordan Watkins,4500,17
Drake Nugent,Junior Bergen,4500,35
Drake Nugent,Ke'Shawn Vaughn,4500,26
Drake Nugent,Luke Farrell,4500,1
Drake Nugent,Malik Turner,4500,38
Drake Nugent,Michael Dunn,4500,23
Drake Nugent,Nick Zakelj,4500,46
Drake Nugent,Robbie Chosen,4500,61
Drake Nugent,Russell Gage,4500,8
Drake Nugent,Skyy Moore,4500,15
Drake Nugent,Spencer Burford,4500,8
Drake Nugent,Tanner Mordecai,4500,29
Drake Nugent,Terique Owens,4500,26
Drake Stoops,A.J. Arcuri,2510,65
Drake Stoops,Anthony Torres,2510,18
Drake Stoops,Beaux Limmer,2510,58
Drake Stoops,Ben Dooley,2510,31
Drake Stoops,Blake Corum,2510,28
Drake Stoops,Brennan Presley,2510,29
Drake Stoops,Britain Covey,2510,30
Drake Stoops,Cody Schrader,2510,21
Drake Stoops,David Quessenberry,2510,47
Drake Stoops,Davis Allen,2510,36
Drake Stoops,Dresser Winn,2510,29
Drake Stoops,Jarquez Hunter,2510,46
Drake Stoops,John Leglue,2510,6
Drake Stoops,Jordan Waters,2510,1
Drake Stoops,Justin Dedich,2510,65
Drake Stoops,KT Leveston,2510,49
Drake Stoops,Konata Mumpfield,2510,57
Drake Stoops,Mario Williams,2510,8
Drake Stoops,Mark Redman,2510,25
Drake Stoops,McCallan Castles,2510,2
Drake Stoops,Mike Mcallister,2510,1
Drake Stoops,Stetson Bennett,2510,67
Drake Stoops,Terrance Ferguson,2510,18
Drake Stoops,Trey Wedig,2510,31
Drake Stoops,Tru Edwards,2510,13
Drake Stoops,Warren McClendon Jr.,2510,25
Drake Stoops,Willie Lampkin,2510,7
Drake Stoops,Wyatt Bowles,2510,95
Drake Stoops,Xavier Smith,2510,52
Drake Thomas,Anthony Campbell,4600,7
Drake Thomas,Brandon Pili,4600,32
Drake Thomas,Connor O'Toole,4600,54
Drake Thomas,D'Anthony Bell,4600,90
Drake Thomas,D'Eryk Jackson,4600,36
Drake Thomas,Damarion Williams,4600,84
Drake Thomas,Isas Waxter,4600,18
Drake Thomas,J.R. Singleton,4600,37
Drake Thomas,Jalan Gaines,4600,16
Drake Thomas,Jamie Sheriff,4600,39
Drake Thomas,Jared Ivey,4600,55
Drake Thomas,Jerrick Reed II,4600,42
Drake Thomas,Josh Jobe,4600,21
Drake Thomas,Keydrain Calligan,4600,21
Drake Thomas,Mike Morris,4600,49
Drake Thomas,Nehemiah Pritchett,4600,55
Drake Thomas,Nick Emmanwori,4600,15
Drake Thomas,Patrick O'Connell,4600,63
Drake Thomas,Quinton Bohanna,4600,58
Drake Thomas,Seth Coleman,4600,15
Drake Thomas,Shaquill Griffin,4600,24
Drake Thomas,Ty Okada,4600,101
Drake Thomas,Tyler Hall,4600,57
Drake Thomas,Tyreke Smith,4600,52
Drake Thomas,Wy'Kevious Thomas,4600,39
Dre'Mont Jones,Amani Hooker,2100,22
Dre'Mont Jones,Arden Key,2100,17
Dre'Mont Jones,Carlos Watkins,2100,5
Dre'Mont Jones,Cedric Gray,2100,18
Dre'Mont Jones,Cody Barton,2100,22
Dre'Mont Jones,Darrell Baker Jr.,2100,22
Dre'Mont Jones,James Lynch,2100,11
Dre'Mont Jones,James Williams,2100,4
Dre'Mont Jones,Jarvis Brownlee Jr.,2100,22
Dre'Mont Jones,Jeffery Simmons,2100,11
Dre'Mont Jones,Oluwafemi Oladejo,2100,11
Dre'Mont Jones,Roger McCreary,2100,17
Dre'Mont Jones,Sebastian Joseph-Day,2100,11
Dre'Mont Jones,Timmy Horne,2100,5
Dre'Mont Jones,Xavier Woods,2100,22
Dresser Winn,A.J. Arcuri,2510,28
Dresser Winn,Ben Dooley,2510,57
Dresser Winn,Brennan Presley,2510,52
Dresser Winn,Britain Covey,2510,48
Dresser Winn,Cody Schrader,2510,31
Dresser Winn,Drake Stoops,2510,29
Dresser Winn,Jarquez Hunter,2510,10
Dresser Winn,John Leglue,2510,23
Dresser Winn,Jordan Waters,2510,16
Dresser Winn,KT Leveston,2510,57
Dresser Winn,Mario Williams,2510,6
Dresser Winn,Mark Redman,2510,27
Dresser Winn,McCallan Castles,2510,13
Dresser Winn,Mike Mcallister,2510,13
Dresser Winn,Terrance Ferguson,2510,20
Dresser Winn,Trey Wedig,2510,57
Dresser Winn,Tru Edwards,2510,33
Dresser Winn,Willie Lampkin,2510,6
Dresser Winn,Wyatt Bowles,2510,44
Drew Dalman,Braxton Jones,0810,39
Drew Dalman,Brittain Brown,0810,10
Drew Dalman,Caleb Williams,0810,39
Drew Dalman,Cole Kmet,0810,24
Drew Dalman,Colston Loveland,0810,28
Drew Dalman,D'Andre Swift,0810,18
Drew Dalman,DJ Moore,0810,38
Drew Dalman,Darnell Wright,0810,39
Drew Dalman,Deion Hankins,0810,11
Drew Dalman,Jonah Jackson,0810,39
Drew Dalman,Luke Newman,0810,39
Drew Dalman,Luther Burden III,0810,1
Drew Dalman,Olamide Zaccheaus,0810,26
Drew Dalman,Rome Odunze,0810,39
Drew Kendall,AJ Dillon,3700,22
Drew Kendall,Ainias Smith,3700,60
Drew Kendall,Ben VanSumeren,3700,6
Drew Kendall,Brett Toth,3700,102
Drew Kendall,Cameron Latu,3700,9
Drew Kendall,Cameron Williams,3700,38
Drew Kendall,Darian Kinnard,3700,67
Drew Kendall,Darius Cooper,3700,91
Drew Kendall,Dorian Thompson-Robinson,3700,30
Drew Kendall,E.J. Jenkins,3700,41
Drew Kendall,Elijah Cooks,3700,1
Drew Kendall,Giles Jackson,3700,9
Drew Kendall,Grant Calcaterra,3700,13
Drew Kendall,Harrison Bryant,3700,21
Drew Kendall,Ife Adeyi,3700,9
Drew Kendall,Jahan Dotson,3700,9
Drew Kendall,John Metchie III,3700,15
Drew Kendall,Johnny Wilson,3700,62
Drew Kendall,Keilan Robinson,3700,34
Drew Kendall,Kendall Lamm,3700,46
Drew Kendall,Kenyon Green,3700,12
Drew Kendall,Kyle McCord,3700,43
Drew Kendall,Kylen Granson,3700,44
Drew Kendall,Matt Pryor,3700,57
Drew Kendall,Montrell Johnson Jr.,3700,26
Drew Kendall,Myles Hinton,3700,68
Drew Kendall,Nick Muse,3700,15
Drew Kendall,ShunDerrick Powell,3700,18
Drew Kendall,Tanner McKee,3700,41
Drew Kendall,Taylor Morin,3700,20
Drew Kendall,Terrace Marshall Jr.,3700,30
Drew Kendall,Trevor Keegan,3700,57
Drew Kendall,Tyler Steen,3700,9
Drew Kendall,Will Shipley,3700,14
Drew Lock,AJ Barner,4600,2
Drew Lock,Abraham Lucas,4600,27
Drew Lock,Amari Kight,4600,44
Drew Lock,Anthony Bradford,4600,27
Drew Lock,Brady Russell,4600,26
Drew Lock,Bryce Cabeldue,4600,17
Drew Lock,Christian Haynes,4600,46
Drew Lock,Cody White,4600,20
Drew Lock,Damien Martinez,4600,40
Drew Lock,Dareke Young,4600,42
Drew Lock,Elijah Arroyo,4600,47
Drew Lock,Eric Saubert,4600,30
Drew Lock,Federico Maranges,4600,16
Drew Lock,George Holani,4600,26
Drew Lock,Grey Zabel,4600,27
Drew Lock,Jacardia Wright,4600,6
Drew Lock,Jake Bobo,4600,42
Drew Lock,Jalen Sundell,4600,57
Drew Lock,Josh Jones,4600,57
Drew Lock,Marquez Valdes-Scantling,4600,8
Drew Lock,Marshall Lang,4600,4
Drew Lock,Mason Richman,4600,3
Drew Lock,Michael Jerrell,4600,16
Drew Lock,Nick Kallerup,4600,20
Drew Lock,Robbie Ouzts,4600,7
Drew Lock,Sataoa Laumea,4600,29
Drew Lock,Tory Horton,4600,44
Drew Moss,Ameer Abdullah,4500,5
Drew Moss,Austen Pleasants,4500,19
Drew Moss,Brayden Willis,4500,56
Drew Moss,Carter Bradley,4500,54
Drew Moss,Connor Colby,4500,24
Drew Moss,Corey Kiner,4500,17
Drew Moss,Demarcus Robinson,4500,6
Drew Moss,Drake Nugent,4500,83
Drew Moss,Isaac Alarcon,4500,83
Drew Moss,Isaac Guerendo,4500,5
Drew Moss,Isaiah Hodgins,4500,24
Drew Moss,Isaiah Prince,4500,64
Drew Moss,Jake Tonges,4500,67
Drew Moss,Jeff Wilson,4500,32
Drew Moss,Jordan Watkins,4500,9
Drew Moss,Junior Bergen,4500,29
Drew Moss,Ke'Shawn Vaughn,4500,26
Drew Moss,Luke Farrell,4500,1
Drew Moss,Malik Turner,4500,36
Drew Moss,Michael Dunn,4500,23
Drew Moss,Nick Zakelj,4500,36
Drew Moss,Robbie Chosen,4500,61
Drew Moss,Skyy Moore,4500,15
Drew Moss,Tanner Mordecai,4500,29
Drew Moss,Terique Owens,4500,26
Drew Sample,Amarius Mims,0920,23
Drew Sample,Andrei Iosivas,0920,14
Drew Sample,Cam Grandy,0920,5
Drew Sample,Charlie Jones,0920,3
Drew Sample,Chase Brown,0920,18
Drew Sample,Dylan Fairchild,0920,23
Drew Sample,Ja'Marr Chase,0920,19
Drew Sample,Jalen Rivers,0920,1
Drew Sample,Joe Burrow,0920,23
Drew Sample,Lucas Patrick,0920,22
Drew Sample,Mitchell Tinsley,0920,4
Drew Sample,Noah Fant,0920,6
Drew Sample,Orlando Brown,0920,23
Drew Sample,Samaje Perine,0920,2
Drew Sample,Tahj Brooks,0920,3
Drew Sample,Tanner Hudson,0920,1
Drew Sample,Ted Karras,0920,23
Drew Sample,Tee Higgins,0920,17
Duke Riley,Ale Kaho,5110,28
Duke Riley,Andre Jones Jr.,5110,38
Duke Riley,Antonio Hamilton,5110,36
Duke Riley,Ben Nikkel,5110,26
Duke Riley,Bobby Price,5110,26
Duke Riley,Car'lin Vigers,5110,38
Duke Riley,Carl Davis,5110,20
Duke Riley,Clelin Ferrell,5110,30
Duke Riley,Daryl Worley,5110,28
Duke Riley,Eddie Goldman,5110,21
Duke Riley,Essang Bassey,5110,21
Duke Riley,Jacob Martin,5110,2
Duke Riley,Jalyn Holmes,5110,24
Duke Riley,Javontae Jean-Baptiste,5110,2
Duke Riley,Jer'Zhan Newton,5110,5
Duke Riley,Jeremy Reaves,5110,7
Duke Riley,Jordan Magee,5110,3
Duke Riley,Kain Medrano,5110,10
Duke Riley,Kam Arnold,5110,21
Duke Riley,Noah Igbinoghene,5110,22
Duke Riley,Norell Pollard,5110,21
Duke Riley,Percy Butler,5110,16
Duke Riley,Ricky Barber,5110,20
Duke Riley,Robert McDaniel,5110,40
Duke Riley,Sheldon Day,5110,30
Duke Riley,T.J. Maguranyanga,5110,21
Duke Riley,Trey Amos,5110,3
Duke Riley,Tyler Owens,5110,11
Duke Shelley,Adetomiwa Adebawore,2200,18
Duke Shelley,Alex Johnson,2200,24
Duke Shelley,Austin Ajiake,2200,28
Duke Shelley,BJ Mayes,2200,2
Duke Shelley,Cameron McGrone,2200,6
Duke Shelley,Chris Lammons,2200,30
Duke Shelley,Daniel Scott,2200,63
Duke Shelley,Desmond Little,2200,24
Duke Shelley,Devonta Davis,2200,21
Duke Shelley,Durell Nchami,2200,36
Duke Shelley,Eric Johnson,2200,16
Duke Shelley,Isaiah Land,2200,27
Duke Shelley,JT Tuimoloau,2200,32
Duke Shelley,Jacob Phillips,2200,14
Duke Shelley,Joe Bachie,2200,6
Duke Shelley,Johnathan Edwards,2200,21
Duke Shelley,Josh Tupou,2200,22
Duke Shelley,Ladarius Tennison,2200,5
Duke Shelley,Laiatu Latu,2200,6
Duke Shelley,Marcus Haynes,2200,5
Duke Shelley,Neville Gallimore,2200,16
Duke Shelley,Rodney Thomas,2200,20
Duke Shelley,Samuel Womack,2200,12
Duke Shelley,Segun Olubi,2200,52
Duke Shelley,Solomon DeShields,2200,20
Duke Shelley,Tim Smith,2200,35
Duke Shelley,Tre Herndon,2200,19
Duke Shelley,Trey Washington,2200,43
Duke Shelley,Tyquan Lewis,2200,6
Durell Nchami,Adetomiwa Adebawore,2200,33
Durell Nchami,Alex Johnson,2200,22
Durell Nchami,Austin Ajiake,2200,44
Durell Nchami,BJ Mayes,2200,15
Durell Nchami,Cameron McGrone,2200,24
Durell Nchami,Camryn Bynum,2200,3
Durell Nchami,Charvarius Ward,2200,3
Durell Nchami,Chris Lammons,2200,41
Durell Nchami,Daniel Scott,2200,68
Durell Nchami,DeForest Buckner,2200,1
Durell Nchami,Desmond Little,2200,14
Durell Nchami,Devonta Davis,2200,17
Durell Nchami,Duke Shelley,2200,36
Durell Nchami,Eric Johnson,2200,33
Durell Nchami,Grover Stewart,2200,2
Durell Nchami,Hunter Wohler,2200,18
Durell Nchami,Isaiah Land,2200,28
Durell Nchami,JT Tuimoloau,2200,51
Durell Nchami,Jacob Phillips,2200,17
Durell Nchami,Joe Bachie,2200,17
Durell Nchami,Johnathan Edwards,2200,47
Durell Nchami,Josh Tupou,2200,23
Durell Nchami,Julius Brents,2200,15
Durell Nchami,Ladarius Tennison,2200,12
Durell Nchami,Marcus Haynes,2200,3
Durell Nchami,Neville Gallimore,2200,37
Durell Nchami,Rodney Thomas,2200,45
Durell Nchami,Samuel Womack,2200,31
Durell Nchami,Segun Olubi,2200,50
Durell Nchami,Solomon DeShields,2200,21
Durell Nchami,Tim Smith,2200,38
Durell Nchami,Tre Herndon,2200,19
Durell Nchami,Trey Washington,2200,40
Durham Smythe,Braxton Jones,0810,14
Durham Smythe,Brittain Brown,0810,19
Durham Smythe,Chris Glaser,0810,2
Durham Smythe,Colston Loveland,0810,1
Durham Smythe,Devin Duvernay,0810,7
Durham Smythe,Ian Wheeler,0810,12
Durham Smythe,Joel Wilson,0810,4
Durham Smythe,Jordan McFadden,0810,46
Durham Smythe,Kyle Monangai,0810,13
Durham Smythe,Luke Newman,0810,46
Durham Smythe,Luther Burden III,0810,41
Durham Smythe,Maurice Alexander,0810,18
Durham Smythe,Miles Boykin,0810,1
Durham Smythe,Ozzy Trapilo,0810,33
Durham Smythe,Royce Freeman,0810,2
Durham Smythe,Ryan Bates,0810,47
Durham Smythe,Samori Toure,0810,6
Durham Smythe,Stephen Carlson,0810,20
Durham Smythe,Theo Benedet,0810,47
Durham Smythe,Travis Homer,0810,1
Durham Smythe,Tyler Scott,0810,43
Durham Smythe,Tyson Bagent,0810,47
Dvon J-Thomas,Antonio Grier Jr.,4900,8
Dvon J-Thomas,Bryce Hall,4900,6
Dvon J-Thomas,Deion Jones,4900,16
Dvon J-Thomas,Elijah Roberts,4900,20
Dvon J-Thomas,JJ Roberts,4900,12
Dvon J-Thomas,JayVian Farr,4900,6
Dvon J-Thomas,John Bullock,4900,33
Dvon J-Thomas,Jose Ramirez,4900,38
Dvon J-Thomas,Kaevon Merriweather,4900,23
Dvon J-Thomas,Kindle Vildor,4900,6
Dvon J-Thomas,Markees Watts,4900,10
Dvon J-Thomas,Nash Hutmacher,4900,32
Dvon J-Thomas,Nick Jackson,4900,19
Dvon J-Thomas,Rashad Wisdom,4900,27
Dvon J-Thomas,Roman Parodie,4900,26
Dvon J-Thomas,Shilo Sanders,4900,18
Dvon J-Thomas,Tre Avery,4900,20
Dvon J-Thomas,Tyrek Funderburk,4900,12
Dvon J-Thomas,Warren Peeples,4900,28
Dvon J-Thomas,Will Brooks,4900,20
Dwight McGlothern,Ambry Thomas,3000,9
Dwight McGlothern,Austin Keys,3000,48
Dwight McGlothern,Bo Richter,3000,62
Dwight McGlothern,Brian Asamoah,3000,18
Dwight McGlothern,Cam Gill,3000,27
Dwight McGlothern,Chaz Chambliss,3000,58
Dwight McGlothern,Dorian Mausi,3000,29
Dwight McGlothern,Elijah Williams,3000,40
Dwight McGlothern,Eric Wilson,3000,1
Dwight McGlothern,Gabriel Murphy,3000,43
Dwight McGlothern,Gervarrius Owens,3000,3
Dwight McGlothern,Jalen Redmond,3000,11
Dwight McGlothern,Jay Ward,3000,80
Dwight McGlothern,Jeff Okudah,3000,1
Dwight McGlothern,Jonathan Harris,3000,40
Dwight McGlothern,Kahlef Hailassie,3000,30
Dwight McGlothern,Kobe King,3000,65
Dwight McGlothern,Levi Drake Rodriguez,3000,23
Dwight McGlothern,Mekhi Blackmon,3000,84
Dwight McGlothern,Mishael Powell,3000,13
Dwight McGlothern,Reddy Steward,3000,7
Dwight McGlothern,Taki Taimani,3000,36
Dwight McGlothern,Tavierre Thomas,3000,82
Dwight McGlothern,Theo Jackson,3000,1
Dwight McGlothern,Travis Bell,3000,19
Dwight McGlothern,Tyler Batty,3000,24
Dwight McGlothern,Tyrion Ingram-Dawkins,3000,46
Dwight McGlothern,Zemaiah Vaughn,3000,60
Dyami Brown,Anton Harrison,2250,9
Dyami Brown,Brenton Strange,2250,9
Dyami Brown,Brian Thomas Jr.,2250,9
Dyami Brown,Chuma Edoga,2250,9
Dyami Brown,Ezra Cleveland,2250,9
Dyami Brown,Hunter Long,2250,1
Dyami Brown,Robert Hainsey,2250,9
Dyami Brown,Travis Etienne,2250,9
Dyami Brown,Travis Hunter,2250,8
Dyami Brown,Trevor Lawrence,2250,9
Dyami Brown,Walker Little,2250,9
Dylan Cook,Aiden Williams,3900,31
Dylan Cook,Andrus Peat,3900,44
Dylan Cook,Brandon Johnson,3900,27
Dylan Cook,Connor Heyward,3900,32
Dylan Cook,Darnell Washington,3900,9
Dylan Cook,Doug Nester,3900,77
Dylan Cook,Evan Hull,3900,9
Dylan Cook,Gareth Warren,3900,19
Dylan Cook,JJ Galbreath,3900,71
Dylan Cook,Julian Pearl,3900,5
Dylan Cook,Kaleb Johnson,3900,43
Dylan Cook,Ke'Shawn Williams,3900,27
Dylan Cook,Kevin Foelsch,3900,23
Dylan Cook,Lance McCutcheon,3900,50
Dylan Cook,Lew Nichols III,3900,21
Dylan Cook,Logan Woodside,3900,20
Dylan Cook,Max Hurleman,3900,36
Dylan Cook,Max Scharping,3900,95
Dylan Cook,Robert Woods,3900,48
Dylan Cook,Roc Taylor,3900,19
Dylan Cook,Roman Wilson,3900,17
Dylan Cook,Ryan McCollum,3900,23
Dylan Cook,Scott Miller,3900,17
Dylan Cook,Skylar Thompson,3900,75
Dylan Cook,Steven Jones,3900,90
Dylan Cook,Trey Sermon,3900,22
Dylan Drummond,Ben DiNucci,0200,2
Dylan Drummond,Brandon Parker,0200,36
Dylan Drummond,Casey Washington,0200,9
Dylan Drummond,Chris Blair,0200,68
Dylan Drummond,David Sills,0200,13
Dylan Drummond,Easton Stick,0200,77
Dylan Drummond,Elijah Dotson,0200,24
Dylan Drummond,Elijah Wilkinson,0200,64
Dylan Drummond,Feleipe Franks,0200,32
Dylan Drummond,Jack Nelson,0200,79
Dylan Drummond,Jake Hanson,0200,2
Dylan Drummond,Jashaun Corbin,0200,19
Dylan Drummond,Jesse Matthews,0200,16
Dylan Drummond,Jordan Williams,0200,2
Dylan Drummond,Joshua Gray,0200,56
Dylan Drummond,Joshua Simon,0200,29
Dylan Drummond,Jovaughn Gwyn,0200,77
Dylan Drummond,Kyle Hinton,0200,77
Dylan Drummond,Matthew Cindric,0200,2
Dylan Drummond,Nate Carter,0200,36
Dylan Drummond,Nick Nash,0200,50
Dylan Drummond,Nikola Kalinic,0200,20
Dylan Fairchild,Amarius Mims,0920,38
Dylan Fairchild,Andrei Iosivas,0920,29
Dylan Fairchild,Cam Grandy,0920,6
Dylan Fairchild,Charlie Jones,0920,15
Dylan Fairchild,Chase Brown,0920,19
Dylan Fairchild,Drew Sample,0920,23
Dylan Fairchild,Ja'Marr Chase,0920,24
Dylan Fairchild,Jalen Rivers,0920,7
Dylan Fairchild,Joe Burrow,0920,38
Dylan Fairchild,Lucas Patrick,0920,31
Dylan Fairchild,Mitchell Tinsley,0920,14
Dylan Fairchild,Noah Fant,0920,14
Dylan Fairchild,Orlando Brown,0920,38
Dylan Fairchild,Samaje Perine,0920,9
Dylan Fairchild,Tahj Brooks,0920,10
Dylan Fairchild,Tanner Hudson,0920,7
Dylan Fairchild,Ted Karras,0920,38
Dylan Fairchild,Tee Higgins,0920,20
Dylan Horton,Arthur Maulet,2120,7
Dylan Horton,Azeez Al-Shaair,2120,2
Dylan Horton,Calen Bullock,2120,2
Dylan Horton,Casey Toohill,2120,8
Dylan Horton,Christian Harris,2120,5
Dylan Horton,D'Angelo Ross,2120,12
Dylan Horton,Damon Arnette,2120,8
Dylan Horton,Darrell Taylor,2120,16
Dylan Horton,Derek Stingley Jr.,2120,2
Dylan Horton,E.J. Speed,2120,14
Dylan Horton,Foley Fatukasi,2120,3
Dylan Horton,Haggai Ndubuisi,2120,1
Dylan Horton,Henry To'oTo'o,2120,8
Dylan Horton,Jackson Woodard,2120,2
Dylan Horton,Jake Hansen,2120,16
Dylan Horton,Jalen Mills,2120,17
Dylan Horton,Jalen Pitre,2120,2
Dylan Horton,Jamal Hill,2120,11
Dylan Horton,Jaylin Smith,2120,19
Dylan Horton,Junior Tafuna,2120,15
Dylan Horton,K.C. Ossai,2120,4
Dylan Horton,Kamari Lassiter,2120,2
Dylan Horton,M.J. Stewart,2120,16
Dylan Horton,Mario Edwards,2120,10
Dylan Horton,Myles Bryant,2120,11
Dylan Horton,Nick Niemann,2120,10
Dylan Horton,Russ Yeast,2120,18
Dylan Horton,Solomon Byrd,2120,5
Dylan Horton,Tim Settle,2120,2
Dylan Horton,Tommy Togiai,2120,25
Dylan Horton,Tremon Smith,2120,15
Dylan Laube,Aidan O'Connell,2520,8
Dylan Laube,Albert Okwuegbunam,2520,11
Dylan Laube,Alex Bachman,2520,2
Dylan Laube,Atonio Mafi,2520,16
Dylan Laube,Caleb Rogers,2520,14
Dylan Laube,Cam Miller,2520,25
Dylan Laube,Carter Runyon,2520,13
Dylan Laube,Charles Grant,2520,14
Dylan Laube,Collin Johnson,2520,9
Dylan Laube,Dalton Wagner,2520,19
Dylan Laube,Gottlieb Ayedze,2520,13
Dylan Laube,Jackson Powers-Johnson,2520,4
Dylan Laube,Jarrod Hufford,2520,19
Dylan Laube,Jordan Meredith,2520,4
Dylan Laube,Justin Shorter,2520,22
Dylan Laube,Kawaan Baker,2520,1
Dylan Laube,Ketron Jackson Jr.,2520,11
Dylan Laube,Laki Tasi,2520,15
Dylan Laube,Marquez Callaway,2520,2
Dylan Laube,Parker Clements,2520,19
Dylan Laube,Phillip Dorsett,2520,21
Dylan Laube,Qadir Ismail,2520,9
Dylan Laube,Shedrick Jackson,2520,25
Dylan Laube,Thayer Munford Jr.,2520,14
Dylan Laube,Tommy Mellott,2520,6
Dylan Laube,Will Putnam,2520,14
Dylan Parham,Ashton Jeanty,2520,21
Dylan Parham,Brock Bowers,2520,11
Dylan Parham,DJ Glaze,2520,28
Dylan Parham,Dont'e Thornton Jr.,2520,26
Dylan Parham,Geno Smith,2520,28
Dylan Parham,Ian Thomas,2520,2
Dylan Parham,Jackson Powers-Johnson,2520,28
Dylan Parham,Jakobi Meyers,2520,26
Dylan Parham,Jordan Meredith,2520,28
Dylan Parham,Kolton Miller,2520,28
Dylan Parham,Michael Mayer,2520,19
Dylan Parham,Raheem Mostert,2520,1
Dylan Parham,Thayer Munford Jr.,2520,2
Dylan Parham,Tre Tucker,2520,26
Dylan Parham,Zamir White,2520,6
Dylan Sampson,Adin Huntington,1050,1
Dylan Sampson,Brenden Bates,1050,2
Dylan Sampson,Cade McDonald,1050,1
Dylan Sampson,Cornelius Lucas,1050,8
Dylan Sampson,David Njoku,1050,3
Dylan Sampson,Dawand Jones,1050,5
Dylan Sampson,Diontae Johnson,1050,10
Dylan Sampson,Ethan Pocic,1050,4
Dylan Sampson,Gage Larvadain,1050,3
Dylan Sampson,Harold Fannin Jr.,1050,7
Dylan Sampson,Jack Conklin,1050,5
Dylan Sampson,Jackson Barton,1050,8
Dylan Sampson,Jamari Thrash,1050,11
Dylan Sampson,Javion Cohen,1050,8
Dylan Sampson,Jerry Jeudy,1050,2
Dylan Sampson,Joe Flacco,1050,5
Dylan Sampson,Kaden Davis,1050,11
Dylan Sampson,Luke Floriea,1050,1
Dylan Sampson,Luke Wypler,1050,9
Dylan Sampson,Shedeur Sanders,1050,8
Dylan Sampson,Teven Jenkins,1050,8
Dylan Sampson,Wyatt Teller,1050,5
Dylan Sampson,Zak Zinter,1050,5
Dymere Miller,Adrian Martinez,3430,23
Dymere Miller,Andrew Beck,3430,2
Dymere Miller,Brady Cook,3430,9
Dymere Miller,Brandon Smith,3430,1
Dymere Miller,Carter Warren,3430,32
Dymere Miller,Donovan Edwards,3430,18
Dymere Miller,Jamaal Pritchett,3430,12
Dymere Miller,Kohl Levao,3430,23
Dymere Miller,Lawrance Toafili,3430,14
Dymere Miller,Leander Wiegand,3430,9
Dymere Miller,Liam Fornadel,3430,32
Dymere Miller,Malachi Corley,3430,8
Dymere Miller,Marquis Hayes,3430,32
Dymere Miller,Neal Johnson,3430,25
Dymere Miller,Pokey Wilson,3430,22
Dymere Miller,Quentin Skinner,3430,10
Dymere Miller,Samuel Jackson,3430,32
Dymere Miller,Stone Smartt,3430,2
Dymere Miller,Zack Kuntz,3430,14
Dyontae Johnson,Abdul Carter,3410,3
Dyontae Johnson,Andru Phillips,3410,6
Dyontae Johnson,Art Green,3410,32
Dyontae Johnson,Chauncey Golston,3410,18
Dyontae Johnson,Chris Board,3410,13
Dyontae Johnson,Cordale Flott,3410,6
Dyontae Johnson,Cory Durden,3410,39
Dyontae Johnson,DJ Davidson,3410,33
Dyontae Johnson,Dane Belton,3410,2
Dyontae Johnson,Darius Alexander,3410,38
Dyontae Johnson,Dee Williams,3410,77
Dyontae Johnson,Elijah Chatman,3410,24
Dyontae Johnson,Elijah Garcia,3410,61
Dyontae Johnson,Jeremiah Ledbetter,3410,50
Dyontae Johnson,Jordon Riley,3410,42
Dyontae Johnson,K'Von Wallace,3410,37
Dyontae Johnson,K.J. Cloyd,3410,101
Dyontae Johnson,Makari Paige,3410,112
Dyontae Johnson,Nic Jones,3410,84
Dyontae Johnson,O'Donnell Fortune,3410,53
Dyontae Johnson,Raheem Layne,3410,37
Dyontae Johnson,TJ Moore,3410,80
Dyontae Johnson,Tomon Fox,3410,97
Dyontae Johnson,Trace Ford,3410,95
E.J. Jenkins,AJ Dillon,3700,3
E.J. Jenkins,Ainias Smith,3700,21
E.J. Jenkins,Ben VanSumeren,3700,6
E.J. Jenkins,Brett Toth,3700,38
E.J. Jenkins,Cameron Latu,3700,1
E.J. Jenkins,Cameron Williams,3700,35
E.J. Jenkins,Darian Kinnard,3700,32
E.J. Jenkins,Darius Cooper,3700,46
E.J. Jenkins,Dorian Thompson-Robinson,3700,22
E.J. Jenkins,Drew Kendall,3700,41
E.J. Jenkins,Elijah Cooks,3700,5
E.J. Jenkins,Giles Jackson,3700,6
E.J. Jenkins,Harrison Bryant,3700,1
E.J. Jenkins,Hollin Pierce,3700,6
E.J. Jenkins,Ife Adeyi,3700,3
E.J. Jenkins,John Metchie III,3700,10
E.J. Jenkins,Johnny Wilson,3700,18
E.J. Jenkins,Keilan Robinson,3700,19
E.J. Jenkins,Kendall Lamm,3700,16
E.J. Jenkins,Kenyon Green,3700,26
E.J. Jenkins,Kyle McCord,3700,38
E.J. Jenkins,Kylen Granson,3700,13
E.J. Jenkins,Laekin Vakalahi,3700,4
E.J. Jenkins,Matt Pryor,3700,6
E.J. Jenkins,Montrell Johnson Jr.,3700,21
E.J. Jenkins,Myles Hinton,3700,44
E.J. Jenkins,Nick Muse,3700,6
E.J. Jenkins,ShunDerrick Powell,3700,17
E.J. Jenkins,Taylor Morin,3700,16
E.J. Jenkins,Terrace Marshall Jr.,3700,28
E.J. Jenkins,Trevor Keegan,3700,52
E.J. Speed,Arthur Maulet,2120,4
E.J. Speed,Azeez Al-Shaair,2120,4
E.J. Speed,Calen Bullock,2120,4
E.J. Speed,Casey Toohill,2120,16
E.J. Speed,Christian Harris,2120,6
E.J. Speed,D'Angelo Ross,2120,37
E.J. Speed,Damon Arnette,2120,4
E.J. Speed,Danielle Hunter,2120,4
E.J. Speed,Darrell Taylor,2120,25
E.J. Speed,Derek Barnett,2120,6
E.J. Speed,Derek Stingley Jr.,2120,4
E.J. Speed,Dylan Horton,2120,14
E.J. Speed,Foley Fatukasi,2120,8
E.J. Speed,Henry To'oTo'o,2120,10
E.J. Speed,Jake Hansen,2120,35
E.J. Speed,Jalen Mills,2120,7
E.J. Speed,Jalen Pitre,2120,4
E.J. Speed,Jamal Hill,2120,1
E.J. Speed,Jaylin Smith,2120,37
E.J. Speed,Junior Tafuna,2120,12
E.J. Speed,Kamari Lassiter,2120,4
E.J. Speed,M.J. Stewart,2120,39
E.J. Speed,Mario Edwards,2120,9
E.J. Speed,Marlon Davidson,2120,10
E.J. Speed,Myles Bryant,2120,20
E.J. Speed,Nick Niemann,2120,8
E.J. Speed,Russ Yeast,2120,38
E.J. Speed,Sheldon Rankins,2120,4
E.J. Speed,Solomon Byrd,2120,17
E.J. Speed,Tim Settle,2120,23
E.J. Speed,Tommy Togiai,2120,26
E.J. Speed,Tremon Smith,2120,4
E.J. Speed,Will Anderson Jr.,2120,4
Earnest Brown IV,Alijah Clark,1200,23
Earnest Brown IV,Andrew Booth,1200,34
Earnest Brown IV,Bruce Harmon,1200,18
Earnest Brown IV,Buddy Johnson,1200,12
Earnest Brown IV,Christian Matthew,1200,30
Earnest Brown IV,Damone Clark,1200,19
Earnest Brown IV,Darius Harris,1200,40
Earnest Brown IV,Denzel Daxon,1200,19
Earnest Brown IV,Donovan Ezeiruaku,1200,11
Earnest Brown IV,Israel Mukuamu,1200,50
Earnest Brown IV,Jack Sanborn,1200,6
Earnest Brown IV,James Houston,1200,42
Earnest Brown IV,Jay Toia,1200,50
Earnest Brown IV,Juanyeh Thomas,1200,12
Earnest Brown IV,Justin Barron,1200,23
Earnest Brown IV,Kaiir Elam,1200,5
Earnest Brown IV,Kemon Hall,1200,17
Earnest Brown IV,Marist Liufau,1200,16
Earnest Brown IV,Markquese Bell,1200,15
Earnest Brown IV,Mazi Smith,1200,5
Earnest Brown IV,Mike Smith Jr.,1200,58
Earnest Brown IV,Payton Turner,1200,14
Earnest Brown IV,Perrion Winfrey,1200,4
Earnest Brown IV,Robert Rochell,1200,3
Earnest Brown IV,Sam Williams,1200,2
Earnest Brown IV,Shemar James,1200,52
Earnest Brown IV,Tommy Akingbesote,1200,19
Earnest Brown IV,Troy Pride,1200,46
Earnest Brown IV,Tyrus Wheat,1200,53
Earnest Brown IV,Zion Childress,1200,32
Easton Kilty,Barry Wesley,3300,86
Easton Kilty,Bub Means,3300,8
Easton Kilty,Cam Akers,3300,33
Easton Kilty,Cedrick Wilson Jr.,3300,59
Easton Kilty,Clyde Edwards-Helaire,3300,24
Easton Kilty,Dante Pettis,3300,49
Easton Kilty,Devin Neal,3300,18
Easton Kilty,Dillon Radunz,3300,37
Easton Kilty,Donovan Peoples-Jones,3300,8
Easton Kilty,Jack Stoll,3300,10
Easton Kilty,Jake Haener,3300,13
Easton Kilty,Jonathan Mendoza,3300,43
Easton Kilty,Josiah Ezirim,3300,10
Easton Kilty,Kevin Austin Jr.,3300,90
Easton Kilty,Kyle Hergel,3300,29
Easton Kilty,Landon Young,3300,34
Easton Kilty,Marcus Yarns,3300,12
Easton Kilty,Mason Tipton,3300,80
Easton Kilty,Michael Jacobson,3300,27
Easton Kilty,Moliki Matavao,3300,54
Easton Kilty,Shane Lemieux,3300,76
Easton Kilty,Spencer Rattler,3300,37
Easton Kilty,Torricelli Simpkins III,3300,105
Easton Kilty,Treyton Welch,3300,29
Easton Kilty,Tyler Shough,3300,55
Easton Kilty,Velus Jones Jr.,3300,24
Easton Mascarenas-Arnold,Adin Huntington,1050,46
Easton Mascarenas-Arnold,Cameron Mitchell,1050,6
Easton Mascarenas-Arnold,Cameron Thomas,1050,31
Easton Mascarenas-Arnold,Charlie Thomas,1050,27
Easton Mascarenas-Arnold,Chigozie Anusiem,1050,5
Easton Mascarenas-Arnold,Chris Edmonds,1050,81
Easton Mascarenas-Arnold,Christian Holmes,1050,14
Easton Mascarenas-Arnold,Damontae Kazee,1050,13
Easton Mascarenas-Arnold,Darius Rush,1050,17
Easton Mascarenas-Arnold,Dom Jones,1050,39
Easton Mascarenas-Arnold,Donovan McMillon,1050,75
Easton Mascarenas-Arnold,Jerome Baker,1050,6
Easton Mascarenas-Arnold,Joe Tryon-Shoyinka,1050,9
Easton Mascarenas-Arnold,Jowon Briggs,1050,34
Easton Mascarenas-Arnold,Julian Okwara,1050,47
Easton Mascarenas-Arnold,KJ Henry,1050,54
Easton Mascarenas-Arnold,Keenan Isaac,1050,46
Easton Mascarenas-Arnold,LaMareon James,1050,23
Easton Mascarenas-Arnold,Marvin Moody,1050,5
Easton Mascarenas-Arnold,Myles Harden,1050,17
Easton Mascarenas-Arnold,Nathaniel Watson,1050,51
Easton Mascarenas-Arnold,Nik Needham,1050,54
Easton Mascarenas-Arnold,Ralph Holley,1050,65
Easton Mascarenas-Arnold,Rayshawn Jenkins,1050,5
Easton Mascarenas-Arnold,Sam Kamara,1050,24
Easton Mascarenas-Arnold,Shelby Harris,1050,4
Easton Mascarenas-Arnold,Titus Leo,1050,31
Easton Mascarenas-Arnold,Tony Brown,1050,28
Easton Mascarenas-Arnold,Winston Reid,1050,3
Easton Stick,Brandon Parker,0200,80
Easton Stick,Casey Washington,0200,11
Easton Stick,Chris Blair,0200,103
Easton Stick,DJ Chark,0200,7
Easton Stick,David Sills,0200,17
Easton Stick,Dylan Drummond,0200,77
Easton Stick,Elijah Dotson,0200,39
Easton Stick,Elijah Wilkinson,0200,68
Easton Stick,Feleipe Franks,0200,53
Easton Stick,Jack Nelson,0200,118
Easton Stick,Jake Hanson,0200,9
Easton Stick,Jashaun Corbin,0200,39
Easton Stick,Jesse Matthews,0200,41
Easton Stick,Jordan Williams,0200,9
Easton Stick,Joshua Gray,0200,100
Easton Stick,Joshua Simon,0200,55
Easton Stick,Jovaughn Gwyn,0200,116
Easton Stick,Kyle Hinton,0200,116
Easton Stick,Matthew Cindric,0200,9
Easton Stick,Nate Carter,0200,47
Easton Stick,Nick Nash,0200,85
Easton Stick,Nikola Kalinic,0200,41
Easton Stick,Quincy Skinner Jr.,0200,10
Ed Ingram,Aireontae Ersery,2120,33
Ed Ingram,Blake Fisher,2120,43
Ed Ingram,Braxton Berrios,2120,3
Ed Ingram,Brevin Jordan,2120,13
Ed Ingram,C.J. Stroud,2120,13
Ed Ingram,Cade Stover,2120,25
Ed Ingram,Christian Kirk,2120,9
Ed Ingram,Dalton Schultz,2120,17
Ed Ingram,Dare Ogunbowale,2120,12
Ed Ingram,Davis Mills,2120,20
Ed Ingram,Jake Andrews,2120,33
Ed Ingram,Jakob Johnson,2120,6
Ed Ingram,Jarrett Patterson,2120,10
Ed Ingram,Jawhar Jordan,2120,2
Ed Ingram,Jayden Higgins,2120,26
Ed Ingram,Jaylin Noel,2120,17
Ed Ingram,John Metchie III,2120,7
Ed Ingram,Juice Scruggs,2120,20
Ed Ingram,Justin Watson,2120,6
Ed Ingram,Kedon Slovis,2120,10
Ed Ingram,Laken Tomlinson,2120,23
Ed Ingram,Nick Chubb,2120,11
Ed Ingram,Nico Collins,2120,11
Ed Ingram,Woody Marks,2120,18
Ed Ingram,Xavier Hutchinson,2120,32
Ed Ingram,Zach Thomas,2120,10
Ed Oliver,A.J. Epenesa,0610,1
Ed Oliver,Cam Lewis,0610,11
Ed Oliver,Christian Benford,0610,11
Ed Oliver,DaQuan Jones,0610,11
Ed Oliver,Damar Hamlin,0610,11
Ed Oliver,Greg Rousseau,0610,10
Ed Oliver,Joe Andreessen,0610,11
Ed Oliver,Joey Bosa,0610,10
Ed Oliver,Matt Milano,0610,11
Ed Oliver,Michael Hoecht,0610,1
Ed Oliver,Taron Johnson,0610,11
Ed Oliver,Tre'Davious White,0610,11
Eddie Goldman,Ale Kaho,5110,30
Eddie Goldman,Allan George,5110,6
Eddie Goldman,Andre Jones Jr.,5110,26
Eddie Goldman,Antonio Hamilton,5110,13
Eddie Goldman,Ben Nikkel,5110,25
Eddie Goldman,Bobby Price,5110,18
Eddie Goldman,Car'lin Vigers,5110,48
Eddie Goldman,Carl Davis,5110,22
Eddie Goldman,Clelin Ferrell,5110,32
Eddie Goldman,Daron Payne,5110,2
Eddie Goldman,Daryl Worley,5110,20
Eddie Goldman,Deatrich Wise,5110,6
Eddie Goldman,Dominique Hampton,5110,19
Eddie Goldman,Duke Riley,5110,21
Eddie Goldman,Essang Bassey,5110,4
Eddie Goldman,Frankie Luvu,5110,1
Eddie Goldman,Jacob Martin,5110,16
Eddie Goldman,Jalyn Holmes,5110,36
Eddie Goldman,Javon Kinlaw,5110,1
Eddie Goldman,Javontae Jean-Baptiste,5110,4
Eddie Goldman,Jer'Zhan Newton,5110,22
Eddie Goldman,Jeremy Reaves,5110,22
Eddie Goldman,Jordan Magee,5110,8
Eddie Goldman,Kain Medrano,5110,50
Eddie Goldman,Kam Arnold,5110,5
Eddie Goldman,Marshon Lattimore,5110,1
Eddie Goldman,Mike Sainristil,5110,3
Eddie Goldman,Noah Igbinoghene,5110,44
Eddie Goldman,Norell Pollard,5110,5
Eddie Goldman,Percy Butler,5110,26
Eddie Goldman,Quan Martin,5110,3
Eddie Goldman,Ricky Barber,5110,5
Eddie Goldman,Robert McDaniel,5110,27
Eddie Goldman,Sheldon Day,5110,19
Eddie Goldman,T.J. Maguranyanga,5110,2
Eddie Goldman,Trey Amos,5110,15
Eddie Goldman,Tyler Owens,5110,20
Eddie Goldman,Viliami Fehoko Jr.,5110,9
Eddie Goldman,Will Harris,5110,3
Edefuan Ulofoshio,A.J. Epenesa,0610,3
Edefuan Ulofoshio,Brandon Codrington,0610,19
Edefuan Ulofoshio,Casey Rogers,0610,43
Edefuan Ulofoshio,Daequan Hardy,0610,58
Edefuan Ulofoshio,Dane Jackson,0610,19
Edefuan Ulofoshio,Darrick Forrest,0610,83
Edefuan Ulofoshio,DeWayne Carter,0610,28
Edefuan Ulofoshio,Deone Walker,0610,12
Edefuan Ulofoshio,Dorian Strong,0610,36
Edefuan Ulofoshio,Garnett Hollis Jr.,0610,18
Edefuan Ulofoshio,Ja'Marcus Ingram,0610,61
Edefuan Ulofoshio,Javon Solomon,0610,26
Edefuan Ulofoshio,Jimmy Ciarlo,0610,66
Edefuan Ulofoshio,Joe Andreessen,0610,20
Edefuan Ulofoshio,Jordan Hancock,0610,38
Edefuan Ulofoshio,Justin Hollins,0610,23
Edefuan Ulofoshio,Keonta Jenkins,0610,41
Edefuan Ulofoshio,Landon Jackson,0610,24
Edefuan Ulofoshio,Larry Ogunjobi,0610,6
Edefuan Ulofoshio,Marcus Harris,0610,39
Edefuan Ulofoshio,Michael Hoecht,0610,21
Edefuan Ulofoshio,Nelson Ceaser,0610,33
Edefuan Ulofoshio,Paris Shand,0610,62
Edefuan Ulofoshio,T.J. Sanders,0610,13
Edefuan Ulofoshio,Te'Cory Couch,0610,22
Edefuan Ulofoshio,Tre Herndon,0610,30
Edefuan Ulofoshio,Wande Owens,0610,43
Edefuan Ulofoshio,Zion Logue,0610,51
Edefuan Ulofoshio,Zy Alexander,0610,22
Edgerrin Cooper,Brenton Cox Jr.,1800,2
Edgerrin Cooper,Carrington Valentine,1800,14
Edgerrin Cooper,Colby Wooden,1800,5
Edgerrin Cooper,Devonte Wyatt,1800,9
Edgerrin Cooper,Evan Williams,1800,14
Edgerrin Cooper,Isaiah McDuffie,1800,13
Edgerrin Cooper,Isaiah Simmons,1800,4
Edgerrin Cooper,Javon Bullard,1800,14
Edgerrin Cooper,Karl Brooks,1800,5
Edgerrin Cooper,Keisean Nixon,1800,14
Edgerrin Cooper,Kenny Clark,1800,9
Edgerrin Cooper,Kingsley Enagbare,1800,1
Edgerrin Cooper,Kitan Oladapo,1800,3
Edgerrin Cooper,Lukas Van Ness,1800,13
Edgerrin Cooper,Quay Walker,1800,4
Edgerrin Cooper,Rashan Gary,1800,12
Edgerrin Cooper,Zayne Anderson,1800,4
Efton Chism III,Alec Lindstrom,3200,13
Efton Chism III,Antonio Gibson,3200,11
Efton Chism III,Ben Brown,3200,30
Efton Chism III,Ben Wooldridge,3200,13
Efton Chism III,CJ Dippre,3200,7
Efton Chism III,Cole Fotheringham,3200,26
Efton Chism III,Cole Strange,3200,36
Efton Chism III,Demontrey Jacobs,3200,38
Efton Chism III,Garrett Bradbury,3200,3
Efton Chism III,Gee Scott Jr.,3200,15
Efton Chism III,Ja'Lynn Polk,3200,8
Efton Chism III,JaMycal Hasty,3200,18
Efton Chism III,Jack Conley,3200,13
Efton Chism III,Jack Westover,3200,16
Efton Chism III,Jaheim Bell,3200,5
Efton Chism III,Jared Wilson,3200,25
Efton Chism III,Javon Baker,3200,44
Efton Chism III,Jeremiah Webb,3200,6
Efton Chism III,John Jiles,3200,9
Efton Chism III,Joshua Dobbs,3200,42
Efton Chism III,Kyle Williams,3200,29
Efton Chism III,Lan Larison,3200,15
Efton Chism III,Layden Robinson,3200,13
Efton Chism III,Marcus Bryant,3200,34
Efton Chism III,Mehki Butler,3200,13
Efton Chism III,Rhamondre Stevenson,3200,2
Efton Chism III,Shane Watts,3200,1
Efton Chism III,Sidy Sow,3200,18
Efton Chism III,Terrell Jennings,3200,8
Efton Chism III,Tyrese Robinson,3200,14
Efton Chism III,Vederian Lowe,3200,25
Ekow Boye-Doe,Anthony Goodlow,3800,34
Ekow Boye-Doe,Benton Whitley,3800,35
Ekow Boye-Doe,Cody Simon,3800,17
Ekow Boye-Doe,Darren Hall,3800,58
Ekow Boye-Doe,Elijah Jones,3800,57
Ekow Boye-Doe,Elijah Simmons,3800,28
Ekow Boye-Doe,Elliott Brown,3800,50
Ekow Boye-Doe,Jammie Robinson,3800,59
Ekow Boye-Doe,Jaylon Jones,3800,24
Ekow Boye-Doe,Jordan Burch,3800,1
Ekow Boye-Doe,Kitan Crawford,3800,15
Ekow Boye-Doe,Kyon Barrs,3800,32
Ekow Boye-Doe,Mykal Walker,3800,26
Ekow Boye-Doe,Owen Pappoe,3800,27
Ekow Boye-Doe,PJ Mustipher,3800,17
Ekow Boye-Doe,Patrick Jenkins,3800,30
Ekow Boye-Doe,Steven Gilmore,3800,34
Ekow Boye-Doe,Vi Jones,3800,58
Ekow Boye-Doe,Xavier Thomas,3800,38
Eku Leota,Beanie Bishop Jr.,3900,15
Eku Leota,Brandin Echols,3900,35
Eku Leota,Breiden Fehoko,3900,19
Eku Leota,Cameron McCutcheon,3900,6
Eku Leota,Carson Bruener,3900,34
Eku Leota,Chuck Clark,3900,37
Eku Leota,Cole Holcomb,3900,30
Eku Leota,D'Shawn Jamison,3900,30
Eku Leota,Daniel Ekuale,3900,16
Eku Leota,Darius Slay,3900,3
Eku Leota,Daryl Porter,3900,33
Eku Leota,DeShon Elliott,3900,3
Eku Leota,Derrick Harmon,3900,22
Eku Leota,Devin Harper,3900,28
Eku Leota,Domenique Davis,3900,17
Eku Leota,Esezi Otomewo,3900,21
Eku Leota,Isaiahh Loudermilk,3900,27
Eku Leota,Jalen Ramsey,3900,3
Eku Leota,James Pierre,3900,38
Eku Leota,Joey Porter Jr.,3900,3
Eku Leota,Juan Thornhill,3900,8
Eku Leota,Julius Welschof,3900,79
Eku Leota,Kam Alexander,3900,8
Eku Leota,Keeanu Benton,3900,6
Eku Leota,Kenny Willekes,3900,2
Eku Leota,Kyler Baugh,3900,17
Eku Leota,Kyler McMichael,3900,32
Eku Leota,Logan Lee,3900,16
Eku Leota,Malik Harrison,3900,33
Eku Leota,Mark Robinson,3900,23
Eku Leota,Mikey Victor,3900,19
Eku Leota,Miles Killebrew,3900,30
Eku Leota,Patrick Queen,3900,3
Eku Leota,Payton Wilson,3900,11
Eku Leota,Quindell Johnson,3900,40
Eku Leota,Sebastian Castro,3900,44
Eku Leota,Yahya Black,3900,19
Elandon Roberts,Adam Butler,2520,14
Elandon Roberts,Darien Porter,2520,7
Elandon Roberts,Devin White,2520,15
Elandon Roberts,Eric Stokes,2520,15
Elandon Roberts,Germaine Pratt,2520,11
Elandon Roberts,Isaiah Pola-Mao,2520,15
Elandon Roberts,JJ Pegues,2520,4
Elandon Roberts,Jamal Adams,2520,4
Elandon Roberts,Jeremy Chinn,2520,14
Elandon Roberts,Jonah Laulu,2520,9
Elandon Roberts,Kyu Kelly,2520,8
Elandon Roberts,Malcolm Koonce,2520,2
Elandon Roberts,Maxx Crosby,2520,13
Elandon Roberts,Terrell Edmunds,2520,1
Elandon Roberts,Thomas Booker,2520,11
Elandon Roberts,Tonka Hemingway,2520,3
Elandon Roberts,Tyree Wilson,2520,4
Elgton Jenkins,Aaron Banks,1800,10
Elgton Jenkins,Chris Brooks,1800,9
Elgton Jenkins,Jordan Love,1800,10
Elgton Jenkins,Jordan Morgan,1800,10
Elgton Jenkins,Josh Jacobs,1800,1
Elgton Jenkins,Luke Musgrave,1800,7
Elgton Jenkins,Malik Heath,1800,5
Elgton Jenkins,Matthew Golden,1800,10
Elgton Jenkins,Romeo Doubs,1800,10
Elgton Jenkins,Sean Rhyan,1800,10
Elgton Jenkins,Tucker Kraft,1800,8
Elgton Jenkins,Zach Tom,1800,10
Eli Cox,Austin Deculus,2120,80
Eli Cox,British Brooks,2120,23
Eli Cox,Conor McDermott,2120,42
Eli Cox,Cornell Powell,2120,30
Eli Cox,Dalton Keene,2120,6
Eli Cox,Daniel Jackson,2120,34
Eli Cox,Dare Ogunbowale,2120,4
Eli Cox,Graham Mertz,2120,43
Eli Cox,Harrison Bryant,2120,25
Eli Cox,Irv Smith,2120,6
Eli Cox,J.J. Taylor,2120,11
Eli Cox,Jakob Johnson,2120,25
Eli Cox,Jawhar Jordan,2120,30
Eli Cox,Jaylon Thomas,2120,80
Eli Cox,John Metchie III,2120,14
Eli Cox,Justin Watson,2120,14
Eli Cox,Juwann Winfree,2120,40
Eli Cox,Kedon Slovis,2120,37
Eli Cox,LaDarius Henderson,2120,80
Eli Cox,Luke Lachey,2120,53
Eli Cox,Quintez Cephus,2120,52
Eli Cox,Tre' McKitty,2120,6
Eli Cox,Woody Marks,2120,12
Eli Cox,Xavier Johnson,2120,15
Eli Cox,Zach Thomas,2120,38
Eli Mostaert,Antonio Johnson,2250,2
Eli Mostaert,Aydan White,2250,13
Eli Mostaert,BJ Green II,2250,6
Eli Mostaert,Branson Combs,2250,16
Eli Mostaert,Cam'Ron Silmon-Craig,2250,13
Eli Mostaert,Chad Muma,2250,1
Eli Mostaert,Christian Braswell,2250,3
Eli Mostaert,Daniel Thomas,2250,5
Eli Mostaert,Danny Striggow,2250,6
Eli Mostaert,Deantre Prince,2250,3
Eli Mostaert,Doneiko Slaughter,2250,9
Eli Mostaert,Ethan Downs,2250,11
Eli Mostaert,Jabbar Muhammad,2250,10
Eli Mostaert,Jack Kiser,2250,18
Eli Mostaert,James Carpenter,2250,16
Eli Mostaert,Jordan Jefferson,2250,2
Eli Mostaert,Keni-H Lovely,2250,6
Eli Mostaert,Myles Cole,2250,13
Eli Mostaert,Rayuan Lane III,2250,16
Eli Mostaert,Ventrell Miller,2250,1
Eli Mostaert,Yasir Abdullah,2250,5
Eli Mostaert,Zech McPhearson,2250,5
Eli Pancol,Bhayshul Tuten,2250,7
Eli Pancol,Cam Camper,2250,1
Eli Pancol,Darius Lassiter,2250,15
Eli Pancol,Dorian Singer,2250,14
Eli Pancol,Ja'Quinden Jackson,2250,1
Eli Pancol,Javon Foster,2250,9
Eli Pancol,John Copenhaver,2250,2
Eli Pancol,John Wolford,2250,7
Eli Pancol,Jonah Monheim,2250,16
Eli Pancol,LeQuint Allen Jr.,2250,8
Eli Pancol,Luke Fortner,2250,7
Eli Pancol,Patrick Herbert,2250,7
Eli Pancol,Quintin Morris,2250,9
Eli Pancol,Ricky Lee,2250,16
Eli Pancol,Sal Wormley,2250,16
Eli Pancol,Seth Henigan,2250,9
Eli Pancol,Tremayne Anchrum,2250,9
Eli Pancol,Wyatt Milum,2250,7
Eli Ricks,A.J. Woods,3700,8
Eli Ricks,Andre' Sam,3700,54
Eli Ricks,Antwaun Powell-Ryland,3700,42
Eli Ricks,Azeez Ojulari,3700,3
Eli Ricks,Brandon Johnson,3700,17
Eli Ricks,Byron Young,3700,6
Eli Ricks,Chance Campbell,3700,17
Eli Ricks,Dallas Gant,3700,44
Eli Ricks,Gabe Hall,3700,27
Eli Ricks,Jacob Sykes,3700,44
Eli Ricks,Jakorian Bennett,3700,11
Eli Ricks,Jereme Robinson,3700,2
Eli Ricks,Jeremiah Trotter Jr.,3700,14
Eli Ricks,Jihaad Campbell,3700,2
Eli Ricks,Joe Evans,3700,35
Eli Ricks,Joshua Uche,3700,3
Eli Ricks,Justin Rogers,3700,16
Eli Ricks,Lance Dixon,3700,30
Eli Ricks,Lewis Cine,3700,16
Eli Ricks,Mac McWilliams,3700,51
Eli Ricks,Maxen Hook,3700,28
Eli Ricks,Ochaun Mathis,3700,52
Eli Ricks,Ogbo Okoronkwo,3700,20
Eli Ricks,Parry Nickerson,3700,31
Eli Ricks,Patrick Johnson,3700,18
Eli Ricks,Smael Mondon Jr.,3700,33
Eli Ricks,Sydney Brown,3700,4
Eli Ricks,Tariq Castro-Fields,3700,7
Eli Ricks,Tristin McCollum,3700,38
Eli Ricks,Ty Robinson,3700,27
Elias Neal,A.J. Green,2510,22
Elias Neal,Bill Norton,2510,34
Elias Neal,Brennan Jackson,2510,48
Elias Neal,Cam Lampkin,2510,51
Elias Neal,Charles Woods,2510,48
Elias Neal,Da'Jon Terry,2510,26
Elias Neal,Decarius Hawthorne,2510,22
Elias Neal,Derion Kendrick,2510,52
Elias Neal,Desjuan Johnson,2510,61
Elias Neal,Jack Heflin,2510,45
Elias Neal,Jamil Muhammad,2510,32
Elias Neal,Josaiah Stewart,2510,3
Elias Neal,Josh Pearcy,2510,26
Elias Neal,Josh Wallace,2510,5
Elias Neal,Keir Thomas,2510,5
Elias Neal,Larrell Murchison,2510,11
Elias Neal,Malik Dixon-Williams,2510,58
Elias Neal,Nate Valcarcel,2510,47
Elias Neal,Nick Hampton,2510,2
Elias Neal,Pooh Paul Jr.,2510,41
Elias Neal,Shaun Jolly,2510,39
Elias Neal,Tanner Ingle,2510,45
Elias Neal,Tony Fields II,2510,35
Elias Neal,Ty Hamilton,2510,12
Elic Ayomanor,Andrew Rupcich,2100,29
Elic Ayomanor,Blake Hance,2100,37
Elic Ayomanor,Brandon Allen,2100,31
Elic Ayomanor,Brandon Crenshaw-Dickson,2100,3
Elic Ayomanor,Brenden Jaimes,2100,31
Elic Ayomanor,Bryce Oliver,2100,19
Elic Ayomanor,Cam Ward,2100,14
Elic Ayomanor,Cameron Ward,2100,14
Elic Ayomanor,Chig Okonkwo,2100,22
Elic Ayomanor,Chimere Dike,2100,37
Elic Ayomanor,Corey Levin,2100,28
Elic Ayomanor,Dan Moore Jr.,2100,24
Elic Ayomanor,David Martin-Robinson,2100,17
Elic Ayomanor,Gunnar Helm,2100,36
Elic Ayomanor,JC Latham,2100,14
Elic Ayomanor,Jackson Slater,2100,24
Elic Ayomanor,Jaelyn Duncan,2100,9
Elic Ayomanor,John Ojukwu,2100,29
Elic Ayomanor,Josh Whyle,2100,5
Elic Ayomanor,Julius Chestnut,2100,32
Elic Ayomanor,Kalel Mullings,2100,21
Elic Ayomanor,Olisaemeka Udoh,2100,40
Elic Ayomanor,Peter Skoronski,2100,28
Elic Ayomanor,Tony Pollard,2100,4
Elic Ayomanor,Tyjae Spears,2100,3
Elic Ayomanor,Tyler Lockett,2100,9
Elic Ayomanor,Van Jefferson,2100,28
Elic Ayomanor,Xavier Restrepo,2100,2
Elijah Arroyo,AJ Barner,4600,2
Elijah Arroyo,Abraham Lucas,4600,15
Elijah Arroyo,Amari Kight,4600,41
Elijah Arroyo,Anthony Bradford,4600,15
Elijah Arroyo,Anthony Tyus III,4600,3
Elijah Arroyo,Brady Russell,4600,12
Elijah Arroyo,Bryce Cabeldue,4600,12
Elijah Arroyo,Christian Haynes,4600,38
Elijah Arroyo,Cody White,4600,21
Elijah Arroyo,Cooper Kupp,4600,1
Elijah Arroyo,Damien Martinez,4600,29
Elijah Arroyo,Dareke Young,4600,34
Elijah Arroyo,Drew Lock,4600,47
Elijah Arroyo,Eric Saubert,4600,13
Elijah Arroyo,Federico Maranges,4600,17
Elijah Arroyo,George Holani,4600,14
Elijah Arroyo,Grey Zabel,4600,15
Elijah Arroyo,Jacardia Wright,4600,7
Elijah Arroyo,Jake Bobo,4600,33
Elijah Arroyo,Jalen Milroe,4600,7
Elijah Arroyo,Jalen Sundell,4600,39
Elijah Arroyo,Jaxon Smith-Njigba,4600,1
Elijah Arroyo,Josh Jones,4600,39
Elijah Arroyo,Marquez Valdes-Scantling,4600,2
Elijah Arroyo,Mason Richman,4600,7
Elijah Arroyo,Michael Jerrell,4600,10
Elijah Arroyo,Nick Kallerup,4600,10
Elijah Arroyo,Ricky White III,4600,4
Elijah Arroyo,Robbie Ouzts,4600,4
Elijah Arroyo,Sam Darnold,4600,2
Elijah Arroyo,Sataoa Laumea,4600,32
Elijah Arroyo,Tory Horton,4600,28
Elijah Arroyo,Tyrone Broden,4600,4
Elijah Arroyo,Zach Charbonnet,4600,2
Elijah Campbell,Alex Huntley,2700,6
Elijah Campbell,Ben Stille,2700,2
Elijah Campbell,Benito Jones,2700,9
Elijah Campbell,Bradley Chubb,2700,4
Elijah Campbell,Cam Smith,2700,9
Elijah Campbell,Cameron Goode,2700,5
Elijah Campbell,Channing Tindall,2700,15
Elijah Campbell,Chop Robinson,2700,12
Elijah Campbell,Cornell Armstrong,2700,5
Elijah Campbell,Derrick McLendon,2700,5
Elijah Campbell,Ethan Bonner,2700,3
Elijah Campbell,Eugene Asante,2700,5
Elijah Campbell,Grayson Murphy,2700,20
Elijah Campbell,Ifeatu Melifonwu,2700,22
Elijah Campbell,Isaiah Johnson,2700,14
Elijah Campbell,Jack Jones,2700,11
Elijah Campbell,Jaelan Phillips,2700,2
Elijah Campbell,Jason Marshall Jr.,2700,11
Elijah Campbell,Jordan Phillips,2700,19
Elijah Campbell,Jordyn Brooks,2700,2
Elijah Campbell,K.J. Britt,2700,32
Elijah Campbell,Kendall Sheffield,2700,14
Elijah Campbell,Kenneth Grant,2700,13
Elijah Campbell,Matt Dickerson,2700,9
Elijah Campbell,Matthew Butler,2700,22
Elijah Campbell,Matthew Judon,2700,10
Elijah Campbell,Mike Hilton,2700,15
Elijah Campbell,Minkah Fitzpatrick,2700,2
Elijah Campbell,Patrick McMorris,2700,16
Elijah Campbell,Quinton Bell,2700,20
Elijah Campbell,Storm Duck,2700,22
Elijah Campbell,Tyrel Dodson,2700,2
Elijah Campbell,Willie Gay Jr.,2700,23
Elijah Campbell,Zach Sieler,2700,2
Elijah Campbell,Zeek Biggers,2700,7
Elijah Chatman,Aaron Stinnie,3410,3
Elijah Chatman,Abdul Carter,3410,13
Elijah Chatman,Andru Phillips,3410,9
Elijah Chatman,Art Green,3410,16
Elijah Chatman,Austin Schlottmann,3410,3
Elijah Chatman,Beaux Collins,3410,5
Elijah Chatman,Bobby Okereke,3410,13
Elijah Chatman,Brian Burns,3410,9
Elijah Chatman,Cam Skattebo,3410,1
Elijah Chatman,Chauncey Golston,3410,14
Elijah Chatman,Chris Board,3410,17
Elijah Chatman,Cordale Flott,3410,15
Elijah Chatman,Cory Durden,3410,19
Elijah Chatman,DJ Davidson,3410,8
Elijah Chatman,Dane Belton,3410,28
Elijah Chatman,Dante Miller,3410,2
Elijah Chatman,Darius Alexander,3410,6
Elijah Chatman,Darius Muasau,3410,17
Elijah Chatman,Dee Williams,3410,11
Elijah Chatman,Deonte Banks,3410,11
Elijah Chatman,Dyontae Johnson,3410,24
Elijah Chatman,Elijah Garcia,3410,12
Elijah Chatman,Evan Neal,3410,5
Elijah Chatman,Greg Dulcich,3410,1
Elijah Chatman,Jalin Hyatt,3410,5
Elijah Chatman,James Hudson,3410,2
Elijah Chatman,Jaxson Dart,3410,3
Elijah Chatman,Jeremiah Ledbetter,3410,5
Elijah Chatman,Jermaine Eluemunor,3410,2
Elijah Chatman,Jevon Holland,3410,13
Elijah Chatman,John Michael Schmitz,3410,2
Elijah Chatman,Jon Runyan,3410,2
Elijah Chatman,Jordon Riley,3410,6
Elijah Chatman,K'Von Wallace,3410,7
Elijah Chatman,K.J. Cloyd,3410,21
Elijah Chatman,Kayvon Thibodeaux,3410,13
Elijah Chatman,Korie Black,3410,3
Elijah Chatman,Makari Paige,3410,24
Elijah Chatman,Marcus Mbow,3410,3
Elijah Chatman,Micah McFadden,3410,15
Elijah Chatman,Nic Jones,3410,23
Elijah Chatman,O'Donnell Fortune,3410,28
Elijah Chatman,Paulson Adebo,3410,13
Elijah Chatman,Raheem Layne,3410,23
Elijah Chatman,Rakeem Nunez-Roches,3410,12
Elijah Chatman,Roy Robertson-Harris,3410,10
Elijah Chatman,Russell Wilson,3410,2
Elijah Chatman,Stone Forsythe,3410,3
Elijah Chatman,TJ Moore,3410,20
Elijah Chatman,Theo Johnson,3410,2
Elijah Chatman,Thomas Fidone II,3410,2
Elijah Chatman,Tomon Fox,3410,29
Elijah Chatman,Trace Ford,3410,31
Elijah Chatman,Tyler Nubin,3410,2
Elijah Chatman,Tyrone Tracy Jr.,3410,2
Elijah Cooks,AJ Dillon,3700,1
Elijah Cooks,Ainias Smith,3700,14
Elijah Cooks,Ben VanSumeren,3700,1
Elijah Cooks,Brett Toth,3700,1
Elijah Cooks,Cameron Latu,3700,19
Elijah Cooks,Cameron Williams,3700,33
Elijah Cooks,Darian Kinnard,3700,12
Elijah Cooks,Darius Cooper,3700,1
Elijah Cooks,Drew Kendall,3700,1
Elijah Cooks,E.J. Jenkins,3700,5
Elijah Cooks,Harrison Bryant,3700,1
Elijah Cooks,Hollin Pierce,3700,22
Elijah Cooks,Ife Adeyi,3700,3
Elijah Cooks,Keilan Robinson,3700,6
Elijah Cooks,Kenyon Green,3700,33
Elijah Cooks,Kyle McCord,3700,33
Elijah Cooks,Matt Pryor,3700,1
Elijah Cooks,Montrell Johnson Jr.,3700,25
Elijah Cooks,Myles Hinton,3700,34
Elijah Cooks,Nick Muse,3700,24
Elijah Cooks,ShunDerrick Powell,3700,2
Elijah Cooks,Tanner McKee,3700,1
Elijah Cooks,Taylor Morin,3700,6
Elijah Cooks,Terrace Marshall Jr.,3700,28
Elijah Cooks,Trevor Keegan,3700,33
Elijah Dotson,Ben DiNucci,0200,8
Elijah Dotson,Brandon Parker,0200,28
Elijah Dotson,Casey Washington,0200,8
Elijah Dotson,Chris Blair,0200,23
Elijah Dotson,DJ Chark,0200,7
Elijah Dotson,David Sills,0200,8
Elijah Dotson,Dylan Drummond,0200,24
Elijah Dotson,Easton Stick,0200,39
Elijah Dotson,Elijah Wilkinson,0200,24
Elijah Dotson,Feleipe Franks,0200,17
Elijah Dotson,Jack Nelson,0200,40
Elijah Dotson,Jake Hanson,0200,11
Elijah Dotson,Jesse Matthews,0200,20
Elijah Dotson,Jordan Williams,0200,15
Elijah Dotson,Joshua Gray,0200,34
Elijah Dotson,Joshua Simon,0200,25
Elijah Dotson,Jovaughn Gwyn,0200,36
Elijah Dotson,Kyle Hinton,0200,32
Elijah Dotson,Matthew Cindric,0200,15
Elijah Dotson,Nick Nash,0200,26
Elijah Dotson,Nikola Kalinic,0200,17
Elijah Dotson,Quincy Skinner Jr.,0200,13
Elijah Garcia,Abdul Carter,3410,1
Elijah Garcia,Art Green,3410,20
Elijah Garcia,Bobby Okereke,3410,2
Elijah Garcia,Brian Burns,3410,2
Elijah Garcia,Chauncey Golston,3410,10
Elijah Garcia,Chris Board,3410,12
Elijah Garcia,Cordale Flott,3410,5
Elijah Garcia,Cory Durden,3410,22
Elijah Garcia,DJ Davidson,3410,21
Elijah Garcia,Dane Belton,3410,10
Elijah Garcia,Darius Alexander,3410,22
Elijah Garcia,Darius Muasau,3410,6
Elijah Garcia,Dee Williams,3410,38
Elijah Garcia,Deonte Banks,3410,4
Elijah Garcia,Dyontae Johnson,3410,61
Elijah Garcia,Elijah Chatman,3410,12
Elijah Garcia,Jeremiah Ledbetter,3410,32
Elijah Garcia,Jevon Holland,3410,2
Elijah Garcia,Jordon Riley,3410,30
Elijah Garcia,K'Von Wallace,3410,21
Elijah Garcia,K.J. Cloyd,3410,55
Elijah Garcia,Kayvon Thibodeaux,3410,1
Elijah Garcia,Makari Paige,3410,59
Elijah Garcia,Micah McFadden,3410,2
Elijah Garcia,Nic Jones,3410,43
Elijah Garcia,O'Donnell Fortune,3410,37
Elijah Garcia,Paulson Adebo,3410,2
Elijah Garcia,Raheem Layne,3410,23
Elijah Garcia,TJ Moore,3410,35
Elijah Garcia,Tomon Fox,3410,50
Elijah Garcia,Trace Ford,3410,50
Elijah Hicks,Amen Ogbongbemiga,0810,11
Elijah Hicks,Austin Booker,0810,12
Elijah Hicks,Carl Jones,0810,2
Elijah Hicks,Chris Williams,0810,11
Elijah Hicks,Daniel Hardy,0810,2
Elijah Hicks,Dominique Robinson,0810,17
Elijah Hicks,Jeremiah Walker,0810,2
Elijah Hicks,Jonathan Ford,0810,15
Elijah Hicks,Jonathan Owens,0810,23
Elijah Hicks,Josh Blackwell,0810,10
Elijah Hicks,Nahshon Wright,0810,15
Elijah Hicks,Noah Sewell,0810,21
Elijah Hicks,Power Echols,0810,2
Elijah Hicks,Ruben Hyppolite II,0810,21
Elijah Hicks,Tanoh Kpassagnon,0810,15
Elijah Hicks,Terell Smith,0810,8
Elijah Hicks,Tre Flowers,0810,8
Elijah Hicks,Tyrique Stevenson,0810,15
Elijah Hicks,Zacch Pickens,0810,20
Elijah Higgins,Andre Baccellia,3800,11
Elijah Higgins,Christian Jones,3800,14
Elijah Higgins,Emari Demercado,3800,14
Elijah Higgins,Evan Brown,3800,9
Elijah Higgins,Greg Dortch,3800,8
Elijah Higgins,Hayden Conner,3800,18
Elijah Higgins,Hjalte Froholdt,3800,9
Elijah Higgins,Isaiah Adams,3800,9
Elijah Higgins,Jacoby Brissett,3800,30
Elijah Higgins,Jake Curhan,3800,1
Elijah Higgins,James Conner,3800,1
Elijah Higgins,Jeremiah Byers,3800,15
Elijah Higgins,Jon Gaines II,3800,15
Elijah Higgins,Jonah Williams,3800,9
Elijah Higgins,Josh Fryar,3800,30
Elijah Higgins,Josiah Deguara,3800,1
Elijah Higgins,Kyler Murray,3800,9
Elijah Higgins,Marvin Harrison Jr.,3800,9
Elijah Higgins,Michael Carter,3800,11
Elijah Higgins,Michael Wilson,3800,3
Elijah Higgins,Nick Leverett,3800,30
Elijah Higgins,Paris Johnson Jr.,3800,9
Elijah Higgins,Royce Newman,3800,15
Elijah Higgins,Simi Fehoko,3800,9
Elijah Higgins,Sincere Haynesworth,3800,12
Elijah Higgins,Tejhaun Palmer,3800,19
Elijah Higgins,Tip Reiman,3800,7
Elijah Higgins,Travis Vokolek,3800,15
Elijah Higgins,Trey Benson,3800,13
Elijah Higgins,Trey McBride,3800,2
Elijah Higgins,Xavier Weaver,3800,29
Elijah Higgins,Zay Jones,3800,4
Elijah Jones,Anthony Goodlow,3800,41
Elijah Jones,Benton Whitley,3800,44
Elijah Jones,Cody Simon,3800,12
Elijah Jones,Darren Hall,3800,73
Elijah Jones,Ekow Boye-Doe,3800,57
Elijah Jones,Elijah Simmons,3800,38
Elijah Jones,Elliott Brown,3800,60
Elijah Jones,Jammie Robinson,3800,74
Elijah Jones,Jaylon Jones,3800,38
Elijah Jones,Jordan Burch,3800,1
Elijah Jones,Kei'Trel Clark,3800,19
Elijah Jones,Kitan Crawford,3800,15
Elijah Jones,Kyon Barrs,3800,38
Elijah Jones,Mykal Walker,3800,45
Elijah Jones,Owen Pappoe,3800,34
Elijah Jones,PJ Mustipher,3800,20
Elijah Jones,Patrick Jenkins,3800,35
Elijah Jones,Steven Gilmore,3800,31
Elijah Jones,Vi Jones,3800,67
Elijah Jones,Xavier Thomas,3800,48
Elijah Klein,Ben Scott,4900,87
Elijah Klein,Benjamin Chukwuma,4900,119
Elijah Klein,Charlie Heck,4900,15
Elijah Klein,Connor Bazelak,4900,61
Elijah Klein,Dennis Houston,4900,5
Elijah Klein,Devin Culp,4900,50
Elijah Klein,Emeka Egbuka,4900,10
Elijah Klein,Garrett Greene,4900,54
Elijah Klein,Jacob Harris,4900,48
Elijah Klein,Jaden Smith,4900,24
Elijah Klein,Jake Majors,4900,44
Elijah Klein,Jalen McMillan,4900,9
Elijah Klein,Jase McClellan,4900,7
Elijah Klein,Josh Williams,4900,36
Elijah Klein,Kameron Johnson,4900,24
Elijah Klein,Ko Kieft,4900,42
Elijah Klein,Kyle Trask,4900,87
Elijah Klein,Lorenz Metz,4900,14
Elijah Klein,Luke Haggard,4900,97
Elijah Klein,Mike Jordan,4900,78
Elijah Klein,Owen Wright,4900,48
Elijah Klein,Payne Durham,4900,51
Elijah Klein,Rachaad White,4900,10
Elijah Klein,Raiqwon O'Neal,4900,31
Elijah Klein,Rakim Jarrett,4900,78
Elijah Klein,Ryan Miller,4900,84
Elijah Klein,Sean Tucker,4900,47
Elijah Klein,Sterling Shepard,4900,5
Elijah Klein,Sua Opeta,4900,17
Elijah Klein,Tanner Taula,4900,34
Elijah Klein,Tez Johnson,4900,50
Elijah Klein,Trey Palmer,4900,24
Elijah Klein,Tyler McLellan,4900,90
Elijah Mitchell,Bailey Zappe,2310,9
Elijah Mitchell,Brashard Smith,2310,1
Elijah Mitchell,C.J. Hanson,2310,22
Elijah Mitchell,Carson Steele,2310,2
Elijah Mitchell,Chris Oladokun,2310,11
Elijah Mitchell,Chukwuebuka Godrick,2310,16
Elijah Mitchell,Creed Humphrey,2310,5
Elijah Mitchell,Esa Pole,2310,2
Elijah Mitchell,Gardner Minshew,2310,7
Elijah Mitchell,Hunter Nourzad,2310,22
Elijah Mitchell,Jalen Royals,2310,10
Elijah Mitchell,Jared Wiley,2310,10
Elijah Mitchell,Jason Brownlee,2310,20
Elijah Mitchell,Jaylon Moore,2310,9
Elijah Mitchell,Jimmy Holiday,2310,7
Elijah Mitchell,Josh Simmons,2310,5
Elijah Mitchell,JuJu Smith-Schuster,2310,1
Elijah Mitchell,Kingsley Suamataia,2310,5
Elijah Mitchell,Mac Dalena,2310,5
Elijah Mitchell,Mike Caliendo,2310,22
Elijah Mitchell,Nikko Remigio,2310,5
Elijah Mitchell,Noah Gray,2310,3
Elijah Mitchell,Robert Tonyan,2310,16
Elijah Mitchell,Skyy Moore,2310,17
Elijah Mitchell,Tre Watson,2310,7
Elijah Mitchell,Trey Smith,2310,5
Elijah Mitchell,Tyquan Thornton,2310,4
Elijah Mitchell,Wanya Morris,2310,22
Elijah Molden,Alohi Gilman,4400,8
Elijah Molden,Benjamin St-Juste,4400,9
Elijah Molden,Bud Dupree,4400,6
Elijah Molden,Caleb Murphy,4400,3
Elijah Molden,Da'Shawn Hand,4400,3
Elijah Molden,Daiyan Henley,4400,9
Elijah Molden,Denzel Perryman,4400,9
Elijah Molden,Donte Jackson,4400,9
Elijah Molden,Naquan Jones,4400,3
Elijah Molden,Otito Ogbonnia,4400,6
Elijah Molden,Tarheeb Still,4400,9
Elijah Molden,Teair Tart,4400,6
Elijah Molden,Tony Jefferson,4400,1
Elijah Molden,Tre'Mon Morris-Brash,4400,3
Elijah Molden,Tuli Tuipulotu,4400,6
Elijah Moore,Chase Lundt,0610,38
Elijah Moore,Connor McGovern,0610,7
Elijah Moore,Dalton Kincaid,0610,3
Elijah Moore,Dan Feeney,0610,38
Elijah Moore,David Edwards,0610,7
Elijah Moore,Dawson Knox,0610,3
Elijah Moore,Deon Cain,0610,1
Elijah Moore,Dion Dawkins,0610,7
Elijah Moore,Elijah Young,0610,8
Elijah Moore,Frank Gore Jr.,0610,15
Elijah Moore,Jackson Hawes,0610,18
Elijah Moore,Josh Palmer,0610,15
Elijah Moore,KJ Hamler,0610,17
Elijah Moore,Keleki Latu,0610,11
Elijah Moore,Kendrick Green,0610,38
Elijah Moore,Keon Coleman,0610,7
Elijah Moore,Kristian Wilkerson,0610,10
Elijah Moore,Mike Edwards,0610,6
Elijah Moore,Mike White,0610,16
Elijah Moore,Mitchell Trubisky,0610,12
Elijah Moore,O'Cyrus Torrence,0610,7
Elijah Moore,Ray Davis,0610,19
Elijah Moore,Richard Gouraige,0610,38
Elijah Moore,Ryan Van Demark,0610,39
Elijah Moore,Shane Buechele,0610,17
Elijah Moore,Ty Johnson,0610,3
Elijah Moore,Tyrell Shavers,0610,37
Elijah Moore,Zach Davidson,0610,13
Elijah Ponder,Alex Austin,3200,19
Elijah Ponder,Anfernee Jennings,3200,13
Elijah Ponder,Bradyn Swinson,3200,34
Elijah Ponder,Brandon Crossley,3200,35
Elijah Ponder,Brenden Schooler,3200,4
Elijah Ponder,Cam Riley,3200,16
Elijah Ponder,Craig Woodson,3200,28
Elijah Ponder,DJ James,3200,18
Elijah Ponder,David Olajiga,3200,23
Elijah Ponder,Dell Pettus,3200,42
Elijah Ponder,Isaiah Bolden,3200,20
Elijah Ponder,Isaiah Iton,3200,11
Elijah Ponder,Jabrill Peppers,3200,10
Elijah Ponder,Jack Gibbens,3200,25
Elijah Ponder,Jahvaree Ritzie,3200,35
Elijah Ponder,Jaylinn Hawkins,3200,9
Elijah Ponder,Jeremiah Pharms Jr.,3200,32
Elijah Ponder,Jordan Polk,3200,33
Elijah Ponder,Joshua Farmer,3200,19
Elijah Ponder,Keion White,3200,9
Elijah Ponder,Kobee Minor,3200,35
Elijah Ponder,Kyle Dugger,3200,41
Elijah Ponder,Kyle Peko,3200,32
Elijah Ponder,Marcus Epps,3200,44
Elijah Ponder,Marte Mapu,3200,29
Elijah Ponder,Miles Battle,3200,32
Elijah Ponder,Monty Rice,3200,51
Elijah Ponder,Philip Blidi,3200,14
Elijah Ponder,R.J. Moten,3200,17
Elijah Ponder,Tre Avery,3200,10
Elijah Ponder,Truman Jones,3200,20
Elijah Roberts,Adam Gotsis,4900,2
Elijah Roberts,Antonio Grier Jr.,4900,26
Elijah Roberts,Bryce Hall,4900,27
Elijah Roberts,C.J. Brewer,4900,5
Elijah Roberts,Chris Braswell,4900,30
Elijah Roberts,Christian Izien,4900,7
Elijah Roberts,Deion Jones,4900,31
Elijah Roberts,Dvon J-Thomas,4900,20
Elijah Roberts,Eric Banks,4900,24
Elijah Roberts,JJ Roberts,4900,19
Elijah Roberts,Jacob Parrish,4900,10
Elijah Roberts,JayVian Farr,4900,15
Elijah Roberts,John Bullock,4900,48
Elijah Roberts,Jose Ramirez,4900,44
Elijah Roberts,Josh Hayes,4900,2
Elijah Roberts,Kaevon Merriweather,4900,48
Elijah Roberts,Kindle Vildor,4900,43
Elijah Roberts,Markees Watts,4900,43
Elijah Roberts,Mike Greene,4900,35
Elijah Roberts,Nash Hutmacher,4900,17
Elijah Roberts,Nick Jackson,4900,35
Elijah Roberts,Rashad Wisdom,4900,48
Elijah Roberts,Roman Parodie,4900,18
Elijah Roberts,Shilo Sanders,4900,35
Elijah Roberts,Tre Avery,4900,17
Elijah Roberts,Tyrek Funderburk,4900,8
Elijah Roberts,Warren Peeples,4900,23
Elijah Roberts,Will Brooks,4900,20
Elijah Simmons,Akeem Davis-Gaither,3800,5
Elijah Simmons,Anthony Goodlow,3800,28
Elijah Simmons,Benton Whitley,3800,37
Elijah Simmons,Cody Simon,3800,33
Elijah Simmons,Dadrion Taylor-Demerson,3800,5
Elijah Simmons,Dante Stills,3800,2
Elijah Simmons,Darren Hall,3800,44
Elijah Simmons,Denzel Burke,3800,29
Elijah Simmons,Ekow Boye-Doe,3800,28
Elijah Simmons,Elijah Jones,3800,38
Elijah Simmons,Elliott Brown,3800,52
Elijah Simmons,Jammie Robinson,3800,47
Elijah Simmons,Jaylon Jones,3800,42
Elijah Simmons,Joey Blount,3800,18
Elijah Simmons,Jordan Burch,3800,11
Elijah Simmons,Kei'Trel Clark,3800,27
Elijah Simmons,Kitan Crawford,3800,34
Elijah Simmons,Kyon Barrs,3800,28
Elijah Simmons,L.J. Collier,3800,7
Elijah Simmons,Max Melton,3800,2
Elijah Simmons,Mykal Walker,3800,36
Elijah Simmons,Owen Pappoe,3800,27
Elijah Simmons,PJ Mustipher,3800,2
Elijah Simmons,Patrick Jenkins,3800,36
Elijah Simmons,Steven Gilmore,3800,17
Elijah Simmons,Vi Jones,3800,37
Elijah Simmons,Will Johnson,3800,14
Elijah Simmons,Xavier Thomas,3800,34
Elijah Wilkinson,Brandon Parker,0200,32
Elijah Wilkinson,Casey Washington,0200,11
Elijah Wilkinson,Chris Blair,0200,57
Elijah Wilkinson,DJ Chark,0200,7
Elijah Wilkinson,David Sills,0200,17
Elijah Wilkinson,Dylan Drummond,0200,64
Elijah Wilkinson,Easton Stick,0200,68
Elijah Wilkinson,Elijah Dotson,0200,24
Elijah Wilkinson,Emory Jones,0200,7
Elijah Wilkinson,Feleipe Franks,0200,25
Elijah Wilkinson,Jack Nelson,0200,75
Elijah Wilkinson,Jashaun Corbin,0200,20
Elijah Wilkinson,Jesse Matthews,0200,21
Elijah Wilkinson,Joshua Gray,0200,43
Elijah Wilkinson,Joshua Simon,0200,32
Elijah Wilkinson,Jovaughn Gwyn,0200,75
Elijah Wilkinson,Kyle Hinton,0200,75
Elijah Wilkinson,Nate Carter,0200,31
Elijah Wilkinson,Nick Nash,0200,42
Elijah Wilkinson,Nikola Kalinic,0200,24
Elijah Williams,Ambry Thomas,3000,29
Elijah Williams,Austin Keys,3000,45
Elijah Williams,Bo Richter,3000,25
Elijah Williams,Brian Asamoah,3000,1
Elijah Williams,Cam Gill,3000,23
Elijah Williams,Chaz Chambliss,3000,53
Elijah Williams,Dorian Mausi,3000,29
Elijah Williams,Dwight McGlothern,3000,40
Elijah Williams,Gabriel Murphy,3000,19
Elijah Williams,Gervarrius Owens,3000,12
Elijah Williams,Jay Ward,3000,39
Elijah Williams,Jonathan Harris,3000,24
Elijah Williams,Kahlef Hailassie,3000,33
Elijah Williams,Keenan Garber,3000,4
Elijah Williams,Kobe King,3000,50
Elijah Williams,Levi Drake Rodriguez,3000,13
Elijah Williams,Mekhi Blackmon,3000,41
Elijah Williams,Mishael Powell,3000,31
Elijah Williams,Reddy Steward,3000,23
Elijah Williams,Taki Taimani,3000,13
Elijah Williams,Tavierre Thomas,3000,40
Elijah Williams,Travis Bell,3000,31
Elijah Williams,Tyler Batty,3000,22
Elijah Williams,Tyrion Ingram-Dawkins,3000,26
Elijah Williams,Zemaiah Vaughn,3000,44
Elijah Young,Bailey Zappe,2310,2
Elijah Young,C.J. Hanson,2310,15
Elijah Young,Chase Lundt,0610,33
Elijah Young,Chris Oladokun,2310,13
Elijah Young,Chukwuebuka Godrick,2310,15
Elijah Young,Dalton Cooper,2310,15
Elijah Young,Dan Feeney,0610,8
Elijah Young,Deon Cain,0610,9
Elijah Young,Elijah Moore,0610,8
Elijah Young,Elijhah Badger,2310,10
Elijah Young,Esa Pole,2310,15
Elijah Young,Geor'Quarius Spivey,2310,12
Elijah Young,Hal Presley,2310,14
Elijah Young,Jackson Hawes,0610,2
Elijah Young,Jacob Bayer,0610,25
Elijah Young,Jared Wiley,2310,2
Elijah Young,Jimmy Holiday,2310,4
Elijah Young,Joey Lombard,2310,15
Elijah Young,KJ Hamler,0610,20
Elijah Young,Keleki Latu,0610,20
Elijah Young,Kendrick Green,0610,8
Elijah Young,Key'Shawn Smith,2310,12
Elijah Young,Kristian Wilkerson,0610,22
Elijah Young,Laviska Shenault Jr.,0610,19
Elijah Young,Mac Dalena,2310,3
Elijah Young,Matt Sokol,0610,12
Elijah Young,Mike Edwards,0610,31
Elijah Young,Richard Gouraige,0610,33
Elijah Young,Rush Reimer,0610,25
Elijah Young,Ryan Van Demark,0610,2
Elijah Young,Shane Buechele,0610,33
Elijah Young,Tre Watson,2310,3
Elijah Young,Tyrell Shavers,0610,8
Elijah Young,Zach Davidson,0610,12
Elijhah Badger,Bailey Zappe,2310,7
Elijhah Badger,Brashard Smith,2310,4
Elijhah Badger,C.J. Hanson,2310,19
Elijhah Badger,Carson Steele,2310,4
Elijhah Badger,Chris Oladokun,2310,12
Elijhah Badger,Chukwuebuka Godrick,2310,19
Elijhah Badger,Dalton Cooper,2310,17
Elijhah Badger,Elijah Young,2310,10
Elijhah Badger,Esa Pole,2310,19
Elijhah Badger,Geor'Quarius Spivey,2310,10
Elijhah Badger,Hal Presley,2310,17
Elijhah Badger,Hunter Nourzad,2310,2
Elijhah Badger,Jared Wiley,2310,2
Elijhah Badger,Jimmy Holiday,2310,3
Elijhah Badger,Joey Lombard,2310,17
Elijhah Badger,Key'Shawn Smith,2310,16
Elijhah Badger,Mac Dalena,2310,2
Elijhah Badger,Michael Wiley,2310,1
Elijhah Badger,Mike Caliendo,2310,2
Elijhah Badger,Tre Watson,2310,7
Elliott Brown,Akeem Davis-Gaither,3800,5
Elliott Brown,Anthony Goodlow,3800,59
Elliott Brown,Benton Whitley,3800,50
Elliott Brown,Cody Simon,3800,54
Elliott Brown,Dadrion Taylor-Demerson,3800,6
Elliott Brown,Darren Hall,3800,75
Elliott Brown,Denzel Burke,3800,41
Elliott Brown,Ekow Boye-Doe,3800,50
Elliott Brown,Elijah Jones,3800,60
Elliott Brown,Elijah Simmons,3800,52
Elliott Brown,Jammie Robinson,3800,77
Elliott Brown,Jaylon Jones,3800,66
Elliott Brown,Joey Blount,3800,20
Elliott Brown,Jordan Burch,3800,4
Elliott Brown,Kei'Trel Clark,3800,45
Elliott Brown,Kitan Crawford,3800,43
Elliott Brown,Kyon Barrs,3800,43
Elliott Brown,L.J. Collier,3800,10
Elliott Brown,Mykal Walker,3800,59
Elliott Brown,Owen Pappoe,3800,35
Elliott Brown,PJ Mustipher,3800,24
Elliott Brown,Patrick Jenkins,3800,50
Elliott Brown,Steven Gilmore,3800,30
Elliott Brown,Vi Jones,3800,58
Elliott Brown,Will Johnson,3800,9
Elliott Brown,Xavier Thomas,3800,45
Elliott Davison,Chris Rumph II,3300,22
Elliott Davison,D'Marco Jackson,3300,19
Elliott Davison,Dalys Beanum,3300,47
Elliott Davison,Fadil Diggs,3300,33
Elliott Davison,Isaiah Foskey,3300,31
Elliott Davison,Isaiah Stalbird,3300,35
Elliott Davison,Jasheen Davis,3300,9
Elliott Davison,Jayden Peevy,3300,28
Elliott Davison,Jayden Price,3300,27
Elliott Davison,Jaylan Ford,3300,42
Elliott Davison,Jeremiah Martin,3300,21
Elliott Davison,John Ridgeway,3300,17
Elliott Davison,Jonah Williams,3300,15
Elliott Davison,Jonas Sanker,3300,58
Elliott Davison,Khristian Boyd,3300,15
Elliott Davison,Omari Thomas,3300,29
Elliott Davison,Quincy Riley,3300,11
Elliott Davison,Rejzohn Wright,3300,48
Elliott Davison,Rico Payton,3300,10
Elliott Davison,Tyreem Powell,3300,18
Elliott Davison,Ugo Amadi,3300,6
Elliott Davison,Vernon Broughton,3300,38
Emani Bailey,Brady Christensen,0750,1
Emani Bailey,Brandon Walton,0750,19
Emani Bailey,Bryce Perkins,0750,14
Emani Bailey,Bryce Pierre,0750,15
Emani Bailey,Dominique Dafney,0750,13
Emani Bailey,Ja'Seem Reed,0750,14
Emani Bailey,Jack Plummer,0750,10
Emani Bailey,Jacolby George,0750,10
Emani Bailey,Jarrett Kingston,0750,19
Emani Bailey,Jimmy Horn Jr.,0750,15
Emani Bailey,Kobe Hudson,0750,10
Emani Bailey,Luke Kandra,0750,24
Emani Bailey,Michael Tarquin,0750,24
Emani Bailey,Steven Losoya,0750,24
Emani Bailey,T.J. Luther,0750,18
Emani Bailey,Tyler Mabry,0750,1
Emani Bailey,Yosh Nijman,0750,9
Emanuel Wilson,Anthony Belton,1800,17
Emanuel Wilson,Ben Sims,1800,17
Emanuel Wilson,Cornelius Johnson,1800,10
Emanuel Wilson,Donovan Jennings,1800,25
Emanuel Wilson,Isaiah Neyor,1800,4
Emanuel Wilson,Jacob Monk,1800,10
Emanuel Wilson,John FitzPatrick,1800,7
Emanuel Wilson,Jordan Morgan,1800,13
Emanuel Wilson,Julian Hicks,1800,12
Emanuel Wilson,Kadeem Telfort,1800,12
Emanuel Wilson,Lecitus Smith,1800,5
Emanuel Wilson,Luke Musgrave,1800,5
Emanuel Wilson,Malik Heath,1800,13
Emanuel Wilson,Malik Willis,1800,13
Emanuel Wilson,Matthew Golden,1800,7
Emanuel Wilson,Mecole Hardman,1800,11
Emanuel Wilson,Messiah Swinson,1800,3
Emanuel Wilson,Rasheed Walker,1800,8
Emanuel Wilson,Romeo Doubs,1800,6
Emanuel Wilson,Sean Rhyan,1800,13
Emanuel Wilson,Taylor Elgersma,1800,12
Emanuel Wilson,Trey Hill,1800,12
Emanuel Wilson,Tyler Cooper,1800,2
Emanuel Wilson,Will Sheppard,1800,5
Emanuel Wilson,Zach Tom,1800,8
Emany Johnson,Caleb Murphy,4400,44
Emany Johnson,Christopher Hinton,4400,73
Emany Johnson,Deane Leonard,4400,16
Emany Johnson,Del'Shawn Phillips,4400,3
Emany Johnson,Eric Rogers,4400,28
Emany Johnson,Garmon Randolph,4400,59
Emany Johnson,Harrison Hand,4400,18
Emany Johnson,Ja'Sir Taylor,4400,89
Emany Johnson,Jamaree Caldwell,4400,41
Emany Johnson,Jaylen Jones,4400,23
Emany Johnson,Jordan Oladokun,4400,12
Emany Johnson,Josh Fuga,4400,4
Emany Johnson,Junior Colson,4400,27
Emany Johnson,Justin Eboigbe,4400,36
Emany Johnson,Kana'i Mauga,4400,26
Emany Johnson,Kendall Williamson,4400,133
Emany Johnson,Kylan Guidry,4400,67
Emany Johnson,Kyle Kennard,4400,28
Emany Johnson,Marlowe Wax,4400,83
Emany Johnson,Myles Purchase,4400,64
Emany Johnson,Naquan Jones,4400,38
Emany Johnson,Nehemiah Shelton,4400,4
Emany Johnson,Nesta Jade Silvera,4400,47
Emany Johnson,Nikko Reed,4400,47
Emany Johnson,R.J. Mickens,4400,92
Emany Johnson,Scott Matlock,4400,16
Emany Johnson,TeRah Edwards,4400,59
Emany Johnson,Tony Jefferson,4400,8
Emany Johnson,Tre'Mon Morris-Brash,4400,80
Emany Johnson,Trikweze Bridges,4400,125
Emari Demercado,Andre Baccellia,3800,15
Emari Demercado,Bryson Green,3800,9
Emari Demercado,Christian Jones,3800,9
Emari Demercado,Clayton Tune,3800,26
Emari Demercado,Elijah Higgins,3800,14
Emari Demercado,Hayden Conner,3800,10
Emari Demercado,Jacoby Brissett,3800,14
Emari Demercado,Jake Curhan,3800,13
Emari Demercado,Jeremiah Byers,3800,30
Emari Demercado,Jon Gaines II,3800,12
Emari Demercado,Josh Fryar,3800,28
Emari Demercado,Josiah Deguara,3800,21
Emari Demercado,McClendon Curtis,3800,3
Emari Demercado,Nate McCollum,3800,4
Emari Demercado,Nick Leverett,3800,37
Emari Demercado,Oscar Cardenas,3800,7
Emari Demercado,Royce Newman,3800,28
Emari Demercado,Simi Fehoko,3800,17
Emari Demercado,Sincere Haynesworth,3800,30
Emari Demercado,Tejhaun Palmer,3800,27
Emari Demercado,Travis Vokolek,3800,18
Emari Demercado,Xavier Weaver,3800,28
Emeka Egbuka,Ben Bredeson,4900,19
Emeka Egbuka,Bucky Irving,4900,18
Emeka Egbuka,Cade Otton,4900,17
Emeka Egbuka,Charlie Heck,4900,29
Emeka Egbuka,Cody Mauch,4900,19
Emeka Egbuka,Dennis Houston,4900,1
Emeka Egbuka,Devin Culp,4900,1
Emeka Egbuka,Elijah Klein,4900,10
Emeka Egbuka,Graham Barton,4900,19
Emeka Egbuka,Jalen McMillan,4900,15
Emeka Egbuka,Ko Kieft,4900,5
Emeka Egbuka,Kyle Trask,4900,10
Emeka Egbuka,Luke Goedeke,4900,19
Emeka Egbuka,Luke Haggard,4900,10
Emeka Egbuka,Mike Jordan,4900,10
Emeka Egbuka,Payne Durham,4900,13
Emeka Egbuka,Rachaad White,4900,10
Emeka Egbuka,Raiqwon O'Neal,4900,10
Emeka Egbuka,Ryan Miller,4900,3
Emeka Egbuka,Sean Tucker,4900,1
Emeka Egbuka,Sterling Shepard,4900,19
Emeka Egbuka,Teddy Bridgewater,4900,19
Emeka Egbuka,Tez Johnson,4900,13
Emmanuel Ogbah,Andrew Wingard,2250,17
Emmanuel Ogbah,Antonio Johnson,2250,22
Emmanuel Ogbah,Austin Johnson,2250,17
Emmanuel Ogbah,Chad Muma,2250,16
Emmanuel Ogbah,Christian Braswell,2250,23
Emmanuel Ogbah,Daniel Thomas,2250,6
Emmanuel Ogbah,Danny Striggow,2250,4
Emmanuel Ogbah,Darnell Savage,2250,27
Emmanuel Ogbah,Dawuane Smoot,2250,27
Emmanuel Ogbah,Deantre Prince,2250,20
Emmanuel Ogbah,Devin Lloyd,2250,12
Emmanuel Ogbah,Eric Murray,2250,2
Emmanuel Ogbah,Foye Oluokun,2250,2
Emmanuel Ogbah,Jabbar Muhammad,2250,8
Emmanuel Ogbah,Jack Kiser,2250,11
Emmanuel Ogbah,Jarrian Jones,2250,6
Emmanuel Ogbah,Jordan Jefferson,2250,15
Emmanuel Ogbah,Josh Hines-Allen,2250,2
Emmanuel Ogbah,Jourdan Lewis,2250,2
Emmanuel Ogbah,Myles Cole,2250,3
Emmanuel Ogbah,Rayuan Lane III,2250,1
Emmanuel Ogbah,Travis Hunter,2250,7
Emmanuel Ogbah,Tyler Lacy,2250,18
Emmanuel Ogbah,Tyson Campbell,2250,2
Emmanuel Ogbah,Ventrell Miller,2250,13
Emmanuel Ogbah,Yasir Abdullah,2250,6
Emory Jones,Brandon Parker,0200,18
Emory Jones,DJ Chark,0200,20
Emory Jones,Elijah Wilkinson,0200,7
Emory Jones,Jack Nelson,0200,9
Emory Jones,Jake Hanson,0200,11
Emory Jones,Jashaun Corbin,0200,18
Emory Jones,Jesse Matthews,0200,17
Emory Jones,Jordan Williams,0200,11
Emory Jones,Joshua Gray,0200,13
Emory Jones,Joshua Simon,0200,14
Emory Jones,Jovaughn Gwyn,0200,9
Emory Jones,Kyle Hinton,0200,7
Emory Jones,Matthew Cindric,0200,13
Emory Jones,Nate Carter,0200,2
Emory Jones,Nick Nash,0200,9
Emory Jones,Nikola Kalinic,0200,7
Emory Jones,Quincy Skinner Jr.,0200,13
Emory Jones,Tyrone Wheatley Jr.,0200,2
Ennis Rakestraw Jr.,Ahmed Hassanein,1540,11
Ennis Rakestraw Jr.,Al-Quadin Muhammad,1540,13
Ennis Rakestraw Jr.,Anthony Pittman,1540,10
Ennis Rakestraw Jr.,Avonte Maddox,1540,15
Ennis Rakestraw Jr.,Brodric Martin,1540,3
Ennis Rakestraw Jr.,Chris Smith,1540,11
Ennis Rakestraw Jr.,Dicaprio Bootle,1540,10
Ennis Rakestraw Jr.,Erick Hallett,1540,18
Ennis Rakestraw Jr.,Ezekiel Turner,1540,10
Ennis Rakestraw Jr.,Grant Stuard,1540,15
Ennis Rakestraw Jr.,Isaac Ukwu,1540,2
Ennis Rakestraw Jr.,Keith Cooper,1540,12
Ennis Rakestraw Jr.,Loren Strickland,1540,25
Ennis Rakestraw Jr.,Mitchell Agude,1540,5
Ennis Rakestraw Jr.,Morice Norris Jr.,1540,10
Ennis Rakestraw Jr.,Myles Adams,1540,14
Ennis Rakestraw Jr.,Nate Lynn,1540,12
Ennis Rakestraw Jr.,Pat O'Connor,1540,13
Ennis Rakestraw Jr.,Raequan Williams,1540,4
Ennis Rakestraw Jr.,Rock Ya-Sin,1540,15
Ennis Rakestraw Jr.,Trevor Nowaske,1540,7
Ennis Rakestraw Jr.,Zach Cunningham,1540,15
Eric Banks,Adam Gotsis,4900,14
Eric Banks,Anthony Nelson,4900,2
Eric Banks,Antonio Grier Jr.,4900,18
Eric Banks,Bryce Hall,4900,20
Eric Banks,C.J. Brewer,4900,3
Eric Banks,Chris Braswell,4900,24
Eric Banks,Christian Izien,4900,3
Eric Banks,Deion Jones,4900,21
Eric Banks,Elijah Roberts,4900,24
Eric Banks,JJ Roberts,4900,14
Eric Banks,Jacob Parrish,4900,7
Eric Banks,JayVian Farr,4900,10
Eric Banks,John Bullock,4900,27
Eric Banks,Jose Ramirez,4900,25
Eric Banks,Josh Hayes,4900,4
Eric Banks,Kaevon Merriweather,4900,34
Eric Banks,Kindle Vildor,4900,31
Eric Banks,Markees Watts,4900,43
Eric Banks,Mike Greene,4900,42
Eric Banks,Nick Jackson,4900,36
Eric Banks,Rashad Wisdom,4900,34
Eric Banks,Roman Parodie,4900,15
Eric Banks,Shilo Sanders,4900,24
Eric Banks,SirVocea Dennis,4900,2
Eric Banks,Tre Avery,4900,13
Eric Banks,Tyrek Funderburk,4900,4
Eric Banks,Warren Peeples,4900,10
Eric Banks,Will Brooks,4900,16
Eric Gregory,Barrett Carter,0920,19
Eric Gregory,Bralyn Lux,0920,74
Eric Gregory,Cameron Sample,0920,9
Eric Gregory,Craig Young,0920,38
Eric Gregory,D.J. Ivey,0920,41
Eric Gregory,Daijahn Anthony,0920,24
Eric Gregory,Howard Cross III,0920,29
Eric Gregory,Isaiah Thomas,0920,76
Eric Gregory,Jalen Davis,0920,6
Eric Gregory,Jaylen Key,0920,51
Eric Gregory,Joe Giles-Harris,0920,36
Eric Gregory,Lance Robinson,0920,46
Eric Gregory,Maema Njongmeta,0920,54
Eric Gregory,Marco Wilson,0920,11
Eric Gregory,McKinnley Jackson,0920,36
Eric Gregory,McTelvin Agim,0920,26
Eric Gregory,Nate Brooks,0920,72
Eric Gregory,Oren Burks,0920,7
Eric Gregory,PJ Jules,0920,44
Eric Gregory,Raymond Johnson III,0920,52
Eric Gregory,Shaka Heyward,0920,37
Eric Gregory,Shaquan Loyal,0920,36
Eric Gregory,Shemar Stewart,0920,5
Eric Gregory,Taven Bryan,0920,22
Eric Gregory,Tycen Anderson,0920,19
Eric Johnson,Adetomiwa Adebawore,2200,6
Eric Johnson,Alex Johnson,2200,39
Eric Johnson,Austin Ajiake,2200,21
Eric Johnson,BJ Mayes,2200,25
Eric Johnson,Cameron McGrone,2200,18
Eric Johnson,Chris Lammons,2200,9
Eric Johnson,Daniel Scott,2200,49
Eric Johnson,Desmond Little,2200,28
Eric Johnson,Devonta Davis,2200,8
Eric Johnson,Duke Shelley,2200,16
Eric Johnson,Durell Nchami,2200,33
Eric Johnson,Hunter Wohler,2200,18
Eric Johnson,Isaiah Land,2200,35
Eric Johnson,JT Tuimoloau,2200,30
Eric Johnson,Jacob Phillips,2200,14
Eric Johnson,Jake Chaney,2200,1
Eric Johnson,Joe Bachie,2200,14
Eric Johnson,Johnathan Edwards,2200,32
Eric Johnson,Joseph Vaughn,2200,1
Eric Johnson,Josh Tupou,2200,34
Eric Johnson,Julius Brents,2200,4
Eric Johnson,Ladarius Tennison,2200,17
Eric Johnson,Laiatu Latu,2200,2
Eric Johnson,Marcus Haynes,2200,7
Eric Johnson,Neville Gallimore,2200,20
Eric Johnson,Rodney Thomas,2200,24
Eric Johnson,Samuel Womack,2200,30
Eric Johnson,Segun Olubi,2200,42
Eric Johnson,Solomon DeShields,2200,26
Eric Johnson,Tim Smith,2200,26
Eric Johnson,Tre Herndon,2200,10
Eric Johnson,Trey Washington,2200,47
Eric Johnson,Tyquan Lewis,2200,2
Eric Murray,Andrew Wingard,2250,14
Eric Murray,Austin Johnson,2250,2
Eric Murray,Christian Braswell,2250,5
Eric Murray,DaVon Hamilton,2250,14
Eric Murray,Darnell Savage,2250,4
Eric Murray,Dawuane Smoot,2250,4
Eric Murray,Devin Lloyd,2250,12
Eric Murray,Emmanuel Ogbah,2250,2
Eric Murray,Foye Oluokun,2250,16
Eric Murray,Jarrian Jones,2250,13
Eric Murray,Josh Hines-Allen,2250,15
Eric Murray,Jourdan Lewis,2250,16
Eric Murray,Travon Walker,2250,14
Eric Murray,Tyler Lacy,2250,12
Eric Murray,Tyson Campbell,2250,9
Eric Murray,Ventrell Miller,2250,2
Eric Murray,Yasir Abdullah,2250,5
Eric Rogers,Caleb Murphy,4400,16
Eric Rogers,Christopher Hinton,4400,14
Eric Rogers,Emany Johnson,4400,28
Eric Rogers,Garmon Randolph,4400,18
Eric Rogers,Ja'Sir Taylor,4400,11
Eric Rogers,Jamaree Caldwell,4400,22
Eric Rogers,Jordan Oladokun,4400,22
Eric Rogers,Josh Fuga,4400,10
Eric Rogers,Junior Colson,4400,5
Eric Rogers,Justin Eboigbe,4400,7
Eric Rogers,Kana'i Mauga,4400,12
Eric Rogers,Kendall Williamson,4400,27
Eric Rogers,Kylan Guidry,4400,18
Eric Rogers,Kyle Kennard,4400,9
Eric Rogers,Marlowe Wax,4400,39
Eric Rogers,Myles Purchase,4400,29
Eric Rogers,Naquan Jones,4400,7
Eric Rogers,Nesta Jade Silvera,4400,11
Eric Rogers,R.J. Mickens,4400,33
Eric Rogers,Scott Matlock,4400,4
Eric Rogers,TeRah Edwards,4400,17
Eric Rogers,Tre'Mon Morris-Brash,4400,24
Eric Rogers,Trikweze Bridges,4400,37
Eric Saubert,AJ Barner,4600,4
Eric Saubert,Abraham Lucas,4600,27
Eric Saubert,Amari Kight,4600,7
Eric Saubert,Anthony Bradford,4600,27
Eric Saubert,Brady Russell,4600,7
Eric Saubert,Bryce Cabeldue,4600,3
Eric Saubert,Christian Haynes,4600,7
Eric Saubert,Cody White,4600,1
Eric Saubert,Cooper Kupp,4600,1
Eric Saubert,Damien Martinez,4600,10
Eric Saubert,Dareke Young,4600,11
Eric Saubert,Drew Lock,4600,30
Eric Saubert,Elijah Arroyo,4600,13
Eric Saubert,George Holani,4600,18
Eric Saubert,Grey Zabel,4600,27
Eric Saubert,Jacardia Wright,4600,2
Eric Saubert,Jake Bobo,4600,19
Eric Saubert,Jalen Milroe,4600,1
Eric Saubert,Jalen Sundell,4600,34
Eric Saubert,Jaxon Smith-Njigba,4600,2
Eric Saubert,Josh Jones,4600,34
Eric Saubert,Marquez Valdes-Scantling,4600,6
Eric Saubert,Mason Richman,4600,1
Eric Saubert,Nick Kallerup,4600,4
Eric Saubert,Robbie Ouzts,4600,8
Eric Saubert,Sam Darnold,4600,4
Eric Saubert,Sataoa Laumea,4600,4
Eric Saubert,Tory Horton,4600,24
Eric Saubert,Zach Charbonnet,4600,4
Eric Stokes,Adam Butler,2520,25
Eric Stokes,Charles Snowden,2520,5
Eric Stokes,Chris Smith II,2520,17
Eric Stokes,Darien Porter,2520,25
Eric Stokes,Darnay Holmes,2520,3
Eric Stokes,Devin White,2520,26
Eric Stokes,Elandon Roberts,2520,15
Eric Stokes,Germaine Pratt,2520,22
Eric Stokes,Isaiah Pola-Mao,2520,36
Eric Stokes,JJ Pegues,2520,9
Eric Stokes,Jamal Adams,2520,13
Eric Stokes,Jeremy Chinn,2520,23
Eric Stokes,Jonah Laulu,2520,20
Eric Stokes,Kyu Kelly,2520,11
Eric Stokes,Malcolm Koonce,2520,19
Eric Stokes,Matt Jones,2520,5
Eric Stokes,Maxx Crosby,2520,23
Eric Stokes,Terrell Edmunds,2520,5
Eric Stokes,Thomas Booker,2520,14
Eric Stokes,Thomas Harper,2520,1
Eric Stokes,Tommy Eichenberg,2520,10
Eric Stokes,Tonka Hemingway,2520,12
Eric Stokes,Tyree Wilson,2520,20
Eric Stokes,Zachary Carter,2520,1
Eric Watts,Aaron Smith,3430,20
Eric Watts,Andre Cisco,3430,3
Eric Watts,Braiden McGregor,3430,11
Eric Watts,Brandon Stephens,3430,3
Eric Watts,Dean Clark,3430,50
Eric Watts,Derrick Nnadi,3430,23
Eric Watts,Fatorma Mulbah,3430,32
Eric Watts,Francisco Mauigoa,3430,30
Eric Watts,Isaiah Oliver,3430,26
Eric Watts,Ja'Markis Weston n,3430,14
Eric Watts,Jackson Sirmon,3430,26
Eric Watts,Jamien Sherwood,3430,3
Eric Watts,Jamin Davis,3430,12
Eric Watts,Jarius Monroe,3430,32
Eric Watts,Jarrick Bernard-Converse,3430,25
Eric Watts,Jay Tufele,3430,13
Eric Watts,Jordan Clark,3430,28
Eric Watts,Kingsley Jonathan,3430,13
Eric Watts,Leonard Taylor III,3430,12
Eric Watts,Malachi Moore,3430,35
Eric Watts,Marcelino McCrary-Ball,3430,20
Eric Watts,Mario Goodrich,3430,27
Eric Watts,Michael Carter II,3430,2
Eric Watts,Michael Fletcher,3430,11
Eric Watts,Micheal Clemons,3430,1
Eric Watts,Payton Page,3430,34
Eric Watts,Phidarian Mathis,3430,16
Eric Watts,Quincy Williams,3430,3
Eric Watts,Qwan'tez Stiggers,3430,20
Eric Watts,Rashad Weaver,3430,17
Eric Watts,Ryan Cooper Jr.,3430,24
Eric Watts,Sauce Gardner,3430,3
Eric Watts,Tanner McCalister,3430,27
Eric Watts,Tony Adams,3430,6
Eric Watts,Tyler Baron,3430,17
Eric Watts,Will McDonald IV,3430,1
Eric Watts,Zaire Barnes,3430,30
Eric Wilson,Bo Richter,3000,3
Eric Wilson,Brian Asamoah,3000,2
Eric Wilson,Dallas Turner,3000,8
Eric Wilson,Dwight McGlothern,3000,1
Eric Wilson,Gabriel Murphy,3000,9
Eric Wilson,Isaiah Rodgers,3000,8
Eric Wilson,Ivan Pace Jr.,3000,8
Eric Wilson,Jalen Redmond,3000,8
Eric Wilson,Jay Ward,3000,10
Eric Wilson,Jeff Okudah,3000,10
Eric Wilson,Jonathan Harris,3000,1
Eric Wilson,Levi Drake Rodriguez,3000,9
Eric Wilson,Mekhi Blackmon,3000,4
Eric Wilson,Taki Taimani,3000,1
Eric Wilson,Theo Jackson,3000,10
Eric Wilson,Tyler Batty,3000,1
Eric Wilson,Tyrion Ingram-Dawkins,3000,7
Erick Hallett,Ahmed Hassanein,1540,24
Erick Hallett,Al-Quadin Muhammad,1540,43
Erick Hallett,Allan George,1540,33
Erick Hallett,Anthony Pittman,1540,53
Erick Hallett,Avonte Maddox,1540,54
Erick Hallett,Brodric Martin,1540,32
Erick Hallett,Chris Smith,1540,58
Erick Hallett,D.J. Miller,1540,24
Erick Hallett,DaRon Gilbert,1540,23
Erick Hallett,Dan Jackson,1540,10
Erick Hallett,Dicaprio Bootle,1540,36
Erick Hallett,Ennis Rakestraw Jr.,1540,18
Erick Hallett,Ezekiel Turner,1540,55
Erick Hallett,Grant Stuard,1540,62
Erick Hallett,Ian Kennelly,1540,47
Erick Hallett,Isaac Ukwu,1540,62
Erick Hallett,Keith Cooper,1540,62
Erick Hallett,Loren Strickland,1540,48
Erick Hallett,Luq Barcoo,1540,13
Erick Hallett,Mitchell Agude,1540,50
Erick Hallett,Morice Norris Jr.,1540,20
Erick Hallett,Myles Adams,1540,85
Erick Hallett,Nate Lynn,1540,54
Erick Hallett,Nick Whiteside,1540,56
Erick Hallett,Pat O'Connor,1540,27
Erick Hallett,Raequan Williams,1540,3
Erick Hallett,Rock Ya-Sin,1540,74
Erick Hallett,Trevor Nowaske,1540,56
Erick Hallett,Tyleik Williams,1540,8
Erick Hallett,Tyson Russell,1540,42
Erick Hallett,Zach Cunningham,1540,38
Erik Ezukanma,A.J. Henning,2700,2
Erik Ezukanma,Addison West,2700,2
Erik Ezukanma,Braeden Daniels,2700,34
Erik Ezukanma,Chris Myarick,2700,9
Erik Ezukanma,Daniel Brunskill,2700,59
Erik Ezukanma,Dee Eskridge,2700,31
Erik Ezukanma,Germain Ifedi,2700,10
Erik Ezukanma,Hayden Rucci,2700,14
Erik Ezukanma,Jackson Carman,2700,53
Erik Ezukanma,Jalen McKenzie,2700,2
Erik Ezukanma,Jaylen Wright,2700,27
Erik Ezukanma,Jonah Savaiinaea,2700,25
Erik Ezukanma,Josh Priebe,2700,2
Erik Ezukanma,Julian Hill,2700,3
Erik Ezukanma,Kion Smith,2700,59
Erik Ezukanma,Larry Borom,2700,23
Erik Ezukanma,Mike Boone,2700,11
Erik Ezukanma,Ollie Gordon II,2700,23
Erik Ezukanma,Pharaoh Brown,2700,26
Erik Ezukanma,Quinn Ewers,2700,2
Erik Ezukanma,Ryan Hayes,2700,36
Erik Ezukanma,Tahj Washington,2700,45
Erik Ezukanma,Tanner Conner,2700,30
Erik Ezukanma,Tarik Black,2700,23
Erik Ezukanma,Zach Wilson,2700,59
Erik McCoy,Alvin Kamara,3300,1
Erik McCoy,Brandin Cooks,3300,11
Erik McCoy,Cesar Ruiz,3300,14
Erik McCoy,Chris Olave,3300,14
Erik McCoy,Clyde Edwards-Helaire,3300,4
Erik McCoy,Dillon Radunz,3300,14
Erik McCoy,Jack Stoll,3300,5
Erik McCoy,Juwan Johnson,3300,12
Erik McCoy,Kelvin Banks Jr.,3300,14
Erik McCoy,Kendre Miller,3300,9
Erik McCoy,Landon Young,3300,14
Erik McCoy,Rashid Shaheed,3300,14
Erik McCoy,Spencer Rattler,3300,14
Ernest Jones,Boye Mafe,4600,10
Ernest Jones,Brandon Pili,4600,3
Ernest Jones,Byron Murphy II,4600,10
Ernest Jones,Coby Bryant,4600,10
Ernest Jones,Derick Hall,4600,10
Ernest Jones,Devon Witherspoon,4600,10
Ernest Jones,Josh Jobe,4600,4
Ernest Jones,Julian Love,4600,10
Ernest Jones,Mike Morris,4600,4
Ernest Jones,Nick Emmanwori,4600,6
Ernest Jones,Patrick O'Connell,4600,9
Ernest Jones,Quinton Bohanna,4600,4
Ernest Jones,Riq Woolen,4600,10
Esa Pole,Bailey Zappe,2310,33
Esa Pole,Brashard Smith,2310,27
Esa Pole,C.J. Hanson,2310,60
Esa Pole,Carson Steele,2310,16
Esa Pole,Chris Oladokun,2310,27
Esa Pole,Chukwuebuka Godrick,2310,45
Esa Pole,Dalton Cooper,2310,36
Esa Pole,Elijah Mitchell,2310,2
Esa Pole,Elijah Young,2310,15
Esa Pole,Elijhah Badger,2310,19
Esa Pole,Geor'Quarius Spivey,2310,21
Esa Pole,Hal Presley,2310,26
Esa Pole,Hunter Nourzad,2310,24
Esa Pole,Jared Wiley,2310,13
Esa Pole,Jason Brownlee,2310,13
Esa Pole,Jimmy Holiday,2310,22
Esa Pole,Joey Lombard,2310,36
Esa Pole,Key'Shawn Smith,2310,23
Esa Pole,Mac Dalena,2310,18
Esa Pole,Michael Wiley,2310,1
Esa Pole,Mike Caliendo,2310,24
Esa Pole,Nikko Remigio,2310,25
Esa Pole,Robert Tonyan,2310,16
Esa Pole,Skyy Moore,2310,14
Esa Pole,Tre Watson,2310,29
Esa Pole,Wanya Morris,2310,15
Esezi Otomewo,Beanie Bishop Jr.,3900,3
Esezi Otomewo,Brandin Echols,3900,4
Esezi Otomewo,Breiden Fehoko,3900,18
Esezi Otomewo,Carson Bruener,3900,32
Esezi Otomewo,Cole Holcomb,3900,4
Esezi Otomewo,D'Shawn Jamison,3900,28
Esezi Otomewo,Daniel Ekuale,3900,7
Esezi Otomewo,Daryl Porter,3900,25
Esezi Otomewo,DeMarvin Leal,3900,20
Esezi Otomewo,Devin Harper,3900,21
Esezi Otomewo,Domenique Davis,3900,10
Esezi Otomewo,Eku Leota,3900,21
Esezi Otomewo,Isaiahh Loudermilk,3900,1
Esezi Otomewo,Jack Sawyer,3900,13
Esezi Otomewo,James Pierre,3900,7
Esezi Otomewo,Julius Welschof,3900,21
Esezi Otomewo,Kam Alexander,3900,10
Esezi Otomewo,Kenny Willekes,3900,7
Esezi Otomewo,Kyler Baugh,3900,3
Esezi Otomewo,Kyler McMichael,3900,24
Esezi Otomewo,Logan Lee,3900,9
Esezi Otomewo,Malik Harrison,3900,7
Esezi Otomewo,Mark Robinson,3900,18
Esezi Otomewo,Mikey Victor,3900,15
Esezi Otomewo,Miles Killebrew,3900,4
Esezi Otomewo,Quindell Johnson,3900,37
Esezi Otomewo,Sebastian Castro,3900,41
Essang Bassey,Ale Kaho,5110,12
Essang Bassey,Andre Jones Jr.,5110,25
Essang Bassey,Antonio Hamilton,5110,24
Essang Bassey,Ben Nikkel,5110,22
Essang Bassey,Bobby Price,5110,22
Essang Bassey,Car'lin Vigers,5110,30
Essang Bassey,Carl Davis,5110,5
Essang Bassey,Clelin Ferrell,5110,16
Essang Bassey,Daryl Worley,5110,26
Essang Bassey,Duke Riley,5110,21
Essang Bassey,Eddie Goldman,5110,4
Essang Bassey,Jalyn Holmes,5110,14
Essang Bassey,Kain Medrano,5110,12
Essang Bassey,Kam Arnold,5110,26
Essang Bassey,Norell Pollard,5110,27
Essang Bassey,Ricky Barber,5110,20
Essang Bassey,Robert McDaniel,5110,33
Essang Bassey,Sheldon Day,5110,17
Essang Bassey,T.J. Maguranyanga,5110,24
Ethan Bonner,Ben Stille,2700,2
Ethan Bonner,Benito Jones,2700,6
Ethan Bonner,Cameron Goode,2700,1
Ethan Bonner,Cornell Armstrong,2700,9
Ethan Bonner,Dante Trader Jr.,2700,5
Ethan Bonner,Derrick McLendon,2700,8
Ethan Bonner,Elijah Campbell,2700,3
Ethan Bonner,Grayson Murphy,2700,9
Ethan Bonner,Ifeatu Melifonwu,2700,9
Ethan Bonner,Jack Jones,2700,10
Ethan Bonner,Jordan Colbert,2700,7
Ethan Bonner,Jordan Phillips,2700,2
Ethan Bonner,K.J. Britt,2700,16
Ethan Bonner,Kenneth Grant,2700,13
Ethan Bonner,Matt Dickerson,2700,2
Ethan Bonner,Matthew Butler,2700,10
Ethan Bonner,Mike Hilton,2700,2
Ethan Bonner,Patrick McMorris,2700,8
Ethan Bonner,Quinton Bell,2700,14
Ethan Bonner,Storm Duck,2700,6
Ethan Bonner,Willie Gay Jr.,2700,16
Ethan Bonner,Zeek Biggers,2700,2
Ethan Downs,Antonio Johnson,2250,6
Ethan Downs,Aydan White,2250,31
Ethan Downs,BJ Green II,2250,7
Ethan Downs,Branson Combs,2250,23
Ethan Downs,Cam'Ron Silmon-Craig,2250,35
Ethan Downs,Chad Muma,2250,26
Ethan Downs,Christian Braswell,2250,1
Ethan Downs,Daniel Thomas,2250,11
Ethan Downs,Danny Striggow,2250,2
Ethan Downs,Deantre Prince,2250,5
Ethan Downs,Doneiko Slaughter,2250,24
Ethan Downs,Eli Mostaert,2250,11
Ethan Downs,Jabbar Muhammad,2250,22
Ethan Downs,Jack Kiser,2250,36
Ethan Downs,James Carpenter,2250,30
Ethan Downs,Jordan Jefferson,2250,13
Ethan Downs,Keivie Rose,2250,24
Ethan Downs,Keni-H Lovely,2250,21
Ethan Downs,Maason Smith,2250,8
Ethan Downs,Myles Cole,2250,34
Ethan Downs,Rayuan Lane III,2250,34
Ethan Downs,Ventrell Miller,2250,1
Ethan Downs,Yasir Abdullah,2250,14
Ethan Downs,Zech McPhearson,2250,11
Ethan Pocic,Adin Huntington,1050,1
Ethan Pocic,Brenden Bates,1050,1
Ethan Pocic,David Njoku,1050,6
Ethan Pocic,Dawand Jones,1050,8
Ethan Pocic,Diontae Johnson,1050,4
Ethan Pocic,Dylan Sampson,1050,4
Ethan Pocic,Gage Larvadain,1050,3
Ethan Pocic,Harold Fannin Jr.,1050,5
Ethan Pocic,Isaiah Bond,1050,2
Ethan Pocic,Jack Conklin,1050,8
Ethan Pocic,Jamari Thrash,1050,4
Ethan Pocic,Jerome Ford,1050,4
Ethan Pocic,Jerry Jeudy,1050,3
Ethan Pocic,Joe Flacco,1050,8
Ethan Pocic,Kaden Davis,1050,3
Ethan Pocic,Wyatt Teller,1050,8
Ethan Pocic,Zak Zinter,1050,8
Ethan Robinson,Alex Huntley,2700,8
Ethan Robinson,BJ Adams,2700,29
Ethan Robinson,Ben Stille,2700,21
Ethan Robinson,Cam Smith,2700,15
Ethan Robinson,Cameron Dantzler,2700,2
Ethan Robinson,Cameron Goode,2700,19
Ethan Robinson,Channing Tindall,2700,35
Ethan Robinson,Cornell Armstrong,2700,5
Ethan Robinson,Dequan Jackson,2700,11
Ethan Robinson,Derrick McLendon,2700,24
Ethan Robinson,Eugene Asante,2700,26
Ethan Robinson,Grayson Murphy,2700,28
Ethan Robinson,Isaiah Johnson,2700,25
Ethan Robinson,Jason Marshall Jr.,2700,11
Ethan Robinson,John Saunders Jr.,2700,26
Ethan Robinson,Jordan Colbert,2700,34
Ethan Robinson,Jordan Phillips,2700,4
Ethan Robinson,Matt Dickerson,2700,14
Ethan Robinson,Matthew Butler,2700,4
Ethan Robinson,Mohamed Kamara,2700,3
Ethan Robinson,Patrick McMorris,2700,3
Ethan Robinson,Zeek Biggers,2700,23
Eugene Asante,Alex Huntley,2700,17
Eugene Asante,BJ Adams,2700,27
Eugene Asante,Ben Stille,2700,23
Eugene Asante,Cam Smith,2700,21
Eugene Asante,Cameron Dantzler,2700,3
Eugene Asante,Cameron Goode,2700,28
Eugene Asante,Channing Tindall,2700,49
Eugene Asante,Cornell Armstrong,2700,10
Eugene Asante,Dequan Jackson,2700,3
Eugene Asante,Derrick McLendon,2700,30
Eugene Asante,Elijah Campbell,2700,5
Eugene Asante,Ethan Robinson,2700,26
Eugene Asante,Grayson Murphy,2700,32
Eugene Asante,Ifeatu Melifonwu,2700,5
Eugene Asante,Isaiah Johnson,2700,25
Eugene Asante,Jack Jones,2700,10
Eugene Asante,Jason Marshall Jr.,2700,23
Eugene Asante,John Saunders Jr.,2700,26
Eugene Asante,Jordan Colbert,2700,35
Eugene Asante,Jordan Phillips,2700,10
Eugene Asante,Kendall Sheffield,2700,1
Eugene Asante,Kenneth Grant,2700,3
Eugene Asante,Matt Dickerson,2700,18
Eugene Asante,Matthew Butler,2700,12
Eugene Asante,Mike Hilton,2700,5
Eugene Asante,Mohamed Kamara,2700,3
Eugene Asante,Patrick McMorris,2700,20
Eugene Asante,Quinton Bell,2700,11
Eugene Asante,Storm Duck,2700,9
Eugene Asante,Zeek Biggers,2700,30
Evan Anderson,Alfred Collins,4500,12
Evan Anderson,Bryce Huff,4500,6
Evan Anderson,Chase Lucas,4500,24
Evan Anderson,Chazz Surratt,4500,22
Evan Anderson,Curtis Robinson,4500,5
Evan Anderson,Dallis Flowers,4500,28
Evan Anderson,Darrell Luter Jr.,4500,15
Evan Anderson,Dee Winters,4500,6
Evan Anderson,Demone Harris,4500,6
Evan Anderson,Deommodore Lenoir,4500,6
Evan Anderson,Derrick Canteen,4500,19
Evan Anderson,Jakob Robinson,4500,9
Evan Anderson,Jalen Graham,4500,21
Evan Anderson,Jaylen Mahoney,4500,12
Evan Anderson,Jaylon Allen,4500,7
Evan Anderson,Ji'Ayir Brown,4500,28
Evan Anderson,Jonathan Garvin,4500,16
Evan Anderson,Jordan Elliott,4500,5
Evan Anderson,Luke Gifford,4500,8
Evan Anderson,Marques Sigle,4500,28
Evan Anderson,Nick Martin,4500,16
Evan Anderson,Renardo Green,4500,7
Evan Anderson,Robert Beal Jr.,4500,7
Evan Anderson,Sam Okuayinonu,4500,5
Evan Anderson,Sebastian Valdez,4500,23
Evan Anderson,Siran Neal,4500,12
Evan Anderson,Tatum Bethune,4500,14
Evan Anderson,Trevis Gipson,4500,29
Evan Anderson,Will Bradley-King,4500,4
Evan Brown,Elijah Higgins,3800,9
Evan Brown,Greg Dortch,3800,3
Evan Brown,Hjalte Froholdt,3800,16
Evan Brown,Isaiah Adams,3800,16
Evan Brown,James Conner,3800,7
Evan Brown,Jonah Williams,3800,16
Evan Brown,Kyler Murray,3800,16
Evan Brown,Marvin Harrison Jr.,3800,16
Evan Brown,Michael Wilson,3800,8
Evan Brown,Paris Johnson Jr.,3800,16
Evan Brown,Tip Reiman,3800,11
Evan Brown,Trey Benson,3800,9
Evan Brown,Trey McBride,3800,8
Evan Brown,Zay Jones,3800,9
Evan Engram,Adam Trautman,1400,6
Evan Engram,Alex Forsyth,1400,9
Evan Engram,Alex Palczewski,1400,9
Evan Engram,Ben Powers,1400,23
Evan Engram,Blake Watson,1400,1
Evan Engram,Bo Nix,1400,23
Evan Engram,Calvin Throckmorton,1400,9
Evan Engram,Courtland Sutton,1400,23
Evan Engram,Devaughn Vele,1400,4
Evan Engram,Frank Crum,1400,1
Evan Engram,Garett Bolles,1400,23
Evan Engram,J.K. Dobbins,1400,6
Evan Engram,Jaleel McLaughlin,1400,1
Evan Engram,Jarrett Stidham,1400,8
Evan Engram,Lucas Krull,1400,1
Evan Engram,Luke Wattenberg,1400,23
Evan Engram,Marvin Mims Jr.,1400,22
Evan Engram,Matt Peart,1400,9
Evan Engram,Michael Bandy,1400,1
Evan Engram,Mike McGlinchey,1400,23
Evan Engram,Pat Bryant,1400,8
Evan Engram,Quinn Meinerz,1400,23
Evan Engram,RJ Harvey,1400,17
Evan Engram,Sam Ehlinger,1400,1
Evan Engram,Trent Sherfield,1400,8
Evan Engram,Troy Franklin,1400,23
Evan Engram,Tyler Badie,1400,7
Evan Engram,Will Sherman,1400,8
Evan Hull,Aiden Williams,3900,13
Evan Hull,Andrus Peat,3900,11
Evan Hull,Brandon Johnson,3900,2
Evan Hull,Connor Heyward,3900,5
Evan Hull,Doug Nester,3900,24
Evan Hull,Dylan Cook,3900,9
Evan Hull,Gareth Warren,3900,18
Evan Hull,JJ Galbreath,3900,23
Evan Hull,Julian Pearl,3900,5
Evan Hull,Ke'Shawn Williams,3900,16
Evan Hull,Kevin Foelsch,3900,5
Evan Hull,Lance McCutcheon,3900,12
Evan Hull,Logan Woodside,3900,12
Evan Hull,Max Hurleman,3900,14
Evan Hull,Max Scharping,3900,24
Evan Hull,Robert Woods,3900,6
Evan Hull,Roc Taylor,3900,12
Evan Hull,Ryan McCollum,3900,5
Evan Hull,Skylar Thompson,3900,12
Evan Hull,Steven Jones,3900,12
Evan Neal,Aaron Stinnie,3410,19
Evan Neal,Antwane Wells Jr.,3410,12
Evan Neal,Austin Schlottmann,3410,52
Evan Neal,Beaux Collins,3410,36
Evan Neal,Cam Skattebo,3410,10
Evan Neal,Dante Miller,3410,32
Evan Neal,Darius Slayton,3410,2
Evan Neal,Devin Singletary,3410,4
Evan Neal,Elijah Chatman,3410,5
Evan Neal,Greg Dulcich,3410,26
Evan Neal,Gunner Olszewski,3410,41
Evan Neal,Ihmir Smith-Marsette,3410,9
Evan Neal,Jake Kubas,3410,12
Evan Neal,Jalin Hyatt,3410,33
Evan Neal,Jameis Winston,3410,12
Evan Neal,James Hudson,3410,9
Evan Neal,Jaxson Dart,3410,42
Evan Neal,Jermaine Eluemunor,3410,9
Evan Neal,John Michael Schmitz,3410,9
Evan Neal,Jon Runyan,3410,9
Evan Neal,Jonathan Ward,3410,10
Evan Neal,Joshua Ezeudu,3410,21
Evan Neal,Lil'Jordan Humphrey,3410,27
Evan Neal,Marcus Mbow,3410,52
Evan Neal,Montrell Washington,3410,9
Evan Neal,Russell Wilson,3410,6
Evan Neal,Stone Forsythe,3410,52
Evan Neal,Theo Johnson,3410,9
Evan Neal,Thomas Fidone II,3410,31
Evan Neal,Tyrone Tracy Jr.,3410,5
Evan Neal,Wan'Dale Robinson,3410,5
Evan Williams,Brenton Cox Jr.,1800,2
Evan Williams,Carrington Valentine,1800,14
Evan Williams,Colby Wooden,1800,5
Evan Williams,Devonte Wyatt,1800,9
Evan Williams,Edgerrin Cooper,1800,14
Evan Williams,Isaiah McDuffie,1800,13
Evan Williams,Isaiah Simmons,1800,4
Evan Williams,Javon Bullard,1800,14
Evan Williams,Karl Brooks,1800,5
Evan Williams,Keisean Nixon,1800,14
Evan Williams,Kenny Clark,1800,9
Evan Williams,Kingsley Enagbare,1800,1
Evan Williams,Kitan Oladapo,1800,3
Evan Williams,Lukas Van Ness,1800,13
Evan Williams,Quay Walker,1800,4
Evan Williams,Rashan Gary,1800,12
Evan Williams,Zayne Anderson,1800,4
Eyioma Uwazurike,Alex Singleton,1400,1
Eyioma Uwazurike,Andrew Farmer,1400,7
Eyioma Uwazurike,Brandon Jones,1400,3
Eyioma Uwazurike,D.J. Jones,1400,2
Eyioma Uwazurike,Damarri Mathis,1400,47
Eyioma Uwazurike,Delarrin Turner-Yell,1400,8
Eyioma Uwazurike,Devon Key,1400,33
Eyioma Uwazurike,Dondrea Tillman,1400,42
Eyioma Uwazurike,Garret Wallow,1400,2
Eyioma Uwazurike,Garrett Nelson,1400,4
Eyioma Uwazurike,J.B. Brown,1400,2
Eyioma Uwazurike,JL Skinner,1400,24
Eyioma Uwazurike,Ja'Quan McMillian,1400,5
Eyioma Uwazurike,Jaden Robinson,1400,8
Eyioma Uwazurike,Jahdae Barron,1400,25
Eyioma Uwazurike,Jonah Elliss,1400,39
Eyioma Uwazurike,Jonathon Cooper,1400,3
Eyioma Uwazurike,Jordan Jackson,1400,41
Eyioma Uwazurike,Jordan Miller,1400,23
Eyioma Uwazurike,Jordan Turner,1400,18
Eyioma Uwazurike,Joshua Pickett,1400,6
Eyioma Uwazurike,Justin Strnad,1400,23
Eyioma Uwazurike,Karene Reid,1400,32
Eyioma Uwazurike,Keidron Smith,1400,24
Eyioma Uwazurike,Kris Abrams-Draine,1400,54
Eyioma Uwazurike,Kristian Williams,1400,3
Eyioma Uwazurike,Levelle Bailey,1400,49
Eyioma Uwazurike,Malcolm Roach,1400,3
Eyioma Uwazurike,Micah Abraham,1400,6
Eyioma Uwazurike,Nik Bonitto,1400,2
Eyioma Uwazurike,P.J. Locke,1400,33
Eyioma Uwazurike,Pat Surtain II,1400,3
Eyioma Uwazurike,Que Robinson,1400,39
Eyioma Uwazurike,Quinton Newsome,1400,18
Eyioma Uwazurike,Riley Moss,1400,3
Eyioma Uwazurike,Sai'vion Jones,1400,33
Eyioma Uwazurike,Sam Franklin Jr.,1400,8
Eyioma Uwazurike,Talanoa Hufanga,1400,3
Eyioma Uwazurike,Zach Allen,1400,1
Ezekiel Turner,Ahmed Hassanein,1540,23
Ezekiel Turner,Allan George,1540,12
Ezekiel Turner,Anthony Pittman,1540,68
Ezekiel Turner,Avonte Maddox,1540,11
Ezekiel Turner,Brodric Martin,1540,36
Ezekiel Turner,Chris Smith,1540,30
Ezekiel Turner,D.J. Miller,1540,15
Ezekiel Turner,DaRon Gilbert,1540,18
Ezekiel Turner,Dan Jackson,1540,33
Ezekiel Turner,Dicaprio Bootle,1540,38
Ezekiel Turner,Ennis Rakestraw Jr.,1540,10
Ezekiel Turner,Erick Hallett,1540,55
Ezekiel Turner,Ian Kennelly,1540,61
Ezekiel Turner,Isaac Ukwu,1540,53
Ezekiel Turner,Keith Cooper,1540,57
Ezekiel Turner,Loren Strickland,1540,40
Ezekiel Turner,Luq Barcoo,1540,7
Ezekiel Turner,Mitchell Agude,1540,44
Ezekiel Turner,Morice Norris Jr.,1540,25
Ezekiel Turner,Myles Adams,1540,71
Ezekiel Turner,Nate Lynn,1540,41
Ezekiel Turner,Nick Whiteside,1540,47
Ezekiel Turner,Pat O'Connor,1540,1
Ezekiel Turner,Raequan Williams,1540,16
Ezekiel Turner,Rock Ya-Sin,1540,14
Ezekiel Turner,Trevor Nowaske,1540,52
Ezekiel Turner,Tyson Russell,1540,52
Ezra Cleveland,Anton Harrison,2250,11
Ezra Cleveland,Austin Trammell,2250,10
Ezra Cleveland,Brenton Strange,2250,23
Ezra Cleveland,Brian Thomas Jr.,2250,27
Ezra Cleveland,Chuma Edoga,2250,11
Ezra Cleveland,Dyami Brown,2250,9
Ezra Cleveland,Fred Johnson,2250,17
Ezra Cleveland,Hunter Long,2250,4
Ezra Cleveland,Johnny Mundt,2250,9
Ezra Cleveland,Parker Washington,2250,19
Ezra Cleveland,Patrick Mekari,2250,17
Ezra Cleveland,Robert Hainsey,2250,28
Ezra Cleveland,Tank Bigsby,2250,9
Ezra Cleveland,Travis Etienne,2250,19
Ezra Cleveland,Travis Hunter,2250,10
Ezra Cleveland,Trenton Irwin,2250,1
Ezra Cleveland,Trevor Lawrence,2250,28
Ezra Cleveland,Walker Little,2250,28
Fabien Lovett Sr.,Ajani Carter,2310,24
Fabien Lovett Sr.,Ashton Gillotte,2310,11
Fabien Lovett Sr.,Azizi Hearn,2310,19
Fabien Lovett Sr.,Brandon George,2310,32
Fabien Lovett Sr.,Bryan Cook,2310,3
Fabien Lovett Sr.,Cam Jones,2310,15
Fabien Lovett Sr.,Charles Omenihu,2310,3
Fabien Lovett Sr.,Christian Roland-Wallace,2310,19
Fabien Lovett Sr.,Cole Christiansen,2310,23
Fabien Lovett Sr.,Cooper McDonald,2310,48
Fabien Lovett Sr.,Coziah Izzard,2310,38
Fabien Lovett Sr.,Felix Anudike-Uzomah,2310,20
Fabien Lovett Sr.,Glendon Miller,2310,53
Fabien Lovett Sr.,Jack Cochrane,2310,3
Fabien Lovett Sr.,Jacobe Covington,2310,11
Fabien Lovett Sr.,Jaden Hicks,2310,10
Fabien Lovett Sr.,Janarius Robinson,2310,4
Fabien Lovett Sr.,Jeffrey Bassa,2310,43
Fabien Lovett Sr.,Jerry Tillery,2310,3
Fabien Lovett Sr.,Joshua Williams,2310,40
Fabien Lovett Sr.,Kevin Knowles,2310,24
Fabien Lovett Sr.,Kristian Fulton,2310,10
Fabien Lovett Sr.,Major Williams,2310,42
Fabien Lovett Sr.,Malik Herring,2310,65
Fabien Lovett Sr.,Marlon Tuipulotu,2310,29
Fabien Lovett Sr.,Melvin Smith Jr.,2310,25
Fabien Lovett Sr.,Mike Edwards,2310,9
Fabien Lovett Sr.,Nate Matlack,2310,39
Fabien Lovett Sr.,Nazeeh Johnson,2310,3
Fabien Lovett Sr.,Nohl Williams,2310,13
Fabien Lovett Sr.,Omarr Norman-Lott,2310,2
Fabien Lovett Sr.,Owen Carney,2310,1
Fabien Lovett Sr.,Xander Mueller,2310,6
Fadil Diggs,Bryan Bresee,3300,6
Fadil Diggs,Chris Rumph II,3300,35
Fadil Diggs,D'Marco Jackson,3300,37
Fadil Diggs,Dalys Beanum,3300,27
Fadil Diggs,Danny Stutsman,3300,43
Fadil Diggs,Elliott Davison,3300,33
Fadil Diggs,Isaac Yiadom,3300,20
Fadil Diggs,Isaiah Foskey,3300,41
Fadil Diggs,Isaiah Stalbird,3300,35
Fadil Diggs,Jasheen Davis,3300,7
Fadil Diggs,Jayden Peevy,3300,15
Fadil Diggs,Jayden Price,3300,23
Fadil Diggs,Jaylan Ford,3300,43
Fadil Diggs,Jeremiah Martin,3300,17
Fadil Diggs,John Ridgeway,3300,20
Fadil Diggs,Jonah Williams,3300,44
Fadil Diggs,Jonas Sanker,3300,82
Fadil Diggs,Jonathan Bullard,3300,16
Fadil Diggs,Jordan Howden,3300,57
Fadil Diggs,Julian Blackmon,3300,6
Fadil Diggs,Khalen Saunders,3300,14
Fadil Diggs,Khristian Boyd,3300,34
Fadil Diggs,Kool-Aid McKinstry,3300,6
Fadil Diggs,Nathan Shepherd,3300,4
Fadil Diggs,Nephi Sewell,3300,30
Fadil Diggs,Omari Thomas,3300,19
Fadil Diggs,Quincy Riley,3300,66
Fadil Diggs,Rejzohn Wright,3300,43
Fadil Diggs,Rico Payton,3300,27
Fadil Diggs,Terrell Burgess,3300,21
Fadil Diggs,Tyreem Powell,3300,8
Fadil Diggs,Ugo Amadi,3300,49
Fadil Diggs,Vernon Broughton,3300,62
Fatorma Mulbah,Aaron Smith,3430,23
Fatorma Mulbah,Braiden McGregor,3430,12
Fatorma Mulbah,Dean Clark,3430,43
Fatorma Mulbah,Eric Watts,3430,32
Fatorma Mulbah,Francisco Mauigoa,3430,10
Fatorma Mulbah,Isaiah Oliver,3430,4
Fatorma Mulbah,Ja'Markis Weston n,3430,22
Fatorma Mulbah,Jackson Sirmon,3430,28
Fatorma Mulbah,Jamin Davis,3430,6
Fatorma Mulbah,Jarius Monroe,3430,34
Fatorma Mulbah,Jarrick Bernard-Converse,3430,19
Fatorma Mulbah,Jordan Clark,3430,29
Fatorma Mulbah,Kingsley Jonathan,3430,18
Fatorma Mulbah,Malachi Moore,3430,10
Fatorma Mulbah,Mario Goodrich,3430,37
Fatorma Mulbah,Michael Fletcher,3430,16
Fatorma Mulbah,Payton Page,3430,43
Fatorma Mulbah,Phidarian Mathis,3430,4
Fatorma Mulbah,Qwan'tez Stiggers,3430,4
Fatorma Mulbah,Tanner McCalister,3430,37
Fatorma Mulbah,Tyler Baron,3430,16
Fatorma Mulbah,Zaire Barnes,3430,23
Federico Maranges,Amari Kight,4600,41
Federico Maranges,Anthony Tyus III,4600,37
Federico Maranges,Brady Russell,4600,30
Federico Maranges,Bryce Cabeldue,4600,75
Federico Maranges,Christian Haynes,4600,24
Federico Maranges,Cody White,4600,38
Federico Maranges,Damien Martinez,4600,19
Federico Maranges,Dareke Young,4600,25
Federico Maranges,Drew Lock,4600,16
Federico Maranges,Elijah Arroyo,4600,17
Federico Maranges,George Holani,4600,1
Federico Maranges,Jacardia Wright,4600,32
Federico Maranges,Jake Bobo,4600,19
Federico Maranges,Jalen Milroe,4600,73
Federico Maranges,John Rhys Plumlee,4600,17
Federico Maranges,Luke Felix-Fualalo,4600,46
Federico Maranges,Marquez Valdes-Scantling,4600,10
Federico Maranges,Marshall Lang,4600,55
Federico Maranges,Mason Richman,4600,62
Federico Maranges,Michael Jerrell,4600,58
Federico Maranges,Nick Kallerup,4600,47
Federico Maranges,Ricky White III,4600,47
Federico Maranges,Sataoa Laumea,4600,50
Federico Maranges,Tory Horton,4600,1
Federico Maranges,Tyrone Broden,4600,50
Feleipe Franks,Brandon Parker,0200,34
Feleipe Franks,Casey Washington,0200,6
Feleipe Franks,Chris Blair,0200,47
Feleipe Franks,David Sills,0200,12
Feleipe Franks,Dylan Drummond,0200,32
Feleipe Franks,Easton Stick,0200,53
Feleipe Franks,Elijah Dotson,0200,17
Feleipe Franks,Elijah Wilkinson,0200,25
Feleipe Franks,Jack Nelson,0200,53
Feleipe Franks,Jashaun Corbin,0200,13
Feleipe Franks,Jesse Matthews,0200,9
Feleipe Franks,Joshua Gray,0200,47
Feleipe Franks,Joshua Simon,0200,1
Feleipe Franks,Jovaughn Gwyn,0200,53
Feleipe Franks,Kyle Hinton,0200,53
Feleipe Franks,Nate Carter,0200,23
Feleipe Franks,Nick Nash,0200,41
Feleipe Franks,Nikola Kalinic,0200,11
Felix Anudike-Uzomah,Ajani Carter,2310,6
Felix Anudike-Uzomah,Ashton Gillotte,2310,33
Felix Anudike-Uzomah,Azizi Hearn,2310,3
Felix Anudike-Uzomah,Brandon George,2310,23
Felix Anudike-Uzomah,Bryan Cook,2310,14
Felix Anudike-Uzomah,Cam Jones,2310,24
Felix Anudike-Uzomah,Charles Omenihu,2310,9
Felix Anudike-Uzomah,Christian Roland-Wallace,2310,33
Felix Anudike-Uzomah,Cole Christiansen,2310,20
Felix Anudike-Uzomah,Cooper McDonald,2310,22
Felix Anudike-Uzomah,Coziah Izzard,2310,14
Felix Anudike-Uzomah,Deon Bush,2310,3
Felix Anudike-Uzomah,Fabien Lovett Sr.,2310,20
Felix Anudike-Uzomah,Glendon Miller,2310,26
Felix Anudike-Uzomah,Jack Cochrane,2310,11
Felix Anudike-Uzomah,Jaden Hicks,2310,29
Felix Anudike-Uzomah,Jeffrey Bassa,2310,52
Felix Anudike-Uzomah,Jerry Tillery,2310,21
Felix Anudike-Uzomah,Joshua Williams,2310,32
Felix Anudike-Uzomah,Kevin Knowles,2310,10
Felix Anudike-Uzomah,Major Williams,2310,15
Felix Anudike-Uzomah,Malik Herring,2310,36
Felix Anudike-Uzomah,Marlon Tuipulotu,2310,37
Felix Anudike-Uzomah,Melvin Smith Jr.,2310,21
Felix Anudike-Uzomah,Mike Edwards,2310,29
Felix Anudike-Uzomah,Nazeeh Johnson,2310,28
Felix Anudike-Uzomah,Nohl Williams,2310,32
Felix Anudike-Uzomah,Omarr Norman-Lott,2310,27
Foley Fatukasi,Arthur Maulet,2120,7
Foley Fatukasi,Casey Toohill,2120,3
Foley Fatukasi,Christian Harris,2120,9
Foley Fatukasi,D'Angelo Ross,2120,9
Foley Fatukasi,Damon Arnette,2120,3
Foley Fatukasi,Darrell Taylor,2120,9
Foley Fatukasi,Derek Barnett,2120,9
Foley Fatukasi,Dylan Horton,2120,3
Foley Fatukasi,E.J. Speed,2120,8
Foley Fatukasi,Jake Hansen,2120,9
Foley Fatukasi,Jalen Mills,2120,3
Foley Fatukasi,Jaylin Smith,2120,9
Foley Fatukasi,M.J. Stewart,2120,12
Foley Fatukasi,Nick Niemann,2120,3
Foley Fatukasi,Russ Yeast,2120,9
Foley Fatukasi,Tim Settle,2120,9
Foley Fatukasi,Tommy Togiai,2120,3
Foley Fatukasi,Tremon Smith,2120,3
Foster Sarell,Ben Sinnott,5110,7
Foster Sarell,Bobby Hart,5110,67
Foster Sarell,Braylon Sanders,5110,19
Foster Sarell,Chris Moore,5110,3
Foster Sarell,Chris Paul,5110,13
Foster Sarell,Chris Rodriguez Jr.,5110,6
Foster Sarell,Cole Turner,5110,36
Foster Sarell,Colson Yankoff,5110,25
Foster Sarell,Demetric Felton,5110,33
Foster Sarell,George Fant,5110,18
Foster Sarell,Ja'Corey Brooks,5110,61
Foster Sarell,Jacoby Jones,5110,35
Foster Sarell,Jacory Croskey-Merritt,5110,15
Foster Sarell,Jaylin Lane,5110,9
Foster Sarell,Jeremy McNichols,5110,17
Foster Sarell,Josh Johnson,5110,57
Foster Sarell,Julian Good-Jones,5110,35
Foster Sarell,K.J. Osborn,5110,22
Foster Sarell,Kazmeir Allen,5110,17
Foster Sarell,Lawrence Cager,5110,37
Foster Sarell,Lucas Niang,5110,5
Foster Sarell,Luke McCaffrey,5110,20
Foster Sarell,Michael Deiter,5110,70
Foster Sarell,Michael Gallup,5110,37
Foster Sarell,Mike Strachan,5110,8
Foster Sarell,Nick Harris,5110,18
Foster Sarell,Noah Brown,5110,2
Foster Sarell,River Cracraft,5110,8
Foster Sarell,Sam Hartman,5110,31
Foster Sarell,Tay Martin,5110,23
Foster Sarell,Timothy McKay,5110,40
Foster Sarell,Trent Scott,5110,28
Foster Sarell,Tyre Phillips,5110,58
Foye Oluokun,Andrew Wingard,2250,14
Foye Oluokun,Austin Johnson,2250,2
Foye Oluokun,Christian Braswell,2250,5
Foye Oluokun,DaVon Hamilton,2250,14
Foye Oluokun,Darnell Savage,2250,4
Foye Oluokun,Dawuane Smoot,2250,4
Foye Oluokun,Devin Lloyd,2250,12
Foye Oluokun,Emmanuel Ogbah,2250,2
Foye Oluokun,Eric Murray,2250,16
Foye Oluokun,Jarrian Jones,2250,13
Foye Oluokun,Josh Hines-Allen,2250,15
Foye Oluokun,Jourdan Lewis,2250,16
Foye Oluokun,Travon Walker,2250,14
Foye Oluokun,Tyler Lacy,2250,12
Foye Oluokun,Tyson Campbell,2250,9
Foye Oluokun,Ventrell Miller,2250,2
Foye Oluokun,Yasir Abdullah,2250,5
Francisco Mauigoa,Braiden McGregor,3430,21
Francisco Mauigoa,Dean Clark,3430,35
Francisco Mauigoa,Derrick Nnadi,3430,27
Francisco Mauigoa,Eric Watts,3430,30
Francisco Mauigoa,Fatorma Mulbah,3430,10
Francisco Mauigoa,Isaiah Oliver,3430,28
Francisco Mauigoa,Jackson Sirmon,3430,3
Francisco Mauigoa,Jamin Davis,3430,18
Francisco Mauigoa,Jarius Monroe,3430,26
Francisco Mauigoa,Jarrick Bernard-Converse,3430,29
Francisco Mauigoa,Jay Tufele,3430,7
Francisco Mauigoa,Jordan Clark,3430,21
Francisco Mauigoa,Kingsley Jonathan,3430,10
Francisco Mauigoa,Leonard Taylor III,3430,25
Francisco Mauigoa,Malachi Moore,3430,46
Francisco Mauigoa,Marcelino McCrary-Ball,3430,14
Francisco Mauigoa,Mario Goodrich,3430,6
Francisco Mauigoa,Michael Carter II,3430,2
Francisco Mauigoa,Michael Fletcher,3430,9
Francisco Mauigoa,Payton Page,3430,20
Francisco Mauigoa,Phidarian Mathis,3430,16
Francisco Mauigoa,Qwan'tez Stiggers,3430,27
Francisco Mauigoa,Rashad Weaver,3430,17
Francisco Mauigoa,Ryan Cooper Jr.,3430,20
Francisco Mauigoa,Tanner McCalister,3430,6
Francisco Mauigoa,Tony Adams,3430,3
Francisco Mauigoa,Tyler Baron,3430,24
Francisco Mauigoa,Zaire Barnes,3430,40
Frank Crum,A.T. Perry,1400,3
Frank Crum,Adam Prentice,1400,7
Frank Crum,Alex Forsyth,1400,52
Frank Crum,Alex Palczewski,1400,40
Frank Crum,Audric EstimÃ©,1400,19
Frank Crum,Blake Watson,1400,43
Frank Crum,Caden Prieskorn,1400,17
Frank Crum,Caleb Lohner,1400,28
Frank Crum,Calvin Throckmorton,1400,38
Frank Crum,Clay Webb,1400,13
Frank Crum,Courtney Jackson,1400,11
Frank Crum,Evan Engram,1400,1
Frank Crum,Jarrett Stidham,1400,22
Frank Crum,Jerjuan Newton,1400,52
Frank Crum,Joaquin Davis,1400,23
Frank Crum,Joseph Michalski,1400,26
Frank Crum,Kyrese Rowan,1400,9
Frank Crum,Lucas Krull,1400,46
Frank Crum,Marques Cox,1400,26
Frank Crum,Marvin Mims Jr.,1400,1
Frank Crum,Matt Peart,1400,52
Frank Crum,Michael Bandy,1400,35
Frank Crum,Nick Gargiulo,1400,25
Frank Crum,Pat Bryant,1400,48
Frank Crum,Sam Ehlinger,1400,56
Frank Crum,Trent Sherfield,1400,19
Frank Crum,Troy Franklin,1400,12
Frank Crum,Tyler Badie,1400,16
Frank Crum,Will Sherman,1400,37
Frank Crum,Xavier Truss,1400,3
Frank Gore Jr.,Chase Lundt,0610,77
Frank Gore Jr.,Dan Feeney,0610,36
Frank Gore Jr.,Deon Cain,0610,28
Frank Gore Jr.,Elijah Moore,0610,15
Frank Gore Jr.,Jackson Hawes,0610,20
Frank Gore Jr.,Jacob Bayer,0610,44
Frank Gore Jr.,Jalen Virgil,0610,16
Frank Gore Jr.,KJ Hamler,0610,43
Frank Gore Jr.,Kaden Prather,0610,10
Frank Gore Jr.,Keleki Latu,0610,32
Frank Gore Jr.,Kendrick Green,0610,33
Frank Gore Jr.,Kristian Wilkerson,0610,34
Frank Gore Jr.,Laviska Shenault Jr.,0610,18
Frank Gore Jr.,Matt Sokol,0610,16
Frank Gore Jr.,Mike Edwards,0610,55
Frank Gore Jr.,Mike White,0610,15
Frank Gore Jr.,Mitchell Trubisky,0610,18
Frank Gore Jr.,Richard Gouraige,0610,77
Frank Gore Jr.,Rush Reimer,0610,10
Frank Gore Jr.,Ryan Van Demark,0610,37
Frank Gore Jr.,Shane Buechele,0610,44
Frank Gore Jr.,Stephen Gosnell,0610,22
Frank Gore Jr.,Travis Clayton,0610,16
Frank Gore Jr.,Tyrell Shavers,0610,28
Frank Gore Jr.,Zach Davidson,0610,26
Frankie Luvu,Daron Payne,5110,9
Frankie Luvu,Deatrich Wise,5110,8
Frankie Luvu,Dorance Armstrong,5110,5
Frankie Luvu,Eddie Goldman,5110,1
Frankie Luvu,Jacob Martin,5110,2
Frankie Luvu,Jalyn Holmes,5110,3
Frankie Luvu,Javon Kinlaw,5110,8
Frankie Luvu,Jeremy Reaves,5110,1
Frankie Luvu,Kain Medrano,5110,9
Frankie Luvu,Marshon Lattimore,5110,9
Frankie Luvu,Mike Sainristil,5110,9
Frankie Luvu,Noah Igbinoghene,5110,5
Frankie Luvu,Quan Martin,5110,9
Frankie Luvu,Tyler Owens,5110,3
Frankie Luvu,Will Harris,5110,9
Fred Johnson,Austin Trammell,2250,41
Fred Johnson,Bhayshul Tuten,2250,25
Fred Johnson,Brenton Strange,2250,14
Fred Johnson,Brian Thomas Jr.,2250,16
Fred Johnson,Cam Camper,2250,3
Fred Johnson,Dorian Singer,2250,2
Fred Johnson,Ezra Cleveland,2250,17
Fred Johnson,Hunter Long,2250,42
Fred Johnson,John Wolford,2250,3
Fred Johnson,Johnny Mundt,2250,16
Fred Johnson,Jonah Monheim,2250,58
Fred Johnson,Joshua Cephus,2250,50
Fred Johnson,LeQuint Allen Jr.,2250,18
Fred Johnson,Luke Fortner,2250,48
Fred Johnson,Nick Mullens,2250,55
Fred Johnson,Parker Washington,2250,39
Fred Johnson,Patrick Herbert,2250,9
Fred Johnson,Patrick Mekari,2250,29
Fred Johnson,Ricky Lee,2250,18
Fred Johnson,Robert Hainsey,2250,17
Fred Johnson,Sal Wormley,2250,53
Fred Johnson,Shawn Bowman,2250,15
Fred Johnson,Tank Bigsby,2250,24
Fred Johnson,Travis Etienne,2250,8
Fred Johnson,Tremayne Anchrum,2250,10
Fred Johnson,Trenton Irwin,2250,53
Fred Johnson,Trevor Lawrence,2250,17
Fred Johnson,Walker Little,2250,17
Fred Johnson,Wyatt Milum,2250,33
Gabe Hall,A.J. Woods,3700,1
Gabe Hall,Adoree' Jackson,3700,28
Gabe Hall,Andre' Sam,3700,57
Gabe Hall,Andrew Mukuba,3700,12
Gabe Hall,Antwaun Powell-Ryland,3700,14
Gabe Hall,Azeez Ojulari,3700,34
Gabe Hall,Brandon Johnson,3700,32
Gabe Hall,Byron Young,3700,28
Gabe Hall,Dallas Gant,3700,23
Gabe Hall,Eli Ricks,3700,27
Gabe Hall,Jacob Sykes,3700,12
Gabe Hall,Jakorian Bennett,3700,36
Gabe Hall,Jeremiah Trotter Jr.,3700,52
Gabe Hall,Jihaad Campbell,3700,26
Gabe Hall,Joe Evans,3700,7
Gabe Hall,Joshua Uche,3700,23
Gabe Hall,Kelee Ringo,3700,25
Gabe Hall,Lance Dixon,3700,24
Gabe Hall,Lewis Cine,3700,10
Gabe Hall,Mac McWilliams,3700,57
Gabe Hall,Maxen Hook,3700,9
Gabe Hall,Ochaun Mathis,3700,35
Gabe Hall,Ogbo Okoronkwo,3700,38
Gabe Hall,Parry Nickerson,3700,32
Gabe Hall,Patrick Johnson,3700,40
Gabe Hall,Smael Mondon Jr.,3700,59
Gabe Hall,Sydney Brown,3700,32
Gabe Hall,Tariq Castro-Fields,3700,17
Gabe Hall,Tristin McCollum,3700,64
Gabe Hall,Ty Robinson,3700,66
Gabe Jeudy-Lally,Ali Gaye,2100,61
Gabe Jeudy-Lally,Amani Oruwariye,2100,61
Gabe Jeudy-Lally,Amari Burney,2100,23
Gabe Jeudy-Lally,Blake Lynch,2100,18
Gabe Jeudy-Lally,Brian Asamoah II,2100,13
Gabe Jeudy-Lally,Cam Horsley,2100,30
Gabe Jeudy-Lally,Carlos Watkins,2100,45
Gabe Jeudy-Lally,Cedric Gray,2100,65
Gabe Jeudy-Lally,Curtis Jacobs,2100,12
Gabe Jeudy-Lally,Desmond Evans,2100,12
Gabe Jeudy-Lally,Isaiah Raikes,2100,19
Gabe Jeudy-Lally,Jalen Kimber,2100,30
Gabe Jeudy-Lally,James Lynch,2100,62
Gabe Jeudy-Lally,James Williams,2100,81
Gabe Jeudy-Lally,Jaylen Harrell,2100,37
Gabe Jeudy-Lally,Jihad Ward,2100,64
Gabe Jeudy-Lally,Joe Gaziano,2100,11
Gabe Jeudy-Lally,Joshuah Bledsoe,2100,10
Gabe Jeudy-Lally,Josiah Bronson,2100,3
Gabe Jeudy-Lally,Julius Wood,2100,16
Gabe Jeudy-Lally,Kendell Brooks,2100,77
Gabe Jeudy-Lally,Marcus Harris,2100,106
Gabe Jeudy-Lally,Mike Brown,2100,97
Gabe Jeudy-Lally,Oluwafemi Oladejo,2100,38
Gabe Jeudy-Lally,Philip Blidi,2100,2
Gabe Jeudy-Lally,Quandre Diggs,2100,6
Gabe Jeudy-Lally,Timmy Horne,2100,55
Gabe Jeudy-Lally,Xavier Woods,2100,6
Gabriel Murphy,Austin Keys,3000,21
Gabriel Murphy,Bo Richter,3000,57
Gabriel Murphy,Brian Asamoah,3000,18
Gabriel Murphy,Chaz Chambliss,3000,10
Gabriel Murphy,Dallas Turner,3000,8
Gabriel Murphy,Dorian Mausi,3000,6
Gabriel Murphy,Dwight McGlothern,3000,43
Gabriel Murphy,Elijah Williams,3000,19
Gabriel Murphy,Eric Wilson,3000,9
Gabriel Murphy,Isaiah Rodgers,3000,9
Gabriel Murphy,Ivan Pace Jr.,3000,9
Gabriel Murphy,Jalen Redmond,3000,21
Gabriel Murphy,Jay Ward,3000,66
Gabriel Murphy,Jeff Okudah,3000,11
Gabriel Murphy,Jonathan Harris,3000,25
Gabriel Murphy,Kahlef Hailassie,3000,14
Gabriel Murphy,Kobe King,3000,47
Gabriel Murphy,Levi Drake Rodriguez,3000,20
Gabriel Murphy,Mekhi Blackmon,3000,62
Gabriel Murphy,Taki Taimani,3000,25
Gabriel Murphy,Tavierre Thomas,3000,57
Gabriel Murphy,Theo Jackson,3000,11
Gabriel Murphy,Travis Bell,3000,13
Gabriel Murphy,Tyler Batty,3000,22
Gabriel Murphy,Tyrion Ingram-Dawkins,3000,33
Gabriel Murphy,Zemaiah Vaughn,3000,44
Gage Larvadain,Ahmani Marshall,1050,29
Gage Larvadain,Blake Whiteheart,1050,12
Gage Larvadain,Brenden Bates,1050,35
Gage Larvadain,Bucky Williams,1050,49
Gage Larvadain,Cade McDonald,1050,42
Gage Larvadain,Chase Cota,1050,7
Gage Larvadain,Cornelius Lucas,1050,9
Gage Larvadain,Dartanyan Tinsley,1050,19
Gage Larvadain,David Njoku,1050,2
Gage Larvadain,Dawand Jones,1050,9
Gage Larvadain,Dillon Gabriel,1050,29
Gage Larvadain,Diontae Johnson,1050,17
Gage Larvadain,Dylan Sampson,1050,3
Gage Larvadain,Ethan Pocic,1050,3
Gage Larvadain,Harold Fannin Jr.,1050,6
Gage Larvadain,Isaiah Bond,1050,1
Gage Larvadain,Jack Conklin,1050,3
Gage Larvadain,Jackson Barton,1050,46
Gage Larvadain,Jamari Thrash,1050,27
Gage Larvadain,Jason Ivey,1050,63
Gage Larvadain,Javion Cohen,1050,39
Gage Larvadain,Jerome Ford,1050,2
Gage Larvadain,Jerry Jeudy,1050,1
Gage Larvadain,Joe Flacco,1050,4
Gage Larvadain,Kaden Davis,1050,35
Gage Larvadain,Kilian Zierer,1050,24
Gage Larvadain,Kisean Johnson,1050,26
Gage Larvadain,Lorenzo Thompson,1050,49
Gage Larvadain,Luke Floriea,1050,9
Gage Larvadain,Luke Wypler,1050,36
Gage Larvadain,Mitch Van Vooren,1050,2
Gage Larvadain,Pierre Strong,1050,22
Gage Larvadain,Sal Cannella,1050,44
Gage Larvadain,Sebastian Gutierrez,1050,22
Gage Larvadain,Shedeur Sanders,1050,27
Gage Larvadain,Teven Jenkins,1050,32
Gage Larvadain,Toa Taua,1050,6
Gage Larvadain,Trayveon Williams,1050,24
Gage Larvadain,Tyler Huntley,1050,28
Gage Larvadain,Wyatt Teller,1050,4
Gage Larvadain,Zak Zinter,1050,33
Gardner Minshew,Brashard Smith,2310,14
Gardner Minshew,C.J. Hanson,2310,30
Gardner Minshew,Carson Steele,2310,21
Gardner Minshew,Chukwuebuka Godrick,2310,8
Gardner Minshew,Creed Humphrey,2310,18
Gardner Minshew,Elijah Mitchell,2310,7
Gardner Minshew,Geor'Quarius Spivey,2310,4
Gardner Minshew,Hunter Nourzad,2310,30
Gardner Minshew,Isiah Pacheco,2310,3
Gardner Minshew,Jalen Royals,2310,22
Gardner Minshew,Jared Wiley,2310,25
Gardner Minshew,Jason Brownlee,2310,22
Gardner Minshew,Jaylon Moore,2310,40
Gardner Minshew,Josh Simmons,2310,18
Gardner Minshew,JuJu Smith-Schuster,2310,7
Gardner Minshew,Kareem Hunt,2310,6
Gardner Minshew,Kingsley Suamataia,2310,18
Gardner Minshew,Mike Caliendo,2310,30
Gardner Minshew,Nikko Remigio,2310,18
Gardner Minshew,Noah Gray,2310,16
Gardner Minshew,Rashee Rice,2310,2
Gardner Minshew,Robert Tonyan,2310,22
Gardner Minshew,Skyy Moore,2310,18
Gardner Minshew,Tre Watson,2310,4
Gardner Minshew,Trey Smith,2310,18
Gardner Minshew,Tyquan Thornton,2310,23
Gardner Minshew,Wanya Morris,2310,30
Gardner Minshew,Xavier Worthy,2310,6
Gareth Warren,Aiden Williams,3900,23
Gareth Warren,Andrus Peat,3900,22
Gareth Warren,Brandon Johnson,3900,5
Gareth Warren,Connor Heyward,3900,10
Gareth Warren,Doug Nester,3900,41
Gareth Warren,Dylan Cook,3900,19
Gareth Warren,Evan Hull,3900,18
Gareth Warren,JJ Galbreath,3900,37
Gareth Warren,Kaleb Johnson,3900,1
Gareth Warren,Ke'Shawn Williams,3900,30
Gareth Warren,Kevin Foelsch,3900,8
Gareth Warren,Lance McCutcheon,3900,9
Gareth Warren,Lew Nichols III,3900,9
Gareth Warren,Logan Woodside,3900,18
Gareth Warren,Max Hurleman,3900,22
Gareth Warren,Max Scharping,3900,41
Gareth Warren,Robert Woods,3900,5
Gareth Warren,Roc Taylor,3900,29
Gareth Warren,Roman Wilson,3900,2
Gareth Warren,Scott Miller,3900,3
Gareth Warren,Skylar Thompson,3900,23
Gareth Warren,Steven Jones,3900,22
Gareth Warren,Trey Sermon,3900,13
Garett Bolles,Adam Prentice,1400,2
Garett Bolles,Adam Trautman,1400,19
Garett Bolles,Alex Palczewski,1400,1
Garett Bolles,Ben Powers,1400,37
Garett Bolles,Bo Nix,1400,37
Garett Bolles,Courtland Sutton,1400,35
Garett Bolles,Devaughn Vele,1400,8
Garett Bolles,Evan Engram,1400,23
Garett Bolles,J.K. Dobbins,1400,6
Garett Bolles,Lucas Krull,1400,1
Garett Bolles,Luke Wattenberg,1400,37
Garett Bolles,Marvin Mims Jr.,1400,34
Garett Bolles,Mike McGlinchey,1400,37
Garett Bolles,Pat Bryant,1400,2
Garett Bolles,Quinn Meinerz,1400,37
Garett Bolles,RJ Harvey,1400,22
Garett Bolles,Trent Sherfield,1400,3
Garett Bolles,Troy Franklin,1400,20
Garett Bolles,Tyler Badie,1400,9
Garmon Randolph,Benjamin St-Juste,4400,3
Garmon Randolph,Christopher Hinton,4400,43
Garmon Randolph,Da'Shawn Hand,4400,4
Garmon Randolph,Deane Leonard,4400,10
Garmon Randolph,Del'Shawn Phillips,4400,6
Garmon Randolph,Emany Johnson,4400,59
Garmon Randolph,Eric Rogers,4400,18
Garmon Randolph,Harrison Hand,4400,12
Garmon Randolph,Ja'Sir Taylor,4400,54
Garmon Randolph,Jamaree Caldwell,4400,17
Garmon Randolph,Jaylen Jones,4400,18
Garmon Randolph,Jordan Oladokun,4400,6
Garmon Randolph,Junior Colson,4400,11
Garmon Randolph,Justin Eboigbe,4400,25
Garmon Randolph,Kana'i Mauga,4400,27
Garmon Randolph,Kendall Williamson,4400,70
Garmon Randolph,Kylan Guidry,4400,69
Garmon Randolph,Marlowe Wax,4400,62
Garmon Randolph,Myles Purchase,4400,51
Garmon Randolph,Naquan Jones,4400,31
Garmon Randolph,Nehemiah Shelton,4400,2
Garmon Randolph,Nesta Jade Silvera,4400,42
Garmon Randolph,Nikko Reed,4400,25
Garmon Randolph,Otito Ogbonnia,4400,1
Garmon Randolph,R.J. Mickens,4400,59
Garmon Randolph,Scott Matlock,4400,3
Garmon Randolph,Tarheeb Still,4400,3
Garmon Randolph,TeRah Edwards,4400,35
Garmon Randolph,Tony Jefferson,4400,11
Garmon Randolph,Tre'Mon Morris-Brash,4400,19
Garmon Randolph,Trikweze Bridges,4400,73
Garmon Randolph,Troy Dye,4400,11
Garnett Hollis Jr.,Arron Mosby,1800,29
Garnett Hollis Jr.,Barryn Sorrell,1800,3
Garnett Hollis Jr.,Casey Rogers,0610,9
Garnett Hollis Jr.,Corey Ballentine,1800,16
Garnett Hollis Jr.,Daequan Hardy,0610,18
Garnett Hollis Jr.,Darrick Forrest,0610,18
Garnett Hollis Jr.,DeWayne Carter,0610,9
Garnett Hollis Jr.,Deslin Alexandre,1800,25
Garnett Hollis Jr.,Edefuan Ulofoshio,0610,18
Garnett Hollis Jr.,Isaiah Dunn,1800,5
Garnett Hollis Jr.,Isaiah Simmons,1800,5
Garnett Hollis Jr.,James Ester,1800,13
Garnett Hollis Jr.,Jamon Johnson,1800,27
Garnett Hollis Jr.,Jared Bartlett,1800,9
Garnett Hollis Jr.,Jimmy Ciarlo,0610,18
Garnett Hollis Jr.,Johnathan Baldwin,1800,30
Garnett Hollis Jr.,Kalen King,1800,6
Garnett Hollis Jr.,Keith Randolph Jr.,1800,19
Garnett Hollis Jr.,Kristian Welch,1800,29
Garnett Hollis Jr.,Landon Jackson,0610,2
Garnett Hollis Jr.,Larry Ogunjobi,0610,2
Garnett Hollis Jr.,Marcus Harris,0610,7
Garnett Hollis Jr.,Micah Robinson,1800,30
Garnett Hollis Jr.,Michael Hoecht,0610,11
Garnett Hollis Jr.,Nazir Stackhouse,1800,14
Garnett Hollis Jr.,Nelson Ceaser,0610,11
Garnett Hollis Jr.,Paris Shand,0610,12
Garnett Hollis Jr.,Tre Herndon,0610,18
Garnett Hollis Jr.,Tyron Herring,1800,23
Garnett Hollis Jr.,Warren Brinson,1800,17
Garnett Hollis Jr.,Zion Logue,0610,9
Garnett Hollis Jr.,Zy Alexander,0610,18
Garret Wallow,Andrew Farmer,1400,16
Garret Wallow,Delarrin Turner-Yell,1400,18
Garret Wallow,Eyioma Uwazurike,1400,2
Garret Wallow,Garrett Nelson,1400,16
Garret Wallow,Jaden Robinson,1400,18
Garret Wallow,Jordan Jackson,1400,2
Garret Wallow,Jordan Miller,1400,8
Garret Wallow,Jordan Turner,1400,13
Garret Wallow,Joshua Pickett,1400,11
Garret Wallow,Karene Reid,1400,5
Garret Wallow,Kris Abrams-Draine,1400,4
Garret Wallow,Kristian Williams,1400,9
Garret Wallow,Micah Abraham,1400,8
Garret Wallow,Michael Dwumfour,1400,5
Garret Wallow,Que Robinson,1400,4
Garret Wallow,Quinton Newsome,1400,12
Garret Wallow,Sai'vion Jones,1400,11
Garret Wallow,Sam Franklin Jr.,1400,18
Garrett Bradbury,Antonio Gibson,3200,10
Garrett Bradbury,Austin Hooper,3200,16
Garrett Bradbury,Ben Brown,3200,22
Garrett Bradbury,Cole Strange,3200,7
Garrett Bradbury,DeMario Douglas,3200,9
Garrett Bradbury,Demontrey Jacobs,3200,7
Garrett Bradbury,Drake Maye,3200,20
Garrett Bradbury,Efton Chism III,3200,3
Garrett Bradbury,Gee Scott Jr.,3200,3
Garrett Bradbury,Hunter Henry,3200,5
Garrett Bradbury,Ja'Lynn Polk,3200,7
Garrett Bradbury,Jack Westover,3200,19
Garrett Bradbury,Jared Wilson,3200,5
Garrett Bradbury,Javon Baker,3200,1
Garrett Bradbury,Joshua Dobbs,3200,7
Garrett Bradbury,Kayshon Boutte,3200,16
Garrett Bradbury,Kyle Williams,3200,15
Garrett Bradbury,Lan Larison,3200,1
Garrett Bradbury,Mack Hollins,3200,14
Garrett Bradbury,Marcus Bryant,3200,27
Garrett Bradbury,Mike Onwenu,3200,20
Garrett Bradbury,Rhamondre Stevenson,3200,5
Garrett Bradbury,TreVeyon Henderson,3200,11
Garrett Bradbury,Will Campbell,3200,20
Garrett Dellinger,Anthony Miller,0325,44
Garrett Dellinger,Baylor Cupp,0325,19
Garrett Dellinger,Ben Cleveland,0325,30
Garrett Dellinger,Carson Vinson,0325,128
Garrett Dellinger,Charlie Kolar,0325,25
Garrett Dellinger,Cooper Rush,0325,30
Garrett Dellinger,Corey Bullock,0325,15
Garrett Dellinger,D'Ernest Johnson,0325,63
Garrett Dellinger,Darrian Dalcourt,0325,18
Garrett Dellinger,Dayton Wade,0325,31
Garrett Dellinger,Devin Leary,0325,98
Garrett Dellinger,Devontez Walker,0325,39
Garrett Dellinger,Gerad Lichtenhan,0325,114
Garrett Dellinger,Jahmal Banks,0325,55
Garrett Dellinger,Jared Penning,0325,80
Garrett Dellinger,Joe Noteboom,0325,15
Garrett Dellinger,Keith Kirkwood,0325,30
Garrett Dellinger,LaJohntay Wester,0325,38
Garrett Dellinger,Lucas Scott,0325,39
Garrett Dellinger,Malik Cunningham,0325,32
Garrett Dellinger,Myles Gaskin,0325,21
Garrett Dellinger,Nick Samac,0325,74
Garrett Dellinger,Rasheen Ali,0325,44
Garrett Dellinger,Reid Holskey,0325,39
Garrett Dellinger,Scotty Washington,0325,48
Garrett Dellinger,Xavier Guillory,0325,46
Garrett Dellinger,Zaire Mitchell-Paden,0325,65
Garrett Greene,Ben Scott,4900,48
Garrett Greene,Benjamin Chukwuma,4900,42
Garrett Greene,Connor Bazelak,4900,45
Garrett Greene,Devin Culp,4900,14
Garrett Greene,Elijah Klein,4900,54
Garrett Greene,Jacob Harris,4900,34
Garrett Greene,Jaden Smith,4900,17
Garrett Greene,Jake Majors,4900,29
Garrett Greene,Jase McClellan,4900,9
Garrett Greene,Josh Williams,4900,7
Garrett Greene,Kameron Johnson,4900,14
Garrett Greene,Ko Kieft,4900,13
Garrett Greene,Kyle Trask,4900,15
Garrett Greene,Lorenz Metz,4900,16
Garrett Greene,Luke Haggard,4900,20
Garrett Greene,Mike Jordan,4900,18
Garrett Greene,Owen Wright,4900,29
Garrett Greene,Payne Durham,4900,6
Garrett Greene,Raiqwon O'Neal,4900,8
Garrett Greene,Rakim Jarrett,4900,37
Garrett Greene,Ryan Miller,4900,10
Garrett Greene,Sean Tucker,4900,15
Garrett Greene,Sua Opeta,4900,16
Garrett Greene,Tanner Taula,4900,31
Garrett Greene,Tez Johnson,4900,1
Garrett Greene,Trey Palmer,4900,3
Garrett Greene,Tyler McLellan,4900,49
Garrett Nelson,Andrew Farmer,1400,31
Garrett Nelson,Damarri Mathis,1400,3
Garrett Nelson,Delarrin Turner-Yell,1400,36
Garrett Nelson,Eyioma Uwazurike,1400,4
Garrett Nelson,Garret Wallow,1400,16
Garrett Nelson,J.B. Brown,1400,10
Garrett Nelson,JL Skinner,1400,3
Garrett Nelson,Jaden Robinson,1400,38
Garrett Nelson,Jordan Jackson,1400,4
Garrett Nelson,Jordan Miller,1400,13
Garrett Nelson,Jordan Turner,1400,31
Garrett Nelson,Joshua Pickett,1400,27
Garrett Nelson,Karene Reid,1400,20
Garrett Nelson,Keidron Smith,1400,3
Garrett Nelson,Kris Abrams-Draine,1400,3
Garrett Nelson,Kristian Williams,1400,17
Garrett Nelson,Micah Abraham,1400,22
Garrett Nelson,Michael Dwumfour,1400,14
Garrett Nelson,Que Robinson,1400,8
Garrett Nelson,Quinton Newsome,1400,20
Garrett Nelson,Sai'vion Jones,1400,31
Garrett Nelson,Sam Franklin Jr.,1400,36
Garrett Williams,Akeem Davis-Gaither,3800,8
Garrett Williams,Baron Browning,3800,10
Garrett Williams,Budda Baker,3800,10
Garrett Williams,Dalvin Tomlinson,3800,5
Garrett Williams,Dante Stills,3800,6
Garrett Williams,Darius Robinson,3800,8
Garrett Williams,Jalen Thompson,3800,10
Garrett Williams,L.J. Collier,3800,2
Garrett Williams,Mack Wilson,3800,10
Garrett Williams,Max Melton,3800,10
Garrett Williams,PJ Mustipher,3800,1
Garrett Williams,Will Johnson,3800,10
Garrett Williams,Zaven Collins,3800,10
Garrett Wilson,Alijah Vera-Tucker,3430,28
Garrett Wilson,Allen Lazard,3430,2
Garrett Wilson,Andrew Beck,3430,5
Garrett Wilson,Arian Smith,3430,2
Garrett Wilson,Armand Membou,3430,28
Garrett Wilson,Braelon Allen,3430,10
Garrett Wilson,Breece Hall,3430,16
Garrett Wilson,Isaiah Davis,3430,3
Garrett Wilson,Jeremy Ruckert,3430,20
Garrett Wilson,Joe Tippmann,3430,28
Garrett Wilson,John Simpson,3430,18
Garrett Wilson,Josh Myers,3430,10
Garrett Wilson,Josh Reynolds,3430,26
Garrett Wilson,Justin Fields,3430,28
Garrett Wilson,Mason Taylor,3430,13
Garrett Wilson,Olumuyiwa Fashanu,3430,28
Garrett Wilson,Tyler Johnson,3430,13
Garrett Wilson,Zack Kuntz,3430,2
Gary Brightwell,Andrew Coker,0920,35
Gary Brightwell,Andrew Raym,0920,23
Gary Brightwell,Andrew Stueber,0920,29
Gary Brightwell,Caleb Etienne,0920,28
Gary Brightwell,Cam Grandy,0920,9
Gary Brightwell,Charlie Jones,0920,2
Gary Brightwell,Cody Ford,0920,1
Gary Brightwell,Cole Burgess,0920,14
Gary Brightwell,Cordell Volson,0920,1
Gary Brightwell,Desmond Ridder,0920,26
Gary Brightwell,Devin Cochran,0920,1
Gary Brightwell,Isaiah Williams,0920,10
Gary Brightwell,Jake Browning,0920,8
Gary Brightwell,Jalen Rivers,0920,14
Gary Brightwell,Jamoi Mayes,0920,18
Gary Brightwell,Jaxson Kirkland,0920,35
Gary Brightwell,Jermaine Burton,0920,6
Gary Brightwell,Jordan Moore,0920,15
Gary Brightwell,Kendric Pryor,0920,16
Gary Brightwell,Matt Lee,0920,9
Gary Brightwell,Mitchell Tinsley,0920,1
Gary Brightwell,Payton Thorne,0920,2
Gary Brightwell,Rashod Owens,0920,19
Gary Brightwell,Seth McLaughlin,0920,4
Gary Brightwell,Tahj Brooks,0920,1
Gary Brightwell,Tanner Hudson,0920,10
Gary Brightwell,Tanner McLachlan,0920,23
Gee Scott Jr.,Alec Lindstrom,3200,19
Gee Scott Jr.,Antonio Gibson,3200,5
Gee Scott Jr.,Ben Brown,3200,14
Gee Scott Jr.,Ben Wooldridge,3200,28
Gee Scott Jr.,CJ Dippre,3200,6
Gee Scott Jr.,Caedan Wallace,3200,15
Gee Scott Jr.,Cole Fotheringham,3200,14
Gee Scott Jr.,Cole Strange,3200,25
Gee Scott Jr.,Demontrey Jacobs,3200,44
Gee Scott Jr.,Efton Chism III,3200,15
Gee Scott Jr.,Garrett Bradbury,3200,3
Gee Scott Jr.,Ja'Lynn Polk,3200,6
Gee Scott Jr.,JaMycal Hasty,3200,10
Gee Scott Jr.,Jack Conley,3200,23
Gee Scott Jr.,Jack Westover,3200,5
Gee Scott Jr.,Jaheim Bell,3200,1
Gee Scott Jr.,Jared Wilson,3200,7
Gee Scott Jr.,Javon Baker,3200,26
Gee Scott Jr.,Jeremiah Webb,3200,22
Gee Scott Jr.,John Jiles,3200,22
Gee Scott Jr.,Joshua Dobbs,3200,18
Gee Scott Jr.,Kyle Williams,3200,9
Gee Scott Jr.,Lan Larison,3200,7
Gee Scott Jr.,Layden Robinson,3200,5
Gee Scott Jr.,Marcus Bryant,3200,14
Gee Scott Jr.,Mehki Butler,3200,18
Gee Scott Jr.,Micah Bernard,3200,3
Gee Scott Jr.,Phil Lutz,3200,12
Gee Scott Jr.,Shane Watts,3200,16
Gee Scott Jr.,Sidy Sow,3200,11
Gee Scott Jr.,Terrell Jennings,3200,5
Gee Scott Jr.,Tyrese Robinson,3200,21
Gee Scott Jr.,Vederian Lowe,3200,11
Geno Smith,Ashton Jeanty,2520,21
Geno Smith,Brock Bowers,2520,11
Geno Smith,DJ Glaze,2520,28
Geno Smith,Dont'e Thornton Jr.,2520,26
Geno Smith,Dylan Parham,2520,28
Geno Smith,Ian Thomas,2520,2
Geno Smith,Jackson Powers-Johnson,2520,28
Geno Smith,Jakobi Meyers,2520,26
Geno Smith,Jordan Meredith,2520,28
Geno Smith,Kolton Miller,2520,28
Geno Smith,Michael Mayer,2520,19
Geno Smith,Raheem Mostert,2520,1
Geno Smith,Thayer Munford Jr.,2520,2
Geno Smith,Tre Tucker,2520,26
Geno Smith,Zamir White,2520,6
Geno Stone,DJ Turner II,0920,4
Geno Stone,Demetrius Knight Jr.,0920,4
Geno Stone,Jalen Davis,0920,3
Geno Stone,Jordan Battle,0920,4
Geno Stone,Joseph Ossai,0920,4
Geno Stone,Josh Newton,0920,4
Geno Stone,Kris Jenkins,0920,4
Geno Stone,Logan Wilson,0920,4
Geno Stone,Myles Murphy,0920,4
Geno Stone,Oren Burks,0920,1
Geno Stone,Tedarrell Slaton,0920,4
Geor'Quarius Spivey,Bailey Zappe,2310,10
Geor'Quarius Spivey,Brashard Smith,2310,2
Geor'Quarius Spivey,C.J. Hanson,2310,25
Geor'Quarius Spivey,Carson Steele,2310,11
Geor'Quarius Spivey,Chris Oladokun,2310,11
Geor'Quarius Spivey,Chukwuebuka Godrick,2310,23
Geor'Quarius Spivey,Dalton Cooper,2310,20
Geor'Quarius Spivey,Elijah Young,2310,12
Geor'Quarius Spivey,Elijhah Badger,2310,10
Geor'Quarius Spivey,Esa Pole,2310,21
Geor'Quarius Spivey,Gardner Minshew,2310,4
Geor'Quarius Spivey,Hal Presley,2310,16
Geor'Quarius Spivey,Hunter Nourzad,2310,5
Geor'Quarius Spivey,Jalen Royals,2310,2
Geor'Quarius Spivey,Jared Wiley,2310,7
Geor'Quarius Spivey,Jason Brownlee,2310,3
Geor'Quarius Spivey,Jaylon Moore,2310,2
Geor'Quarius Spivey,Jimmy Holiday,2310,5
Geor'Quarius Spivey,Joey Lombard,2310,20
Geor'Quarius Spivey,Key'Shawn Smith,2310,11
Geor'Quarius Spivey,Mac Dalena,2310,4
Geor'Quarius Spivey,Mike Caliendo,2310,5
Geor'Quarius Spivey,Nikko Remigio,2310,2
Geor'Quarius Spivey,Robert Tonyan,2310,5
Geor'Quarius Spivey,Skyy Moore,2310,4
Geor'Quarius Spivey,Tre Watson,2310,6
Geor'Quarius Spivey,Wanya Morris,2310,4
George Fant,Chris Paul,5110,10
George Fant,Cole Turner,5110,10
George Fant,Colson Yankoff,5110,4
George Fant,Demetric Felton,5110,10
George Fant,Foster Sarell,5110,18
George Fant,Ja'Corey Brooks,5110,18
George Fant,Jeremy McNichols,5110,8
George Fant,Josh Johnson,5110,10
George Fant,K.J. Osborn,5110,15
George Fant,Lawrence Cager,5110,7
George Fant,Luke McCaffrey,5110,8
George Fant,Michael Deiter,5110,18
George Fant,Michael Gallup,5110,10
George Fant,Sam Hartman,5110,8
George Fant,Timothy McKay,5110,8
George Fant,Tyre Phillips,5110,18
George Holani,AJ Barner,4600,1
George Holani,Abraham Lucas,4600,20
George Holani,Amari Kight,4600,6
George Holani,Anthony Bradford,4600,20
George Holani,Brady Russell,4600,6
George Holani,Bryce Cabeldue,4600,1
George Holani,Christian Haynes,4600,6
George Holani,Cody White,4600,3
George Holani,Dareke Young,4600,11
George Holani,Drew Lock,4600,26
George Holani,Elijah Arroyo,4600,14
George Holani,Eric Saubert,4600,18
George Holani,Federico Maranges,4600,1
George Holani,Grey Zabel,4600,20
George Holani,Jake Bobo,4600,14
George Holani,Jalen Sundell,4600,25
George Holani,Josh Jones,4600,25
George Holani,Marquez Valdes-Scantling,4600,7
George Holani,Mason Richman,4600,1
George Holani,Michael Jerrell,4600,1
George Holani,Nick Kallerup,4600,2
George Holani,Robbie Ouzts,4600,6
George Holani,Sataoa Laumea,4600,5
George Holani,Tory Horton,4600,21
George Karlaftis,Ashton Gillotte,2310,4
George Karlaftis,Bryan Cook,2310,29
George Karlaftis,Cam Jones,2310,1
George Karlaftis,Chamarri Conner,2310,29
George Karlaftis,Charles Omenihu,2310,12
George Karlaftis,Chris Jones,2310,14
George Karlaftis,Cole Christiansen,2310,4
George Karlaftis,Jack Cochrane,2310,11
George Karlaftis,Jaden Hicks,2310,15
George Karlaftis,Jaylen Watson,2310,14
George Karlaftis,Jeffrey Bassa,2310,4
George Karlaftis,Jerry Tillery,2310,19
George Karlaftis,Kristian Fulton,2310,11
George Karlaftis,Leo Chenal,2310,28
George Karlaftis,Marlon Tuipulotu,2310,2
George Karlaftis,Michael Danna,2310,17
George Karlaftis,Mike Pennel,2310,16
George Karlaftis,Nazeeh Johnson,2310,6
George Karlaftis,Nick Bolton,2310,23
George Karlaftis,Nohl Williams,2310,6
George Karlaftis,Omarr Norman-Lott,2310,2
George Karlaftis,Trent McDuffie,2310,23
George Kittle,Brock Purdy,4500,11
George Kittle,Colton McKivitz,4500,11
George Kittle,Connor Colby,4500,11
George Kittle,Demarcus Robinson,4500,9
George Kittle,Dominick Puni,4500,11
George Kittle,Isaiah Hodgins,4500,2
George Kittle,Jake Brendel,4500,11
George Kittle,Kyle Juszczyk,4500,6
George Kittle,Luke Farrell,4500,2
George Kittle,Patrick Taylor,4500,11
George Kittle,Ricky Pearsall,4500,9
George Kittle,Russell Gage,4500,5
George Kittle,Spencer Burford,4500,11
Gerad Lichtenhan,Anthony Miller,0325,42
Gerad Lichtenhan,Baylor Cupp,0325,19
Gerad Lichtenhan,Ben Cleveland,0325,26
Gerad Lichtenhan,Carson Vinson,0325,124
Gerad Lichtenhan,Charlie Kolar,0325,15
Gerad Lichtenhan,Cooper Rush,0325,17
Gerad Lichtenhan,Corey Bullock,0325,2
Gerad Lichtenhan,D'Ernest Johnson,0325,65
Gerad Lichtenhan,Darrian Dalcourt,0325,28
Gerad Lichtenhan,Dayton Wade,0325,29
Gerad Lichtenhan,Devin Leary,0325,107
Gerad Lichtenhan,Devontez Walker,0325,38
Gerad Lichtenhan,Garrett Dellinger,0325,114
Gerad Lichtenhan,Jahmal Banks,0325,55
Gerad Lichtenhan,Jared Penning,0325,80
Gerad Lichtenhan,Joe Noteboom,0325,2
Gerad Lichtenhan,Keith Kirkwood,0325,26
Gerad Lichtenhan,LaJohntay Wester,0325,37
Gerad Lichtenhan,Lucas Scott,0325,37
Gerad Lichtenhan,Malik Cunningham,0325,32
Gerad Lichtenhan,Myles Gaskin,0325,21
Gerad Lichtenhan,Nick Samac,0325,83
Gerad Lichtenhan,Rasheen Ali,0325,38
Gerad Lichtenhan,Reid Holskey,0325,39
Gerad Lichtenhan,Scotty Washington,0325,55
Gerad Lichtenhan,Xavier Guillory,0325,46
Gerad Lichtenhan,Zaire Mitchell-Paden,0325,63
Germain Ifedi,Daniel Brunskill,2700,10
Germain Ifedi,Dee Eskridge,2700,1
Germain Ifedi,Erik Ezukanma,2700,10
Germain Ifedi,Hayden Rucci,2700,2
Germain Ifedi,Jackson Carman,2700,4
Germain Ifedi,Jaylen Wright,2700,10
Germain Ifedi,Jonah Savaiinaea,2700,8
Germain Ifedi,Julian Hill,2700,3
Germain Ifedi,Kion Smith,2700,10
Germain Ifedi,Larry Borom,2700,6
Germain Ifedi,Pharaoh Brown,2700,4
Germain Ifedi,Ryan Hayes,2700,2
Germain Ifedi,Tahj Washington,2700,7
Germain Ifedi,Tanner Conner,2700,4
Germain Ifedi,Tarik Black,2700,9
Germain Ifedi,Zach Wilson,2700,10
Germaine Pratt,Adam Butler,2520,22
Germaine Pratt,Chris Smith II,2520,7
Germaine Pratt,Darien Porter,2520,13
Germaine Pratt,Darnay Holmes,2520,2
Germaine Pratt,Devin White,2520,22
Germaine Pratt,Elandon Roberts,2520,11
Germaine Pratt,Eric Stokes,2520,22
Germaine Pratt,Isaiah Pola-Mao,2520,22
Germaine Pratt,JJ Pegues,2520,4
Germaine Pratt,Jeremy Chinn,2520,19
Germaine Pratt,Jonah Laulu,2520,11
Germaine Pratt,Kyu Kelly,2520,9
Germaine Pratt,Malcolm Koonce,2520,11
Germaine Pratt,Maxx Crosby,2520,21
Germaine Pratt,Terrell Edmunds,2520,5
Germaine Pratt,Thomas Booker,2520,10
Germaine Pratt,Tonka Hemingway,2520,3
Germaine Pratt,Tyree Wilson,2520,6
Geron Christian,Ajani Cornelius,1200,57
Geron Christian,Asim Richards,1200,55
Geron Christian,Brock Hoffman,1200,82
Geron Christian,Deuce Vaughn,1200,12
Geron Christian,Jalen Brooks,1200,63
Geron Christian,Jalen Cropper,1200,9
Geron Christian,Jaydon Blue,1200,13
Geron Christian,Joe Milton III,1200,52
Geron Christian,John Stephens Jr.,1200,3
Geron Christian,Josh Kelly,1200,55
Geron Christian,La'el Collins,1200,25
Geron Christian,Malik Davis,1200,24
Geron Christian,Nick Broeker,1200,44
Geron Christian,Phil Mafah,1200,33
Geron Christian,Princeton Fant,1200,19
Geron Christian,Rivaldo Fairweather,1200,42
Geron Christian,Ryan Flournoy,1200,38
Geron Christian,Saahdiq Charles,1200,6
Geron Christian,TJ Bass,1200,59
Geron Christian,Traeshon Holden,1200,65
Geron Christian,Tyler Neville,1200,34
Geron Christian,Will Grier,1200,30
Gervarrius Owens,Ambry Thomas,3000,25
Gervarrius Owens,Austin Keys,3000,11
Gervarrius Owens,Cam Gill,3000,23
Gervarrius Owens,Chaz Chambliss,3000,27
Gervarrius Owens,Dorian Mausi,3000,22
Gervarrius Owens,Dwight McGlothern,3000,3
Gervarrius Owens,Elijah Williams,3000,12
Gervarrius Owens,Jonathan Harris,3000,17
Gervarrius Owens,Kahlef Hailassie,3000,6
Gervarrius Owens,Keenan Garber,3000,12
Gervarrius Owens,Kobe King,3000,11
Gervarrius Owens,Levi Drake Rodriguez,3000,13
Gervarrius Owens,Mekhi Blackmon,3000,2
Gervarrius Owens,Mishael Powell,3000,27
Gervarrius Owens,Reddy Steward,3000,25
Gervarrius Owens,Taki Taimani,3000,2
Gervarrius Owens,Travis Bell,3000,14
Gervarrius Owens,Tyrion Ingram-Dawkins,3000,14
Gervarrius Owens,Zemaiah Vaughn,3000,4
Gervon Dexter Sr.,Andrew Billings,0810,8
Gervon Dexter Sr.,Chris Williams,0810,12
Gervon Dexter Sr.,Dayo Odeyingbo,0810,20
Gervon Dexter Sr.,Dominique Robinson,0810,1
Gervon Dexter Sr.,Jaquan Brisker,0810,20
Gervon Dexter Sr.,Kevin Byard,0810,20
Gervon Dexter Sr.,Montez Sweat,0810,17
Gervon Dexter Sr.,Nahshon Wright,0810,20
Gervon Dexter Sr.,Nick McCloud,0810,14
Gervon Dexter Sr.,Noah Sewell,0810,14
Gervon Dexter Sr.,Ruben Hyppolite II,0810,8
Gervon Dexter Sr.,Swayze Bozeman,0810,1
Gervon Dexter Sr.,T.J. Edwards,0810,20
Gervon Dexter Sr.,Tanoh Kpassagnon,0810,2
Gervon Dexter Sr.,Tremaine Edmunds,0810,3
Gervon Dexter Sr.,Tyrique Stevenson,0810,20
Giles Jackson,Brett Toth,3700,9
Giles Jackson,Cameron Latu,3700,12
Giles Jackson,Cameron Williams,3700,23
Giles Jackson,Drew Kendall,3700,9
Giles Jackson,E.J. Jenkins,3700,6
Giles Jackson,Hollin Pierce,3700,14
Giles Jackson,Ife Adeyi,3700,18
Giles Jackson,Keilan Robinson,3700,18
Giles Jackson,Kenyon Green,3700,2
Giles Jackson,Kyle McCord,3700,23
Giles Jackson,Laekin Vakalahi,3700,12
Giles Jackson,Myles Hinton,3700,23
Giles Jackson,Nick Muse,3700,14
Giles Jackson,ShunDerrick Powell,3700,5
Giles Jackson,Taylor Morin,3700,19
Giles Jackson,Trevor Keegan,3700,23
Giovanni Manu,Colby Sorsdal,1540,25
Giovanni Manu,Craig Reynolds,1540,23
Giovanni Manu,Dan Skipper,1540,19
Giovanni Manu,Deon Jackson,1540,12
Giovanni Manu,Dominic Lovett,1540,49
Giovanni Manu,Gunnar Oakes,1540,2
Giovanni Manu,Gunner Britton,1540,40
Giovanni Manu,Hendon Hooker,1540,86
Giovanni Manu,Isaac TeSlaa,1540,42
Giovanni Manu,Jabari Small,1540,29
Giovanni Manu,Jackson Meeks,1540,73
Giovanni Manu,Jacob Saylors,1540,58
Giovanni Manu,Jakobie Keeney-James,1540,53
Giovanni Manu,Jamarco Jones,1540,3
Giovanni Manu,Kayode Awosika,1540,38
Giovanni Manu,Kenny Yeboah,1540,25
Giovanni Manu,Kingsley Eguakun,1540,45
Giovanni Manu,Kyle Allen,1540,36
Giovanni Manu,Malik Taylor,1540,19
Giovanni Manu,Mason Miller,1540,100
Giovanni Manu,Michael Niese,1540,76
Giovanni Manu,Netane Muti,1540,43
Giovanni Manu,Ronnie Bell,1540,59
Giovanni Manu,Shane Zylstra,1540,32
Giovanni Manu,Steven Stilianos,1540,16
Giovanni Manu,Tate Ratledge,1540,22
Giovanni Manu,Tom Kennedy,1540,43
Giovanni Manu,Trystan Colon,1540,37
Giovanni Manu,Zach Horton,1540,75
Giovanni Manu,Zack Johnson,1540,40
Giovanni Ricci,Ben Yurosek,3000,21
Giovanni Ricci,Blake Brandel,3000,15
Giovanni Ricci,Brett Rypien,3000,12
Giovanni Ricci,Dontae Fleming,3000,15
Giovanni Ricci,Henry Byrd,3000,19
Giovanni Ricci,Jalen Nailor,3000,4
Giovanni Ricci,Jeshaun Jones,3000,15
Giovanni Ricci,Joe Huber,3000,50
Giovanni Ricci,Leroy Watson IV,3000,22
Giovanni Ricci,Logan Brown,3000,31
Giovanni Ricci,Lucky Jackson,3000,26
Giovanni Ricci,Max Brosmer,3000,22
Giovanni Ricci,Michael Gonzalez,3000,25
Giovanni Ricci,Michael Jurgens,3000,21
Giovanni Ricci,Myles Price,3000,11
Giovanni Ricci,Nick Vannett,3000,13
Giovanni Ricci,Robert Lewis,3000,4
Giovanni Ricci,Sam Howell,3000,16
Giovanni Ricci,Silas Bolden,3000,8
Giovanni Ricci,Tai Felton,3000,14
Giovanni Ricci,Thayer Thomas,3000,3
Giovanni Ricci,Tim Jones,3000,16
Giovanni Ricci,Tre Stewart,3000,13
Giovanni Ricci,Ty Chandler,3000,9
Giovanni Ricci,Vershon Lee,3000,35
Giovanni Ricci,Walter Rouse,3000,19
Giovanni Ricci,Xazavian Valladay,3000,12
Giovanni Ricci,Zack Bailey,3000,9
Giovanni Ricci,Zavier Scott,3000,16
Giovanni Ricci,Zeke Correll,3000,4
Glendon Miller,Ajani Carter,2310,26
Glendon Miller,Ashton Gillotte,2310,21
Glendon Miller,Azizi Hearn,2310,23
Glendon Miller,Brandon George,2310,41
Glendon Miller,Cam Jones,2310,24
Glendon Miller,Christian Roland-Wallace,2310,33
Glendon Miller,Cole Christiansen,2310,40
Glendon Miller,Cooper McDonald,2310,47
Glendon Miller,Coziah Izzard,2310,47
Glendon Miller,Fabien Lovett Sr.,2310,53
Glendon Miller,Felix Anudike-Uzomah,2310,26
Glendon Miller,Jacobe Covington,2310,10
Glendon Miller,Janarius Robinson,2310,3
Glendon Miller,Jeffrey Bassa,2310,38
Glendon Miller,Jerry Tillery,2310,15
Glendon Miller,Joshua Williams,2310,41
Glendon Miller,Kevin Knowles,2310,41
Glendon Miller,Kristian Fulton,2310,22
Glendon Miller,Major Williams,2310,57
Glendon Miller,Malik Herring,2310,81
Glendon Miller,Marlon Tuipulotu,2310,42
Glendon Miller,Melvin Smith Jr.,2310,29
Glendon Miller,Mike Edwards,2310,7
Glendon Miller,Nate Matlack,2310,44
Glendon Miller,Nazeeh Johnson,2310,4
Glendon Miller,Nohl Williams,2310,29
Glendon Miller,Omarr Norman-Lott,2310,11
Glendon Miller,Owen Carney,2310,5
Glendon Miller,Xander Mueller,2310,10
Gottlieb Ayedze,Aidan O'Connell,2520,14
Gottlieb Ayedze,Albert Okwuegbunam,2520,17
Gottlieb Ayedze,Atonio Mafi,2520,16
Gottlieb Ayedze,Caleb Rogers,2520,14
Gottlieb Ayedze,Cam Miller,2520,32
Gottlieb Ayedze,Carter Runyon,2520,17
Gottlieb Ayedze,Charles Grant,2520,14
Gottlieb Ayedze,Chris Collier,2520,32
Gottlieb Ayedze,Collin Johnson,2520,4
Gottlieb Ayedze,Dalton Wagner,2520,32
Gottlieb Ayedze,Dylan Laube,2520,13
Gottlieb Ayedze,Jarrod Hufford,2520,32
Gottlieb Ayedze,Justin Shorter,2520,25
Gottlieb Ayedze,Ketron Jackson Jr.,2520,18
Gottlieb Ayedze,Laki Tasi,2520,16
Gottlieb Ayedze,Marquez Callaway,2520,17
Gottlieb Ayedze,Parker Clements,2520,32
Gottlieb Ayedze,Phillip Dorsett,2520,28
Gottlieb Ayedze,Qadir Ismail,2520,14
Gottlieb Ayedze,Shedrick Jackson,2520,27
Gottlieb Ayedze,Sincere McCormick,2520,1
Gottlieb Ayedze,Thayer Munford Jr.,2520,14
Gottlieb Ayedze,Tommy Mellott,2520,17
Gottlieb Ayedze,Will Putnam,2520,14
Graham Barton,Ben Bredeson,4900,19
Graham Barton,Bucky Irving,4900,18
Graham Barton,Cade Otton,4900,17
Graham Barton,Charlie Heck,4900,19
Graham Barton,Cody Mauch,4900,19
Graham Barton,Emeka Egbuka,4900,19
Graham Barton,Jalen McMillan,4900,6
Graham Barton,Luke Goedeke,4900,19
Graham Barton,Payne Durham,4900,4
Graham Barton,Ryan Miller,4900,3
Graham Barton,Sean Tucker,4900,1
Graham Barton,Sterling Shepard,4900,14
Graham Barton,Teddy Bridgewater,4900,19
Graham Barton,Tez Johnson,4900,13
Graham Mertz,Austin Deculus,2120,62
Graham Mertz,Braxton Berrios,2120,5
Graham Mertz,British Brooks,2120,7
Graham Mertz,Conor McDermott,2120,24
Graham Mertz,Cornell Powell,2120,13
Graham Mertz,Dalton Keene,2120,6
Graham Mertz,Dameon Pierce,2120,10
Graham Mertz,Daniel Jackson,2120,14
Graham Mertz,Dare Ogunbowale,2120,6
Graham Mertz,Eli Cox,2120,43
Graham Mertz,Harrison Bryant,2120,12
Graham Mertz,Irv Smith,2120,14
Graham Mertz,J.J. Taylor,2120,13
Graham Mertz,Jakob Johnson,2120,12
Graham Mertz,Jarrett Patterson,2120,19
Graham Mertz,Jawhar Jordan,2120,10
Graham Mertz,Jayden Higgins,2120,11
Graham Mertz,Jaylin Noel,2120,8
Graham Mertz,Jaylon Thomas,2120,62
Graham Mertz,John Metchie III,2120,14
Graham Mertz,Juice Scruggs,2120,19
Graham Mertz,Justin Watson,2120,21
Graham Mertz,Juwann Winfree,2120,14
Graham Mertz,LaDarius Henderson,2120,43
Graham Mertz,Luke Lachey,2120,41
Graham Mertz,Quintez Cephus,2120,27
Graham Mertz,Tre' McKitty,2120,9
Graham Mertz,Woody Marks,2120,16
Graham Mertz,Xavier Hutchinson,2120,9
Graham Mertz,Xavier Johnson,2120,18
Graham Mertz,Zach Thomas,2120,38
Grant Calcaterra,Ainias Smith,3700,7
Grant Calcaterra,Brett Toth,3700,13
Grant Calcaterra,Darian Kinnard,3700,4
Grant Calcaterra,Darius Cooper,3700,4
Grant Calcaterra,Drew Kendall,3700,13
Grant Calcaterra,Harrison Bryant,3700,6
Grant Calcaterra,Jahan Dotson,3700,9
Grant Calcaterra,Johnny Wilson,3700,13
Grant Calcaterra,Kendall Lamm,3700,13
Grant Calcaterra,Matt Pryor,3700,13
Grant Calcaterra,Tanner McKee,3700,13
Grant Calcaterra,Tyler Steen,3700,9
Grant Calcaterra,Will Shipley,3700,13
Grant Delpit,Alex Wright,1050,8
Grant Delpit,Cameron Mitchell,1050,8
Grant Delpit,Carson Schwesinger,1050,8
Grant Delpit,Devin Bush,1050,6
Grant Delpit,Dom Jones,1050,8
Grant Delpit,Isaiah McGuire,1050,8
Grant Delpit,Jerome Baker,1050,1
Grant Delpit,Maliek Collins,1050,8
Grant Delpit,Mason Graham,1050,8
Grant Delpit,Myles Harden,1050,7
Grant Delpit,Rayshawn Jenkins,1050,2
Grant Delpit,Ronnie Hickman Jr.,1050,8
Grant Stuard,Ahmed Hassanein,1540,15
Grant Stuard,Al-Quadin Muhammad,1540,67
Grant Stuard,Allan George,1540,24
Grant Stuard,Anthony Pittman,1540,5
Grant Stuard,Avonte Maddox,1540,64
Grant Stuard,Brodric Martin,1540,12
Grant Stuard,Chris Smith,1540,58
Grant Stuard,D.J. Miller,1540,23
Grant Stuard,Dicaprio Bootle,1540,13
Grant Stuard,Ennis Rakestraw Jr.,1540,15
Grant Stuard,Erick Hallett,1540,62
Grant Stuard,Ian Kennelly,1540,40
Grant Stuard,Isaac Ukwu,1540,21
Grant Stuard,Keith Cooper,1540,33
Grant Stuard,Loren Strickland,1540,15
Grant Stuard,Luq Barcoo,1540,3
Grant Stuard,Mitchell Agude,1540,9
Grant Stuard,Myles Adams,1540,39
Grant Stuard,Nate Lynn,1540,35
Grant Stuard,Nick Whiteside,1540,33
Grant Stuard,Pat O'Connor,1540,41
Grant Stuard,Raequan Williams,1540,4
Grant Stuard,Rock Ya-Sin,1540,87
Grant Stuard,Trevor Nowaske,1540,46
Grant Stuard,Tyleik Williams,1540,14
Grant Stuard,Tyson Russell,1540,29
Grant Stuard,Zach Cunningham,1540,63
Grayson Murphy,Alex Huntley,2700,16
Grayson Murphy,BJ Adams,2700,25
Grayson Murphy,Ben Stille,2700,32
Grayson Murphy,Benito Jones,2700,4
Grayson Murphy,Cam Smith,2700,23
Grayson Murphy,Cameron Dantzler,2700,2
Grayson Murphy,Cameron Goode,2700,35
Grayson Murphy,Channing Tindall,2700,70
Grayson Murphy,Cornell Armstrong,2700,31
Grayson Murphy,Dequan Jackson,2700,34
Grayson Murphy,Derrick McLendon,2700,32
Grayson Murphy,Elijah Campbell,2700,20
Grayson Murphy,Ethan Bonner,2700,9
Grayson Murphy,Ethan Robinson,2700,28
Grayson Murphy,Eugene Asante,2700,32
Grayson Murphy,Ifeatu Melifonwu,2700,25
Grayson Murphy,Isaiah Johnson,2700,44
Grayson Murphy,Jack Jones,2700,31
Grayson Murphy,Jason Marshall Jr.,2700,34
Grayson Murphy,John Saunders Jr.,2700,47
Grayson Murphy,Jordan Colbert,2700,45
Grayson Murphy,Jordan Phillips,2700,30
Grayson Murphy,K.J. Britt,2700,28
Grayson Murphy,Kendall Sheffield,2700,18
Grayson Murphy,Kenneth Grant,2700,21
Grayson Murphy,Matt Dickerson,2700,33
Grayson Murphy,Matthew Butler,2700,31
Grayson Murphy,Mike Hilton,2700,13
Grayson Murphy,Mohamed Kamara,2700,3
Grayson Murphy,Patrick McMorris,2700,42
Grayson Murphy,Quinton Bell,2700,24
Grayson Murphy,Storm Duck,2700,18
Grayson Murphy,Willie Gay Jr.,2700,23
Grayson Murphy,Zeek Biggers,2700,37
Greedy Vance,Amari Gainer,2520,1
Greedy Vance,Andre Carter II,2520,13
Greedy Vance,Anthony Booker,2520,2
Greedy Vance,Charles Snowden,2520,16
Greedy Vance,Chris Smith II,2520,12
Greedy Vance,Cody Lindenberg,2520,16
Greedy Vance,Darien Porter,2520,8
Greedy Vance,Decamerion Richardson,2520,19
Greedy Vance,Hudson Clark,2520,19
Greedy Vance,Isaiah Pola-Mao,2520,7
Greedy Vance,JJ Pegues,2520,15
Greedy Vance,JT Woods,2520,13
Greedy Vance,Jah Joyner,2520,10
Greedy Vance,Jahfari Harvey,2520,7
Greedy Vance,Jamal Adams,2520,4
Greedy Vance,Jaylon Smith,2520,8
Greedy Vance,John Humphrey,2520,16
Greedy Vance,Jonah Laulu,2520,3
Greedy Vance,Keondre Coburn,2520,6
Greedy Vance,Kyu Kelly,2520,2
Greedy Vance,Leki Fotu,2520,1
Greedy Vance,Malcolm Koonce,2520,4
Greedy Vance,Matt Jones,2520,23
Greedy Vance,Michael Barrett,2520,11
Greedy Vance,Ovie Oghoufo,2520,19
Greedy Vance,Sam Webb,2520,12
Greedy Vance,Terrell Edmunds,2520,12
Greedy Vance,Thomas Booker,2520,1
Greedy Vance,Tommy Eichenberg,2520,7
Greedy Vance,Tonka Hemingway,2520,11
Greedy Vance,Treven Ma'ae,2520,16
Greedy Vance,Trey Taylor,2520,20
Greedy Vance,Tyree Wilson,2520,5
Greedy Vance,Zachary Carter,2520,11
Greg Dortch,Christian Jones,3800,7
Greg Dortch,Elijah Higgins,3800,8
Greg Dortch,Evan Brown,3800,3
Greg Dortch,Hayden Conner,3800,7
Greg Dortch,Hjalte Froholdt,3800,3
Greg Dortch,Isaiah Adams,3800,3
Greg Dortch,Jacoby Brissett,3800,7
Greg Dortch,Jonah Williams,3800,3
Greg Dortch,Josh Fryar,3800,7
Greg Dortch,Josiah Deguara,3800,1
Greg Dortch,Kyler Murray,3800,3
Greg Dortch,Marvin Harrison Jr.,3800,3
Greg Dortch,Michael Wilson,3800,2
Greg Dortch,Nick Leverett,3800,7
Greg Dortch,Paris Johnson Jr.,3800,3
Greg Dortch,Royce Newman,3800,7
Greg Dortch,Tejhaun Palmer,3800,4
Greg Dortch,Tip Reiman,3800,3
Greg Dortch,Travis Vokolek,3800,2
Greg Dortch,Trey Benson,3800,10
Greg Dortch,Xavier Weaver,3800,7
Greg Dulcich,Aaron Stinnie,3410,36
Greg Dulcich,Antwane Wells Jr.,3410,8
Greg Dulcich,Austin Schlottmann,3410,43
Greg Dulcich,Beaux Collins,3410,22
Greg Dulcich,Bryan Hudson,3410,30
Greg Dulcich,Cam Skattebo,3410,5
Greg Dulcich,Chris Manhertz,3410,2
Greg Dulcich,Da'Quan Felton,3410,4
Greg Dulcich,Dalen Cambre,3410,15
Greg Dulcich,Dante Miller,3410,45
Greg Dulcich,Darius Slayton,3410,7
Greg Dulcich,Devin Singletary,3410,2
Greg Dulcich,Elijah Chatman,3410,1
Greg Dulcich,Evan Neal,3410,26
Greg Dulcich,Greg Van Roten,3410,7
Greg Dulcich,Gunner Olszewski,3410,21
Greg Dulcich,Ihmir Smith-Marsette,3410,6
Greg Dulcich,Jaison Williams,3410,20
Greg Dulcich,Jake Kubas,3410,39
Greg Dulcich,Jalin Hyatt,3410,17
Greg Dulcich,Jameis Winston,3410,8
Greg Dulcich,James Hudson,3410,9
Greg Dulcich,Jaxson Dart,3410,37
Greg Dulcich,Jermaine Eluemunor,3410,9
Greg Dulcich,Jermaine Terry,3410,5
Greg Dulcich,Jimmy Morrissey,3410,25
Greg Dulcich,John Michael Schmitz,3410,9
Greg Dulcich,Jon Runyan,3410,9
Greg Dulcich,Jonathan Ward,3410,18
Greg Dulcich,Jordan Bly,3410,14
Greg Dulcich,Joshua Ezeudu,3410,30
Greg Dulcich,Lil'Jordan Humphrey,3410,39
Greg Dulcich,Marcus Mbow,3410,44
Greg Dulcich,Montrell Washington,3410,29
Greg Dulcich,Russell Wilson,3410,9
Greg Dulcich,Stone Forsythe,3410,54
Greg Dulcich,Theo Johnson,3410,8
Greg Dulcich,Thomas Fidone II,3410,14
Greg Dulcich,Tommy DeVito,3410,24
Greg Dulcich,Tyrone Tracy Jr.,3410,8
Greg Dulcich,Wan'Dale Robinson,3410,1
Greg Dulcich,Zach Pascal,3410,21
Greg Gaines,Adam Gotsis,4900,16
Greg Gaines,Anthony Nelson,4900,9
Greg Gaines,Antonio Grier Jr.,4900,8
Greg Gaines,Bryce Hall,4900,8
Greg Gaines,C.J. Brewer,4900,32
Greg Gaines,Chris Braswell,4900,27
Greg Gaines,Christian Izien,4900,12
Greg Gaines,Deion Jones,4900,24
Greg Gaines,Jacob Parrish,4900,16
Greg Gaines,JayVian Farr,4900,8
Greg Gaines,John Bullock,4900,5
Greg Gaines,Jose Ramirez,4900,11
Greg Gaines,Josh Hayes,4900,9
Greg Gaines,Kaevon Merriweather,4900,30
Greg Gaines,Kindle Vildor,4900,29
Greg Gaines,Markees Watts,4900,17
Greg Gaines,Nick Jackson,4900,18
Greg Gaines,Rashad Wisdom,4900,22
Greg Gaines,Shilo Sanders,4900,10
Greg Gaines,SirVocea Dennis,4900,9
Greg Rousseau,Cam Lewis,0610,10
Greg Rousseau,Christian Benford,0610,10
Greg Rousseau,DaQuan Jones,0610,10
Greg Rousseau,Damar Hamlin,0610,10
Greg Rousseau,Ed Oliver,0610,10
Greg Rousseau,Joe Andreessen,0610,10
Greg Rousseau,Joey Bosa,0610,10
Greg Rousseau,Matt Milano,0610,10
Greg Rousseau,Taron Johnson,0610,10
Greg Rousseau,Tre'Davious White,0610,10
Greg Van Roten,Beaux Collins,3410,6
Greg Van Roten,Chris Manhertz,3410,5
Greg Van Roten,Dalen Cambre,3410,2
Greg Van Roten,Daniel Bellinger,3410,3
Greg Van Roten,Darius Slayton,3410,8
Greg Van Roten,Devin Singletary,3410,7
Greg Van Roten,Greg Dulcich,3410,7
Greg Van Roten,Jalin Hyatt,3410,2
Greg Van Roten,James Hudson,3410,19
Greg Van Roten,Jermaine Eluemunor,3410,19
Greg Van Roten,John Michael Schmitz,3410,19
Greg Van Roten,Jon Runyan,3410,19
Greg Van Roten,Lil'Jordan Humphrey,3410,9
Greg Van Roten,Montrell Washington,3410,1
Greg Van Roten,Russell Wilson,3410,19
Greg Van Roten,Theo Johnson,3410,15
Greg Van Roten,Tyrone Tracy Jr.,3410,12
Greg Van Roten,Wan'Dale Robinson,3410,10
Greg Van Roten,Zach Pascal,3410,8
Grey Zabel,AJ Barner,4600,10
Grey Zabel,Abraham Lucas,4600,37
Grey Zabel,Anthony Bradford,4600,37
Grey Zabel,Brady Russell,4600,5
Grey Zabel,Cody White,4600,2
Grey Zabel,Cooper Kupp,4600,7
Grey Zabel,Damien Martinez,4600,7
Grey Zabel,Dareke Young,4600,9
Grey Zabel,Drew Lock,4600,27
Grey Zabel,Elijah Arroyo,4600,15
Grey Zabel,Eric Saubert,4600,27
Grey Zabel,George Holani,4600,20
Grey Zabel,Jake Bobo,4600,18
Grey Zabel,Jalen Milroe,4600,1
Grey Zabel,Jalen Sundell,4600,37
Grey Zabel,Jaxon Smith-Njigba,4600,8
Grey Zabel,Josh Jones,4600,37
Grey Zabel,Marquez Valdes-Scantling,4600,10
Grey Zabel,Robbie Ouzts,4600,12
Grey Zabel,Sam Darnold,4600,10
Grey Zabel,Tory Horton,4600,24
Grey Zabel,Zach Charbonnet,4600,10
Grover Stewart,Adetomiwa Adebawore,2200,3
Grover Stewart,Austin Ajiake,2200,2
Grover Stewart,Cameron McGrone,2200,5
Grover Stewart,Camryn Bynum,2200,7
Grover Stewart,Charvarius Ward,2200,7
Grover Stewart,Chris Lammons,2200,7
Grover Stewart,DeForest Buckner,2200,4
Grover Stewart,Durell Nchami,2200,2
Grover Stewart,Hunter Wohler,2200,7
Grover Stewart,JT Tuimoloau,2200,2
Grover Stewart,Joe Bachie,2200,7
Grover Stewart,Johnathan Edwards,2200,7
Grover Stewart,Laiatu Latu,2200,5
Grover Stewart,Tyquan Lewis,2200,5
Gunnar Helm,Andrew Rupcich,2100,34
Gunnar Helm,Blake Hance,2100,34
Gunnar Helm,Brandon Allen,2100,34
Gunnar Helm,Brandon Crenshaw-Dickson,2100,1
Gunnar Helm,Brenden Jaimes,2100,34
Gunnar Helm,Bryce Oliver,2100,26
Gunnar Helm,Calvin Ridley,2100,2
Gunnar Helm,Cam Ward,2100,9
Gunnar Helm,Cameron Ward,2100,10
Gunnar Helm,Chig Okonkwo,2100,12
Gunnar Helm,Chimere Dike,2100,36
Gunnar Helm,Corey Levin,2100,19
Gunnar Helm,Dan Moore Jr.,2100,16
Gunnar Helm,David Martin-Robinson,2100,11
Gunnar Helm,Elic Ayomanor,2100,36
Gunnar Helm,JC Latham,2100,10
Gunnar Helm,Jackson Slater,2100,19
Gunnar Helm,Jaelyn Duncan,2100,9
Gunnar Helm,James Proche,2100,12
Gunnar Helm,John Ojukwu,2100,34
Gunnar Helm,Josh Whyle,2100,3
Gunnar Helm,Julius Chestnut,2100,31
Gunnar Helm,Kalel Mullings,2100,16
Gunnar Helm,Olisaemeka Udoh,2100,37
Gunnar Helm,Peter Skoronski,2100,19
Gunnar Helm,Tony Pollard,2100,4
Gunnar Helm,Tyjae Spears,2100,3
Gunnar Helm,Tyler Lockett,2100,2
Gunnar Helm,Van Jefferson,2100,17
Gunnar Oakes,Dan Skipper,1540,1
Gunnar Oakes,Deon Jackson,1540,1
Gunnar Oakes,Dominic Lovett,1540,1
Gunnar Oakes,Giovanni Manu,1540,2
Gunnar Oakes,Gunner Britton,1540,1
Gunnar Oakes,Hendon Hooker,1540,2
Gunnar Oakes,Jackson Meeks,1540,2
Gunnar Oakes,Jacob Saylors,1540,1
Gunnar Oakes,Kingsley Eguakun,1540,1
Gunnar Oakes,Malik Taylor,1540,1
Gunnar Oakes,Mason Miller,1540,1
Gunnar Oakes,Michael Niese,1540,2
Gunnar Oakes,Netane Muti,1540,1
Gunnar Oakes,Ronnie Bell,1540,1
Gunnar Oakes,Steven Stilianos,1540,1
Gunnar Oakes,Zack Johnson,1540,1
Gunner Britton,Deon Jackson,1540,12
Gunner Britton,Dominic Lovett,1540,19
Gunner Britton,Giovanni Manu,1540,40
Gunner Britton,Gunnar Oakes,1540,1
Gunner Britton,Hendon Hooker,1540,40
Gunner Britton,Jackson Meeks,1540,20
Gunner Britton,Jacob Saylors,1540,28
Gunner Britton,Jakobie Keeney-James,1540,31
Gunner Britton,Malik Taylor,1540,6
Gunner Britton,Mason Miller,1540,40
Gunner Britton,Michael Niese,1540,40
Gunner Britton,Ronnie Bell,1540,34
Gunner Britton,Steven Stilianos,1540,12
Gunner Britton,Zach Horton,1540,37
Gunner Britton,Zack Johnson,1540,40
Gunner Olszewski,Aaron Stinnie,3410,37
Gunner Olszewski,Antwane Wells Jr.,3410,34
Gunner Olszewski,Austin Schlottmann,3410,64
Gunner Olszewski,Beaux Collins,3410,17
Gunner Olszewski,Bryan Hudson,3410,25
Gunner Olszewski,Cam Skattebo,3410,8
Gunner Olszewski,Da'Quan Felton,3410,14
Gunner Olszewski,Dalen Cambre,3410,6
Gunner Olszewski,Dante Miller,3410,51
Gunner Olszewski,Evan Neal,3410,41
Gunner Olszewski,Greg Dulcich,3410,21
Gunner Olszewski,Ihmir Smith-Marsette,3410,11
Gunner Olszewski,Jaison Williams,3410,8
Gunner Olszewski,Jake Kubas,3410,20
Gunner Olszewski,Jalin Hyatt,3410,14
Gunner Olszewski,Jameis Winston,3410,32
Gunner Olszewski,Jaxson Dart,3410,31
Gunner Olszewski,Jermaine Terry,3410,17
Gunner Olszewski,Jimmy Morrissey,3410,12
Gunner Olszewski,Jonathan Ward,3410,17
Gunner Olszewski,Jordan Bly,3410,8
Gunner Olszewski,Joshua Ezeudu,3410,46
Gunner Olszewski,Lil'Jordan Humphrey,3410,31
Gunner Olszewski,Marcus Mbow,3410,64
Gunner Olszewski,Montrell Washington,3410,10
Gunner Olszewski,Stone Forsythe,3410,63
Gunner Olszewski,Thomas Fidone II,3410,46
Gunner Olszewski,Tommy DeVito,3410,12
Haason Reddick,Calijah Kancey,4900,7
Haason Reddick,Christian Izien,4900,7
Haason Reddick,Deion Jones,4900,7
Haason Reddick,Jacob Parrish,4900,5
Haason Reddick,Jamel Dean,4900,7
Haason Reddick,Logan Hall,4900,2
Haason Reddick,SirVocea Dennis,4900,7
Haason Reddick,Tykee Smith,4900,7
Haason Reddick,Vita Vea,4900,7
Haason Reddick,Yaya Diaby,4900,7
Haason Reddick,Zyon McCollum,4900,7
Haggai Ndubuisi,Arthur Maulet,2120,28
Haggai Ndubuisi,Casey Toohill,2120,38
Haggai Ndubuisi,D'Angelo Ross,2120,18
Haggai Ndubuisi,Damon Arnette,2120,34
Haggai Ndubuisi,Darrell Taylor,2120,1
Haggai Ndubuisi,Dylan Horton,2120,1
Haggai Ndubuisi,Jackson Woodard,2120,31
Haggai Ndubuisi,Jake Hansen,2120,4
Haggai Ndubuisi,Jalen Mills,2120,18
Haggai Ndubuisi,Jamal Hill,2120,28
Haggai Ndubuisi,Jaylin Smith,2120,4
Haggai Ndubuisi,Junior Tafuna,2120,43
Haggai Ndubuisi,K.C. Ossai,2120,30
Haggai Ndubuisi,M.J. Stewart,2120,4
Haggai Ndubuisi,Marlon Davidson,2120,7
Haggai Ndubuisi,Myles Bryant,2120,42
Haggai Ndubuisi,Nick Niemann,2120,17
Haggai Ndubuisi,Russ Yeast,2120,29
Haggai Ndubuisi,Solomon Byrd,2120,43
Haggai Ndubuisi,Tommy Togiai,2120,1
Haggai Ndubuisi,Tremon Smith,2120,39
Hakeem Adeniji,Asim Richards,1200,7
Hakeem Adeniji,Brock Hoffman,1200,30
Hakeem Adeniji,Cooper Beebe,1200,11
Hakeem Adeniji,Deuce Vaughn,1200,24
Hakeem Adeniji,Hunter Luepke,1200,5
Hakeem Adeniji,Jalen Brooks,1200,3
Hakeem Adeniji,Jalen Cropper,1200,31
Hakeem Adeniji,Jalen Tolbert,1200,24
Hakeem Adeniji,Joe Milton III,1200,41
Hakeem Adeniji,John Stephens Jr.,1200,11
Hakeem Adeniji,Jonathan Mingo,1200,37
Hakeem Adeniji,Luke Schoonmaker,1200,24
Hakeem Adeniji,Miles Sanders,1200,10
Hakeem Adeniji,Nathan Thomas,1200,34
Hakeem Adeniji,Phil Mafah,1200,7
Hakeem Adeniji,Princeton Fant,1200,6
Hakeem Adeniji,Rivaldo Fairweather,1200,4
Hakeem Adeniji,Ryan Flournoy,1200,17
Hakeem Adeniji,Saahdiq Charles,1200,15
Hakeem Adeniji,TJ Bass,1200,41
Hakeem Adeniji,Tyler Booker,1200,26
Hakeem Adeniji,Tyler Neville,1200,2
Hal Presley,Bailey Zappe,2310,11
Hal Presley,Brashard Smith,2310,3
Hal Presley,C.J. Hanson,2310,26
Hal Presley,Carson Steele,2310,8
Hal Presley,Chris Oladokun,2310,15
Hal Presley,Chukwuebuka Godrick,2310,26
Hal Presley,Dalton Cooper,2310,26
Hal Presley,Elijah Young,2310,14
Hal Presley,Elijhah Badger,2310,17
Hal Presley,Esa Pole,2310,26
Hal Presley,Geor'Quarius Spivey,2310,16
Hal Presley,Jared Wiley,2310,8
Hal Presley,Jimmy Holiday,2310,3
Hal Presley,Joey Lombard,2310,26
Hal Presley,Key'Shawn Smith,2310,20
Hal Presley,Mac Dalena,2310,2
Hal Presley,Michael Wiley,2310,1
Hal Presley,Tre Watson,2310,12
Harold Fannin Jr.,Brenden Bates,1050,1
Harold Fannin Jr.,Cornelius Lucas,1050,6
Harold Fannin Jr.,David Njoku,1050,6
Harold Fannin Jr.,Dawand Jones,1050,10
Harold Fannin Jr.,Diontae Johnson,1050,10
Harold Fannin Jr.,Dylan Sampson,1050,7
Harold Fannin Jr.,Ethan Pocic,1050,5
Harold Fannin Jr.,Gage Larvadain,1050,6
Harold Fannin Jr.,Isaiah Bond,1050,4
Harold Fannin Jr.,Jack Conklin,1050,7
Harold Fannin Jr.,Jackson Barton,1050,9
Harold Fannin Jr.,Jamari Thrash,1050,9
Harold Fannin Jr.,Javion Cohen,1050,6
Harold Fannin Jr.,Jerome Ford,1050,5
Harold Fannin Jr.,Joe Flacco,1050,10
Harold Fannin Jr.,Kaden Davis,1050,12
Harold Fannin Jr.,Luke Floriea,1050,2
Harold Fannin Jr.,Luke Wypler,1050,11
Harold Fannin Jr.,Pierre Strong,1050,2
Harold Fannin Jr.,Shedeur Sanders,1050,6
Harold Fannin Jr.,Teven Jenkins,1050,6
Harold Fannin Jr.,Wyatt Teller,1050,10
Harold Fannin Jr.,Zak Zinter,1050,10
Harold Landry III,Alex Austin,3200,6
Harold Landry III,Carlton Davis III,3200,6
Harold Landry III,Christian Elliss,3200,6
Harold Landry III,Craig Woodson,3200,6
Harold Landry III,Jaylinn Hawkins,3200,6
Harold Landry III,Jeremiah Pharms Jr.,3200,2
Harold Landry III,Keion White,3200,6
Harold Landry III,Khyiris Tonga,3200,6
Harold Landry III,Marcus Jones,3200,4
Harold Landry III,Milton Williams,3200,6
Harold Landry III,Robert Spillane,3200,6
Harrison Bryant,AJ Dillon,3700,13
Harrison Bryant,Ainias Smith,3700,10
Harrison Bryant,Austin Deculus,2120,32
Harrison Bryant,Braxton Berrios,2120,2
Harrison Bryant,Brett Toth,3700,21
Harrison Bryant,British Brooks,2120,9
Harrison Bryant,Conor McDermott,2120,13
Harrison Bryant,Cornell Powell,2120,16
Harrison Bryant,Dameon Pierce,2120,3
Harrison Bryant,Daniel Jackson,2120,10
Harrison Bryant,Dare Ogunbowale,2120,3
Harrison Bryant,Darian Kinnard,3700,16
Harrison Bryant,Darius Cooper,3700,14
Harrison Bryant,Dorian Thompson-Robinson,3700,4
Harrison Bryant,Drew Kendall,3700,21
Harrison Bryant,E.J. Jenkins,3700,1
Harrison Bryant,Eli Cox,2120,25
Harrison Bryant,Elijah Cooks,3700,1
Harrison Bryant,Graham Mertz,2120,12
Harrison Bryant,Grant Calcaterra,3700,6
Harrison Bryant,Irv Smith,2120,1
Harrison Bryant,Jahan Dotson,3700,5
Harrison Bryant,Jakob Johnson,2120,7
Harrison Bryant,Jarrett Patterson,2120,7
Harrison Bryant,Jawhar Jordan,2120,11
Harrison Bryant,Jayden Higgins,2120,5
Harrison Bryant,Jaylin Noel,2120,5
Harrison Bryant,Jaylon Thomas,2120,32
Harrison Bryant,Johnny Wilson,3700,20
Harrison Bryant,Juice Scruggs,2120,7
Harrison Bryant,Justin Watson,2120,4
Harrison Bryant,Juwann Winfree,2120,16
Harrison Bryant,Kedon Slovis,2120,20
Harrison Bryant,Kendall Lamm,3700,11
Harrison Bryant,Kylen Granson,3700,4
Harrison Bryant,LaDarius Henderson,2120,25
Harrison Bryant,Luke Lachey,2120,7
Harrison Bryant,Matt Pryor,3700,21
Harrison Bryant,Montrell Johnson Jr.,3700,1
Harrison Bryant,Myles Hinton,3700,10
Harrison Bryant,Quintez Cephus,2120,20
Harrison Bryant,Tanner McKee,3700,17
Harrison Bryant,Terrace Marshall Jr.,3700,2
Harrison Bryant,Tyler Steen,3700,5
Harrison Bryant,Will Shipley,3700,7
Harrison Bryant,Woody Marks,2120,6
Harrison Bryant,Xavier Hutchinson,2120,3
Harrison Bryant,Zach Thomas,2120,19
Harrison Hand,Caleb Murphy,4400,1
Harrison Hand,Christopher Hinton,4400,14
Harrison Hand,Emany Johnson,4400,18
Harrison Hand,Garmon Randolph,4400,12
Harrison Hand,Ja'Sir Taylor,4400,2
Harrison Hand,Jamaree Caldwell,4400,1
Harrison Hand,Jaylen Jones,4400,3
Harrison Hand,Kana'i Mauga,4400,6
Harrison Hand,Kendall Williamson,4400,15
Harrison Hand,Kylan Guidry,4400,9
Harrison Hand,Kyle Kennard,4400,5
Harrison Hand,Marlowe Wax,4400,12
Harrison Hand,Myles Purchase,4400,15
Harrison Hand,Naquan Jones,4400,3
Harrison Hand,Nesta Jade Silvera,4400,12
Harrison Hand,Nikko Reed,4400,2
Harrison Hand,R.J. Mickens,4400,6
Harrison Hand,TeRah Edwards,4400,16
Harrison Hand,Tony Jefferson,4400,1
Harrison Hand,Tre'Mon Morris-Brash,4400,9
Harrison Hand,Trikweze Bridges,4400,18
Hassan Haskins,Andre James,4400,7
Hassan Haskins,Branson Taylor,4400,8
Hassan Haskins,Brenden Rice,4400,13
Hassan Haskins,Corey Stewart,4400,31
Hassan Haskins,DJ Uiagalelei,4400,4
Hassan Haskins,Dalevon Campbell,4400,20
Hassan Haskins,David Sharpe,4400,2
Hassan Haskins,Derius Davis,4400,4
Hassan Haskins,Dez Fitzpatrick,4400,1
Hassan Haskins,JaQuae Jackson,4400,9
Hassan Haskins,Jalen Reagor,4400,2
Hassan Haskins,Jamaree Salyer,4400,4
Hassan Haskins,Jaylen Johnson,4400,7
Hassan Haskins,Josh Kaltenberger,4400,24
Hassan Haskins,Karsen Barnhart,4400,26
Hassan Haskins,KeAndre Lambert-Smith,4400,7
Hassan Haskins,Luke Grimm,4400,4
Hassan Haskins,Nash Jones,4400,24
Hassan Haskins,Oronde Gadsden II,4400,17
Hassan Haskins,Ryan Nelson,4400,25
Hassan Haskins,Scott Matlock,4400,9
Hassan Haskins,Stevo Klotz,4400,8
Hassan Haskins,Taylor Heinicke,4400,4
Hassan Haskins,Thomas Yassmin,4400,3
Hassan Haskins,Tre Harris,4400,7
Hassan Haskins,Trey Lance,4400,23
Hassan Haskins,Tucker Fisk,4400,13
Hassan Haskins,Zion Johnson,4400,4
Hayden Conner,Andre Baccellia,3800,20
Hayden Conner,Bam Knight,3800,11
Hayden Conner,Bryson Green,3800,13
Hayden Conner,Christian Jones,3800,16
Hayden Conner,Clayton Tune,3800,25
Hayden Conner,DeeJay Dallas,3800,3
Hayden Conner,Elijah Higgins,3800,18
Hayden Conner,Emari Demercado,3800,10
Hayden Conner,Greg Dortch,3800,7
Hayden Conner,Jacoby Brissett,3800,20
Hayden Conner,Jake Curhan,3800,26
Hayden Conner,Jeremiah Byers,3800,17
Hayden Conner,Jon Gaines II,3800,3
Hayden Conner,Josh Fryar,3800,31
Hayden Conner,Josiah Deguara,3800,17
Hayden Conner,McClendon Curtis,3800,14
Hayden Conner,Michael Carter,3800,14
Hayden Conner,Nate McCollum,3800,5
Hayden Conner,Nick Leverett,3800,31
Hayden Conner,Oscar Cardenas,3800,6
Hayden Conner,Royce Newman,3800,28
Hayden Conner,Sincere Haynesworth,3800,14
Hayden Conner,Tejhaun Palmer,3800,29
Hayden Conner,Tip Reiman,3800,2
Hayden Conner,Travis Vokolek,3800,27
Hayden Conner,Trey Benson,3800,7
Hayden Conner,Trishton Jackson,3800,5
Hayden Conner,Xavier Weaver,3800,31
Hayden Rucci,A.J. Henning,2700,19
Hayden Rucci,Aaron Shampklin,2700,9
Hayden Rucci,Addison West,2700,50
Hayden Rucci,Alexander Mattison,2700,5
Hayden Rucci,Andrew Armstrong,2700,43
Hayden Rucci,Braeden Daniels,2700,57
Hayden Rucci,Chris Myarick,2700,26
Hayden Rucci,Daniel Brunskill,2700,14
Hayden Rucci,Dee Eskridge,2700,5
Hayden Rucci,Erik Ezukanma,2700,14
Hayden Rucci,Germain Ifedi,2700,2
Hayden Rucci,Jackson Carman,2700,19
Hayden Rucci,Jalen McKenzie,2700,34
Hayden Rucci,Jaylen Wright,2700,2
Hayden Rucci,Josh Priebe,2700,50
Hayden Rucci,Kion Smith,2700,49
Hayden Rucci,Mason Brooks,2700,3
Hayden Rucci,Mike Boone,2700,20
Hayden Rucci,Monaray Baldwin,2700,9
Hayden Rucci,Ollie Gordon II,2700,28
Hayden Rucci,Pharaoh Brown,2700,13
Hayden Rucci,Quinn Ewers,2700,50
Hayden Rucci,Ryan Hayes,2700,42
Hayden Rucci,Tahj Washington,2700,13
Hayden Rucci,Tarik Black,2700,6
Hayden Rucci,Theo Wease Jr.,2700,44
Hayden Rucci,Zach Wilson,2700,14
Hendon Hooker,Colby Sorsdal,1540,17
Hendon Hooker,Craig Reynolds,1540,13
Hendon Hooker,Dan Skipper,1540,7
Hendon Hooker,Deon Jackson,1540,12
Hendon Hooker,Dominic Lovett,1540,37
Hendon Hooker,Giovanni Manu,1540,86
Hendon Hooker,Gunnar Oakes,1540,2
Hendon Hooker,Gunner Britton,1540,40
Hendon Hooker,Isaac TeSlaa,1540,22
Hendon Hooker,Jabari Small,1540,22
Hendon Hooker,Jackson Meeks,1540,52
Hendon Hooker,Jacob Saylors,1540,39
Hendon Hooker,Jakobie Keeney-James,1540,41
Hendon Hooker,Kayode Awosika,1540,26
Hendon Hooker,Kenny Yeboah,1540,15
Hendon Hooker,Kingsley Eguakun,1540,9
Hendon Hooker,Malik Taylor,1540,13
Hendon Hooker,Mason Miller,1540,79
Hendon Hooker,Michael Niese,1540,60
Hendon Hooker,Netane Muti,1540,7
Hendon Hooker,Ronnie Bell,1540,45
Hendon Hooker,Shane Zylstra,1540,18
Hendon Hooker,Steven Stilianos,1540,16
Hendon Hooker,Tate Ratledge,1540,22
Hendon Hooker,Tom Kennedy,1540,26
Hendon Hooker,Trystan Colon,1540,37
Hendon Hooker,Zach Horton,1540,57
Hendon Hooker,Zack Johnson,1540,40
Henry Black,Billy Bowman Jr.,0200,10
Henry Black,Bralen Trice,0200,22
Henry Black,Brandon Dorlus,0200,13
Henry Black,C.J. Henderson,0200,21
Henry Black,Caleb Johnson,0200,38
Henry Black,Cobee Bryant,0200,25
Henry Black,DeAngelo Malone,0200,52
Henry Black,Dee Alford,0200,19
Henry Black,Dontae Manning,0200,30
Henry Black,JD Bertrand,0200,20
Henry Black,James Pearce Jr.,0200,19
Henry Black,Jordan Fuller,0200,3
Henry Black,Josh Thompson,0200,63
Henry Black,Josh Woods,0200,19
Henry Black,Keith Taylor,0200,18
Henry Black,Kentavius Street,0200,35
Henry Black,Khalid Kareem,0200,35
Henry Black,LaCale London,0200,32
Henry Black,Lamar Jackson,0200,47
Henry Black,Mike Ford,0200,41
Henry Black,Morgan Fox,0200,29
Henry Black,Natrone Brooks,0200,27
Henry Black,Nick Kubitz,0200,39
Henry Black,Ronnie Harrison,0200,31
Henry Black,Ronnie Perkins,0200,16
Henry Black,Ruke Orhorhoro,0200,21
Henry Black,Simeon Barrow Jr.,0200,33
Henry Black,Ta'Quon Graham,0200,6
Henry Black,Zach Harrison,0200,26
Henry Byrd,Ben Yurosek,3000,34
Henry Byrd,Blake Brandel,3000,33
Henry Byrd,Brett Rypien,3000,20
Henry Byrd,Bryson Nesbit,3000,28
Henry Byrd,Giovanni Ricci,3000,19
Henry Byrd,Jalen Nailor,3000,11
Henry Byrd,Jeshaun Jones,3000,19
Henry Byrd,Joe Huber,3000,69
Henry Byrd,Leroy Watson IV,3000,23
Henry Byrd,Lucky Jackson,3000,51
Henry Byrd,Max Brosmer,3000,11
Henry Byrd,Michael Jurgens,3000,69
Henry Byrd,Myles Price,3000,9
Henry Byrd,Nick Vannett,3000,11
Henry Byrd,Sam Howell,3000,38
Henry Byrd,Tai Felton,3000,51
Henry Byrd,Thayer Thomas,3000,30
Henry Byrd,Tim Jones,3000,13
Henry Byrd,Tre Stewart,3000,1
Henry Byrd,Ty Chandler,3000,22
Henry Byrd,Vershon Lee,3000,30
Henry Byrd,Walter Rouse,3000,52
Henry Byrd,Zavier Scott,3000,46
Henry To'oTo'o,Azeez Al-Shaair,2120,9
Henry To'oTo'o,Calen Bullock,2120,9
Henry To'oTo'o,Casey Toohill,2120,2
Henry To'oTo'o,D'Angelo Ross,2120,8
Henry To'oTo'o,Danielle Hunter,2120,7
Henry To'oTo'o,Darrell Taylor,2120,8
Henry To'oTo'o,Derek Stingley Jr.,2120,8
Henry To'oTo'o,Dylan Horton,2120,8
Henry To'oTo'o,E.J. Speed,2120,10
Henry To'oTo'o,Jake Hansen,2120,3
Henry To'oTo'o,Jalen Pitre,2120,9
Henry To'oTo'o,Jaylin Smith,2120,9
Henry To'oTo'o,Junior Tafuna,2120,4
Henry To'oTo'o,Kamari Lassiter,2120,9
Henry To'oTo'o,M.J. Stewart,2120,15
Henry To'oTo'o,Mario Edwards,2120,6
Henry To'oTo'o,Myles Bryant,2120,5
Henry To'oTo'o,Russ Yeast,2120,8
Henry To'oTo'o,Sheldon Rankins,2120,7
Henry To'oTo'o,Solomon Byrd,2120,2
Henry To'oTo'o,Tim Settle,2120,8
Henry To'oTo'o,Tommy Togiai,2120,9
Henry To'oTo'o,Will Anderson Jr.,2120,7
Hjalte Froholdt,Elijah Higgins,3800,9
Hjalte Froholdt,Evan Brown,3800,16
Hjalte Froholdt,Greg Dortch,3800,3
Hjalte Froholdt,Isaiah Adams,3800,16
Hjalte Froholdt,James Conner,3800,7
Hjalte Froholdt,Jonah Williams,3800,16
Hjalte Froholdt,Kyler Murray,3800,16
Hjalte Froholdt,Marvin Harrison Jr.,3800,16
Hjalte Froholdt,Michael Wilson,3800,8
Hjalte Froholdt,Paris Johnson Jr.,3800,16
Hjalte Froholdt,Tip Reiman,3800,11
Hjalte Froholdt,Trey Benson,3800,9
Hjalte Froholdt,Trey McBride,3800,8
Hjalte Froholdt,Zay Jones,3800,9
Hollin Pierce,Ainias Smith,3700,5
Hollin Pierce,Ben VanSumeren,3700,1
Hollin Pierce,Cameron Latu,3700,22
Hollin Pierce,Cameron Williams,3700,36
Hollin Pierce,E.J. Jenkins,3700,6
Hollin Pierce,Elijah Cooks,3700,22
Hollin Pierce,Giles Jackson,3700,14
Hollin Pierce,Ife Adeyi,3700,12
Hollin Pierce,Keilan Robinson,3700,15
Hollin Pierce,Kenyon Green,3700,24
Hollin Pierce,Kyle McCord,3700,36
Hollin Pierce,Laekin Vakalahi,3700,12
Hollin Pierce,Montrell Johnson Jr.,3700,14
Hollin Pierce,Myles Hinton,3700,36
Hollin Pierce,Nick Muse,3700,29
Hollin Pierce,ShunDerrick Powell,3700,7
Hollin Pierce,Taylor Morin,3700,16
Hollin Pierce,Terrace Marshall Jr.,3700,17
Hollin Pierce,Trevor Keegan,3700,36
Howard Cross III,Barrett Carter,0920,47
Howard Cross III,Bralyn Lux,0920,80
Howard Cross III,Cameron Sample,0920,22
Howard Cross III,Craig Young,0920,31
Howard Cross III,D.J. Ivey,0920,63
Howard Cross III,Daijahn Anthony,0920,50
Howard Cross III,Eric Gregory,0920,29
Howard Cross III,Isaiah Thomas,0920,69
Howard Cross III,Jalen Davis,0920,12
Howard Cross III,Jaylen Key,0920,34
Howard Cross III,Joe Giles-Harris,0920,25
Howard Cross III,Lance Robinson,0920,35
Howard Cross III,Maema Njongmeta,0920,40
Howard Cross III,Marco Wilson,0920,32
Howard Cross III,McKinnley Jackson,0920,53
Howard Cross III,McTelvin Agim,0920,9
Howard Cross III,Nate Brooks,0920,65
Howard Cross III,Oren Burks,0920,24
Howard Cross III,PJ Jules,0920,38
Howard Cross III,Raymond Johnson III,0920,67
Howard Cross III,Shaka Heyward,0920,43
Howard Cross III,Shaquan Loyal,0920,27
Howard Cross III,Shemar Stewart,0920,12
Howard Cross III,Taven Bryan,0920,26
Howard Cross III,Tycen Anderson,0920,47
Hudson Clark,Amari Gainer,2520,8
Hudson Clark,Andre Carter II,2520,21
Hudson Clark,Anthony Booker,2520,18
Hudson Clark,Charles Snowden,2520,16
Hudson Clark,Chris Smith II,2520,2
Hudson Clark,Cody Lindenberg,2520,50
Hudson Clark,Darien Porter,2520,5
Hudson Clark,Darnay Holmes,2520,11
Hudson Clark,Decamerion Richardson,2520,5
Hudson Clark,Greedy Vance,2520,19
Hudson Clark,JJ Pegues,2520,43
Hudson Clark,JT Woods,2520,19
Hudson Clark,Jah Joyner,2520,31
Hudson Clark,Jahfari Harvey,2520,19
Hudson Clark,John Humphrey,2520,45
Hudson Clark,Keondre Coburn,2520,16
Hudson Clark,Leki Fotu,2520,6
Hudson Clark,Matt Jones,2520,24
Hudson Clark,Michael Barrett,2520,35
Hudson Clark,Ovie Oghoufo,2520,29
Hudson Clark,Sam Webb,2520,46
Hudson Clark,Tommy Eichenberg,2520,11
Hudson Clark,Tonka Hemingway,2520,11
Hudson Clark,Treven Ma'ae,2520,40
Hudson Clark,Trey Taylor,2520,60
Hudson Clark,Zachary Carter,2520,10
Hunter Henry,Austin Hooper,3200,1
Hunter Henry,DeMario Douglas,3200,4
Hunter Henry,Drake Maye,3200,5
Hunter Henry,Garrett Bradbury,3200,5
Hunter Henry,Jack Westover,3200,2
Hunter Henry,Jared Wilson,3200,5
Hunter Henry,Kayshon Boutte,3200,4
Hunter Henry,Mack Hollins,3200,4
Hunter Henry,Marcus Bryant,3200,5
Hunter Henry,Mike Onwenu,3200,5
Hunter Henry,Rhamondre Stevenson,3200,3
Hunter Henry,TreVeyon Henderson,3200,2
Hunter Henry,Will Campbell,3200,5
Hunter Long,Anton Harrison,2250,3
Hunter Long,Austin Trammell,2250,19
Hunter Long,Bhayshul Tuten,2250,14
Hunter Long,Brenton Strange,2250,1
Hunter Long,Brian Thomas Jr.,2250,4
Hunter Long,Chuma Edoga,2250,3
Hunter Long,Dyami Brown,2250,1
Hunter Long,Ezra Cleveland,2250,4
Hunter Long,Fred Johnson,2250,42
Hunter Long,Johnny Mundt,2250,3
Hunter Long,Jonah Monheim,2250,41
Hunter Long,Joshua Cephus,2250,35
Hunter Long,LeQuint Allen Jr.,2250,12
Hunter Long,Luke Fortner,2250,40
Hunter Long,Nick Mullens,2250,41
Hunter Long,Parker Washington,2250,25
Hunter Long,Patrick Herbert,2250,1
Hunter Long,Patrick Mekari,2250,8
Hunter Long,Ricky Lee,2250,9
Hunter Long,Robert Hainsey,2250,4
Hunter Long,Sal Wormley,2250,40
Hunter Long,Shawn Bowman,2250,6
Hunter Long,Tank Bigsby,2250,16
Hunter Long,Travis Etienne,2250,3
Hunter Long,Travis Hunter,2250,2
Hunter Long,Tremayne Anchrum,2250,1
Hunter Long,Trenton Irwin,2250,38
Hunter Long,Trevor Lawrence,2250,4
Hunter Long,Walker Little,2250,4
Hunter Long,Wyatt Milum,2250,26
Hunter Luepke,Cooper Beebe,1200,5
Hunter Luepke,Hakeem Adeniji,1200,5
Hunter Luepke,Jalen Tolbert,1200,5
Hunter Luepke,Joe Milton III,1200,5
Hunter Luepke,Jonathan Mingo,1200,5
Hunter Luepke,Luke Schoonmaker,1200,5
Hunter Luepke,Miles Sanders,1200,5
Hunter Luepke,Nathan Thomas,1200,5
Hunter Luepke,TJ Bass,1200,5
Hunter Luepke,Tyler Booker,1200,5
Hunter Nourzad,Bailey Zappe,2310,23
Hunter Nourzad,Brashard Smith,2310,32
Hunter Nourzad,C.J. Hanson,2310,72
Hunter Nourzad,Carson Steele,2310,22
Hunter Nourzad,Chris Oladokun,2310,19
Hunter Nourzad,Chukwuebuka Godrick,2310,31
Hunter Nourzad,Elijah Mitchell,2310,22
Hunter Nourzad,Elijhah Badger,2310,2
Hunter Nourzad,Esa Pole,2310,24
Hunter Nourzad,Gardner Minshew,2310,30
Hunter Nourzad,Geor'Quarius Spivey,2310,5
Hunter Nourzad,Jalen Royals,2310,15
Hunter Nourzad,Jared Wiley,2310,33
Hunter Nourzad,Jason Brownlee,2310,46
Hunter Nourzad,Jaylon Moore,2310,26
Hunter Nourzad,Jimmy Holiday,2310,21
Hunter Nourzad,Mac Dalena,2310,16
Hunter Nourzad,Mike Caliendo,2310,72
Hunter Nourzad,Nikko Remigio,2310,39
Hunter Nourzad,Noah Gray,2310,1
Hunter Nourzad,Robert Tonyan,2310,43
Hunter Nourzad,Skyy Moore,2310,30
Hunter Nourzad,Tre Watson,2310,21
Hunter Nourzad,Tyquan Thornton,2310,12
Hunter Nourzad,Wanya Morris,2310,63
Hunter Renfrow,Andy Dalton,0750,4
Hunter Renfrow,Brady Christensen,0750,26
Hunter Renfrow,Brandon Walton,0750,26
Hunter Renfrow,Bryce Pierre,0750,4
Hunter Renfrow,Brycen Tremayne,0750,15
Hunter Renfrow,Cade Mays,0750,11
Hunter Renfrow,Chandler Zavala,0750,15
Hunter Renfrow,David Moore,0750,39
Hunter Renfrow,Dominique Dafney,0750,8
Hunter Renfrow,Ja'Tyre Carter,0750,25
Hunter Renfrow,Jack Plummer,0750,40
Hunter Renfrow,Jacolby George,0750,1
Hunter Renfrow,Jalen Coker,0750,7
Hunter Renfrow,James Mitchell,0750,22
Hunter Renfrow,Jarrett Kingston,0750,44
Hunter Renfrow,Kobe Hudson,0750,10
Hunter Renfrow,Luke Kandra,0750,19
Hunter Renfrow,Michael Tarquin,0750,18
Hunter Renfrow,Mitchell Evans,0750,10
Hunter Renfrow,Raheem Blackshear,0750,22
Hunter Renfrow,Rico Dowdle,0750,4
Hunter Renfrow,Steven Losoya,0750,10
Hunter Renfrow,T.J. Luther,0750,8
Hunter Renfrow,Tetairoa McMillan,0750,4
Hunter Renfrow,Trevor Etienne,0750,18
Hunter Renfrow,Xavier Legette,0750,4
Hunter Renfrow,Yosh Nijman,0750,26
Hunter Wohler,Adetomiwa Adebawore,2200,20
Hunter Wohler,Alex Johnson,2200,13
Hunter Wohler,Austin Ajiake,2200,11
Hunter Wohler,Cameron McGrone,2200,24
Hunter Wohler,Camryn Bynum,2200,12
Hunter Wohler,Charvarius Ward,2200,12
Hunter Wohler,Chris Lammons,2200,17
Hunter Wohler,DeForest Buckner,2200,9
Hunter Wohler,Durell Nchami,2200,18
Hunter Wohler,Eric Johnson,2200,18
Hunter Wohler,Grover Stewart,2200,7
Hunter Wohler,Isaiah Land,2200,20
Hunter Wohler,JT Tuimoloau,2200,23
Hunter Wohler,Joe Bachie,2200,31
Hunter Wohler,Johnathan Edwards,2200,40
Hunter Wohler,Josh Tupou,2200,6
Hunter Wohler,Kwity Paye,2200,1
Hunter Wohler,Laiatu Latu,2200,10
Hunter Wohler,Neville Gallimore,2200,21
Hunter Wohler,Rodney Thomas,2200,33
Hunter Wohler,Samuel Womack,2200,28
Hunter Wohler,Segun Olubi,2200,9
Hunter Wohler,Tim Smith,2200,8
Hunter Wohler,Tyquan Lewis,2200,9
Ian Kennelly,Ahmed Hassanein,1540,26
Ian Kennelly,Al-Quadin Muhammad,1540,31
Ian Kennelly,Allan George,1540,34
Ian Kennelly,Anthony Pittman,1540,70
Ian Kennelly,Avonte Maddox,1540,41
Ian Kennelly,Brodric Martin,1540,45
Ian Kennelly,Chris Smith,1540,57
Ian Kennelly,D.J. Miller,1540,36
Ian Kennelly,DaRon Gilbert,1540,42
Ian Kennelly,Dan Jackson,1540,27
Ian Kennelly,Dicaprio Bootle,1540,35
Ian Kennelly,Erick Hallett,1540,47
Ian Kennelly,Ezekiel Turner,1540,61
Ian Kennelly,Grant Stuard,1540,40
Ian Kennelly,Isaac Ukwu,1540,67
Ian Kennelly,Keith Cooper,1540,82
Ian Kennelly,Loren Strickland,1540,45
Ian Kennelly,Luq Barcoo,1540,4
Ian Kennelly,Mitchell Agude,1540,46
Ian Kennelly,Myles Adams,1540,81
Ian Kennelly,Nate Lynn,1540,50
Ian Kennelly,Nick Whiteside,1540,69
Ian Kennelly,Pat O'Connor,1540,15
Ian Kennelly,Raequan Williams,1540,14
Ian Kennelly,Rock Ya-Sin,1540,54
Ian Kennelly,Trevor Nowaske,1540,77
Ian Kennelly,Tyleik Williams,1540,14
Ian Kennelly,Tyson Russell,1540,78
Ian Kennelly,Zach Cunningham,1540,32
Ian Thomas,Aidan O'Connell,2520,29
Ian Thomas,Alex Bachman,2520,34
Ian Thomas,Alex Cappa,2520,8
Ian Thomas,Ashton Jeanty,2520,3
Ian Thomas,Atonio Mafi,2520,16
Ian Thomas,Brock Bowers,2520,2
Ian Thomas,Caleb Rogers,2520,34
Ian Thomas,Cam Miller,2520,5
Ian Thomas,Charles Grant,2520,33
Ian Thomas,Collin Johnson,2520,19
Ian Thomas,DJ Glaze,2520,3
Ian Thomas,Dont'e Thornton Jr.,2520,15
Ian Thomas,Dylan Parham,2520,2
Ian Thomas,Geno Smith,2520,2
Ian Thomas,Jack Bech,2520,34
Ian Thomas,Jackson Powers-Johnson,2520,12
Ian Thomas,Jordan Meredith,2520,12
Ian Thomas,Kolton Miller,2520,2
Ian Thomas,Michael Mayer,2520,2
Ian Thomas,Raheem Mostert,2520,14
Ian Thomas,Sincere McCormick,2520,6
Ian Thomas,Thayer Munford Jr.,2520,36
Ian Thomas,Will Putnam,2520,24
Ian Thomas,Zamir White,2520,13
Ian Wheeler,Austin Reed,0810,29
Ian Wheeler,Case Keenum,0810,8
Ian Wheeler,Chris Glaser,0810,30
Ian Wheeler,Durham Smythe,0810,12
Ian Wheeler,JP Richardson,0810,21
Ian Wheeler,Jahdae Walker,0810,33
Ian Wheeler,Joel Wilson,0810,42
Ian Wheeler,John Jackson,0810,11
Ian Wheeler,Jordan McFadden,0810,51
Ian Wheeler,Joshua Miles,0810,37
Ian Wheeler,Kiran Amegadjie,0810,17
Ian Wheeler,Luke Newman,0810,35
Ian Wheeler,Luther Burden III,0810,19
Ian Wheeler,Maurice Alexander,0810,28
Ian Wheeler,Ozzy Trapilo,0810,34
Ian Wheeler,Ricky Stromberg,0810,37
Ian Wheeler,Ryan Bates,0810,21
Ian Wheeler,Samori Toure,0810,23
Ian Wheeler,Stephen Carlson,0810,10
Ian Wheeler,Theo Benedet,0810,28
Ian Wheeler,Thomas Gordon,0810,12
Ian Wheeler,Tyler Scott,0810,21
Ian Wheeler,Tyson Bagent,0810,21
Ife Adeyi,Brett Toth,3700,9
Ife Adeyi,Cameron Latu,3700,12
Ife Adeyi,Cameron Williams,3700,21
Ife Adeyi,Drew Kendall,3700,9
Ife Adeyi,E.J. Jenkins,3700,3
Ife Adeyi,Elijah Cooks,3700,3
Ife Adeyi,Giles Jackson,3700,18
Ife Adeyi,Hollin Pierce,3700,12
Ife Adeyi,Keilan Robinson,3700,16
Ife Adeyi,Kenyon Green,3700,4
Ife Adeyi,Kyle McCord,3700,21
Ife Adeyi,Laekin Vakalahi,3700,8
Ife Adeyi,Montrell Johnson Jr.,3700,3
Ife Adeyi,Myles Hinton,3700,21
Ife Adeyi,Nick Muse,3700,11
Ife Adeyi,ShunDerrick Powell,3700,2
Ife Adeyi,Taylor Morin,3700,16
Ife Adeyi,Trevor Keegan,3700,21
Ifeatu Melifonwu,Benito Jones,2700,17
Ifeatu Melifonwu,Bradley Chubb,2700,7
Ifeatu Melifonwu,Cameron Goode,2700,15
Ifeatu Melifonwu,Channing Tindall,2700,10
Ifeatu Melifonwu,Chop Robinson,2700,7
Ifeatu Melifonwu,Cornell Armstrong,2700,8
Ifeatu Melifonwu,Dante Trader Jr.,2700,5
Ifeatu Melifonwu,Dequan Jackson,2700,3
Ifeatu Melifonwu,Derrick McLendon,2700,14
Ifeatu Melifonwu,Elijah Campbell,2700,22
Ifeatu Melifonwu,Ethan Bonner,2700,9
Ifeatu Melifonwu,Eugene Asante,2700,5
Ifeatu Melifonwu,Grayson Murphy,2700,25
Ifeatu Melifonwu,Jack Jones,2700,23
Ifeatu Melifonwu,Jaelan Phillips,2700,6
Ifeatu Melifonwu,Jason Marshall Jr.,2700,12
Ifeatu Melifonwu,Jordan Phillips,2700,24
Ifeatu Melifonwu,Jordyn Brooks,2700,1
Ifeatu Melifonwu,K.J. Britt,2700,35
Ifeatu Melifonwu,Kendall Sheffield,2700,25
Ifeatu Melifonwu,Kenneth Grant,2700,28
Ifeatu Melifonwu,Matt Dickerson,2700,6
Ifeatu Melifonwu,Matthew Butler,2700,32
Ifeatu Melifonwu,Matthew Judon,2700,6
Ifeatu Melifonwu,Mike Hilton,2700,11
Ifeatu Melifonwu,Minkah Fitzpatrick,2700,7
Ifeatu Melifonwu,Patrick McMorris,2700,17
Ifeatu Melifonwu,Quinton Bell,2700,20
Ifeatu Melifonwu,Storm Duck,2700,43
Ifeatu Melifonwu,Tyrel Dodson,2700,7
Ifeatu Melifonwu,Willie Gay Jr.,2700,41
Ifeatu Melifonwu,Zach Sieler,2700,7
Ifeatu Melifonwu,Zeek Biggers,2700,2
Ihmir Smith-Marsette,Aaron Stinnie,3410,15
Ihmir Smith-Marsette,Austin Schlottmann,3410,17
Ihmir Smith-Marsette,Beaux Collins,3410,6
Ihmir Smith-Marsette,Bryan Hudson,3410,9
Ihmir Smith-Marsette,Cam Skattebo,3410,1
Ihmir Smith-Marsette,Da'Quan Felton,3410,4
Ihmir Smith-Marsette,Dalen Cambre,3410,1
Ihmir Smith-Marsette,Dante Miller,3410,9
Ihmir Smith-Marsette,Evan Neal,3410,9
Ihmir Smith-Marsette,Greg Dulcich,3410,6
Ihmir Smith-Marsette,Gunner Olszewski,3410,11
Ihmir Smith-Marsette,Jake Kubas,3410,4
Ihmir Smith-Marsette,Jalin Hyatt,3410,7
Ihmir Smith-Marsette,Jameis Winston,3410,11
Ihmir Smith-Marsette,Jaxson Dart,3410,6
Ihmir Smith-Marsette,Jermaine Terry,3410,4
Ihmir Smith-Marsette,Jonathan Ward,3410,8
Ihmir Smith-Marsette,Jordan Bly,3410,4
Ihmir Smith-Marsette,Joshua Ezeudu,3410,9
Ihmir Smith-Marsette,Lil'Jordan Humphrey,3410,3
Ihmir Smith-Marsette,Marcus Mbow,3410,18
Ihmir Smith-Marsette,Stone Forsythe,3410,9
Ihmir Smith-Marsette,Thomas Fidone II,3410,8
Ihmir Smith-Marsette,Zach Pascal,3410,1
Ikem Ekwonu,Adam Thielen,0750,12
Ikem Ekwonu,Austin Corbett,0750,16
Ikem Ekwonu,Bryce Young,0750,16
Ikem Ekwonu,Brycen Tremayne,0750,2
Ikem Ekwonu,Cade Mays,0750,5
Ikem Ekwonu,Chuba Hubbard,0750,10
Ikem Ekwonu,David Moore,0750,1
Ikem Ekwonu,Ja'Tavion Sanders,0750,12
Ikem Ekwonu,Ja'Tyre Carter,0750,11
Ikem Ekwonu,Jalen Coker,0750,6
Ikem Ekwonu,Mitchell Evans,0750,8
Ikem Ekwonu,Rico Dowdle,0750,6
Ikem Ekwonu,Robert Hunt,0750,16
Ikem Ekwonu,Taylor Moton,0750,16
Ikem Ekwonu,Tetairoa McMillan,0750,15
Ikem Ekwonu,Xavier Legette,0750,8
Irv Smith,Austin Deculus,2120,32
Irv Smith,Braxton Berrios,2120,9
Irv Smith,Conor McDermott,2120,6
Irv Smith,Cornell Powell,2120,4
Irv Smith,Dameon Pierce,2120,5
Irv Smith,Daniel Jackson,2120,4
Irv Smith,Dare Ogunbowale,2120,1
Irv Smith,Davis Mills,2120,6
Irv Smith,Eli Cox,2120,6
Irv Smith,Graham Mertz,2120,14
Irv Smith,Harrison Bryant,2120,1
Irv Smith,Jakob Johnson,2120,2
Irv Smith,Jarrett Patterson,2120,26
Irv Smith,Jawhar Jordan,2120,12
Irv Smith,Jayden Higgins,2120,13
Irv Smith,Jaylin Noel,2120,9
Irv Smith,Jaylon Thomas,2120,30
Irv Smith,John Metchie III,2120,8
Irv Smith,Juice Scruggs,2120,26
Irv Smith,Justin Watson,2120,9
Irv Smith,Juwann Winfree,2120,6
Irv Smith,Kedon Slovis,2120,12
Irv Smith,LaDarius Henderson,2120,8
Irv Smith,Luke Lachey,2120,12
Irv Smith,Quintez Cephus,2120,10
Irv Smith,Woody Marks,2120,14
Irv Smith,Xavier Hutchinson,2120,5
Irv Smith,Xavier Johnson,2120,4
Irv Smith,Zach Thomas,2120,26
Isaac Alarcon,Ameer Abdullah,4500,5
Isaac Alarcon,Austen Pleasants,4500,21
Isaac Alarcon,Brayden Willis,4500,58
Isaac Alarcon,Carter Bradley,4500,56
Isaac Alarcon,Connor Colby,4500,26
Isaac Alarcon,Corey Kiner,4500,17
Isaac Alarcon,Demarcus Robinson,4500,8
Isaac Alarcon,Drake Nugent,4500,85
Isaac Alarcon,Drew Moss,4500,83
Isaac Alarcon,Isaac Guerendo,4500,7
Isaac Alarcon,Isaiah Hodgins,4500,24
Isaac Alarcon,Isaiah Prince,4500,64
Isaac Alarcon,Jake Tonges,4500,69
Isaac Alarcon,Jeff Wilson,4500,32
Isaac Alarcon,Jordan Watkins,4500,9
Isaac Alarcon,Junior Bergen,4500,29
Isaac Alarcon,Ke'Shawn Vaughn,4500,26
Isaac Alarcon,Luke Farrell,4500,1
Isaac Alarcon,Malik Turner,4500,38
Isaac Alarcon,Michael Dunn,4500,23
Isaac Alarcon,Nick Zakelj,4500,38
Isaac Alarcon,Robbie Chosen,4500,61
Isaac Alarcon,Skyy Moore,4500,15
Isaac Alarcon,Tanner Mordecai,4500,29
Isaac Alarcon,Terique Owens,4500,26
Isaac Gifford,Akayleb Evans,0750,4
Isaac Gifford,Bam Martin-Scott,0750,34
Isaac Gifford,Cam Jackson,0750,31
Isaac Gifford,Carlos Basham,0750,43
Isaac Gifford,Claudin Cherelus,0750,2
Isaac Gifford,Corey Thornton,0750,4
Isaac Gifford,DJ Johnson,0750,6
Isaac Gifford,Demani Richardson,0750,5
Isaac Gifford,J.J. Weaver,0750,30
Isaac Gifford,JaTravis Broughton,0750,40
Isaac Gifford,Jack Henderson,0750,48
Isaac Gifford,Jacoby Windmon,0750,33
Isaac Gifford,Jaden Crumedy,0750,37
Isaac Gifford,Jared Harrison-Hunte,0750,42
Isaac Gifford,Jon Rhattigan,0750,12
Isaac Gifford,Krys Barnes,0750,28
Isaac Gifford,Lathan Ransom,0750,17
Isaac Gifford,Mapalo Mwansa,0750,13
Isaac Gifford,Mello Dotson,0750,42
Isaac Gifford,Michael Reid,0750,12
Isaac Gifford,Princely Umanmielen,0750,7
Isaac Gifford,Sam Roberts,0750,39
Isaac Gifford,Shemar Bartholomew,0750,5
Isaac Gifford,Thomas Incoom,0750,37
Isaac Gifford,Tre Swilling,0750,35
Isaac Gifford,Trevian Thomas,0750,24
Isaac Guerendo,Austen Pleasants,4500,19
Isaac Guerendo,Brayden Willis,4500,11
Isaac Guerendo,Carter Bradley,4500,12
Isaac Guerendo,Connor Colby,4500,14
Isaac Guerendo,Demarcus Robinson,4500,18
Isaac Guerendo,Drake Nugent,4500,7
Isaac Guerendo,Drew Moss,4500,5
Isaac Guerendo,Isaac Alarcon,4500,7
Isaac Guerendo,Jake Tonges,4500,7
Isaac Guerendo,Luke Farrell,4500,9
Isaac Guerendo,Malik Turner,4500,6
Isaac Guerendo,Matt Hennessy,4500,12
Isaac Guerendo,Nick Zakelj,4500,19
Isaac Guerendo,Robbie Chosen,4500,13
Isaac Guerendo,Skyy Moore,4500,12
Isaac Guerendo,Spencer Burford,4500,12
Isaac Guerendo,Tanner Mordecai,4500,7
Isaac TeSlaa,Colby Sorsdal,1540,8
Isaac TeSlaa,Craig Reynolds,1540,52
Isaac TeSlaa,Dan Skipper,1540,69
Isaac TeSlaa,Dominic Lovett,1540,31
Isaac TeSlaa,Giovanni Manu,1540,42
Isaac TeSlaa,Hendon Hooker,1540,22
Isaac TeSlaa,Jabari Small,1540,22
Isaac TeSlaa,Jackson Meeks,1540,48
Isaac TeSlaa,Jacob Saylors,1540,7
Isaac TeSlaa,Jamarco Jones,1540,60
Isaac TeSlaa,Kayode Awosika,1540,83
Isaac TeSlaa,Kenny Yeboah,1540,24
Isaac TeSlaa,Kingsley Eguakun,1540,79
Isaac TeSlaa,Kyle Allen,1540,77
Isaac TeSlaa,Mason Miller,1540,27
Isaac TeSlaa,Michael Niese,1540,8
Isaac TeSlaa,Netane Muti,1540,77
Isaac TeSlaa,Shane Zylstra,1540,66
Isaac TeSlaa,Sione Vaki,1540,18
Isaac TeSlaa,Tate Ratledge,1540,22
Isaac TeSlaa,Tom Kennedy,1540,93
Isaac TeSlaa,Trystan Colon,1540,20
Isaac TeSlaa,Zach Horton,1540,35
Isaac Ukwu,Ahmed Hassanein,1540,10
Isaac Ukwu,Al-Quadin Muhammad,1540,2
Isaac Ukwu,Allan George,1540,38
Isaac Ukwu,Anthony Pittman,1540,61
Isaac Ukwu,Avonte Maddox,1540,25
Isaac Ukwu,Brodric Martin,1540,51
Isaac Ukwu,Chris Smith,1540,40
Isaac Ukwu,D.J. Miller,1540,25
Isaac Ukwu,DaRon Gilbert,1540,47
Isaac Ukwu,Dan Jackson,1540,20
Isaac Ukwu,Dicaprio Bootle,1540,23
Isaac Ukwu,Ennis Rakestraw Jr.,1540,2
Isaac Ukwu,Erick Hallett,1540,62
Isaac Ukwu,Ezekiel Turner,1540,53
Isaac Ukwu,Grant Stuard,1540,21
Isaac Ukwu,Ian Kennelly,1540,67
Isaac Ukwu,Keith Cooper,1540,60
Isaac Ukwu,Loren Strickland,1540,54
Isaac Ukwu,Luq Barcoo,1540,10
Isaac Ukwu,Mitchell Agude,1540,40
Isaac Ukwu,Morice Norris Jr.,1540,14
Isaac Ukwu,Myles Adams,1540,66
Isaac Ukwu,Nate Lynn,1540,35
Isaac Ukwu,Nick Whiteside,1540,63
Isaac Ukwu,Pat O'Connor,1540,1
Isaac Ukwu,Raequan Williams,1540,10
Isaac Ukwu,Rock Ya-Sin,1540,27
Isaac Ukwu,Trevor Nowaske,1540,56
Isaac Ukwu,Tyson Russell,1540,57
Isaac Ukwu,Zach Cunningham,1540,10
Isaac Yiadom,Bryan Bresee,3300,25
Isaac Yiadom,Cameron Jordan,3300,12
Isaac Yiadom,Carl Granderson,3300,12
Isaac Yiadom,Chase Young,3300,11
Isaac Yiadom,Chris Rumph II,3300,23
Isaac Yiadom,D'Marco Jackson,3300,28
Isaac Yiadom,Danny Stutsman,3300,27
Isaac Yiadom,Davon Godchaux,3300,11
Isaac Yiadom,Demario Davis,3300,19
Isaac Yiadom,Fadil Diggs,3300,20
Isaac Yiadom,Isaiah Foskey,3300,22
Isaac Yiadom,Jonah Williams,3300,16
Isaac Yiadom,Jonas Sanker,3300,17
Isaac Yiadom,Jonathan Bullard,3300,15
Isaac Yiadom,Jordan Howden,3300,32
Isaac Yiadom,Julian Blackmon,3300,27
Isaac Yiadom,Justin Reid,3300,18
Isaac Yiadom,Khalen Saunders,3300,17
Isaac Yiadom,Khristian Boyd,3300,8
Isaac Yiadom,Kool-Aid McKinstry,3300,27
Isaac Yiadom,Nathan Shepherd,3300,18
Isaac Yiadom,Nephi Sewell,3300,5
Isaac Yiadom,Pete Werner,3300,14
Isaac Yiadom,Quincy Riley,3300,22
Isaac Yiadom,Terrell Burgess,3300,8
Isaac Yiadom,Ugo Amadi,3300,28
Isaac Yiadom,Vernon Broughton,3300,8
Isaiah Adams,Elijah Higgins,3800,9
Isaiah Adams,Evan Brown,3800,16
Isaiah Adams,Greg Dortch,3800,3
Isaiah Adams,Hjalte Froholdt,3800,16
Isaiah Adams,James Conner,3800,7
Isaiah Adams,Jonah Williams,3800,16
Isaiah Adams,Kyler Murray,3800,16
Isaiah Adams,Marvin Harrison Jr.,3800,16
Isaiah Adams,Michael Wilson,3800,8
Isaiah Adams,Paris Johnson Jr.,3800,16
Isaiah Adams,Tip Reiman,3800,11
Isaiah Adams,Trey Benson,3800,9
Isaiah Adams,Trey McBride,3800,8
Isaiah Adams,Zay Jones,3800,9
Isaiah Bolden,Anfernee Jennings,3200,4
Isaiah Bolden,Bradyn Swinson,3200,22
Isaiah Bolden,Brandon Crossley,3200,13
Isaiah Bolden,Bryce Ganious,3200,4
Isaiah Bolden,Cam Riley,3200,14
Isaiah Bolden,David Olajiga,3200,12
Isaiah Bolden,Dell Pettus,3200,23
Isaiah Bolden,Elijah Ponder,3200,20
Isaiah Bolden,Jahvaree Ritzie,3200,22
Isaiah Bolden,Jeremiah Pharms Jr.,3200,5
Isaiah Bolden,Jordan Polk,3200,8
Isaiah Bolden,Josh Minkins,3200,4
Isaiah Bolden,Kobee Minor,3200,11
Isaiah Bolden,Kyle Dugger,3200,22
Isaiah Bolden,Kyle Peko,3200,12
Isaiah Bolden,Marcus Epps,3200,25
Isaiah Bolden,Monty Rice,3200,24
Isaiah Bolden,Philip Blidi,3200,5
Isaiah Bolden,R.J. Moten,3200,16
Isaiah Bolden,Tre Avery,3200,4
Isaiah Bolden,Truman Jones,3200,10
Isaiah Bond,Ahmani Marshall,1050,1
Isaiah Bond,Blake Whiteheart,1050,3
Isaiah Bond,David Njoku,1050,4
Isaiah Bond,Dawand Jones,1050,5
Isaiah Bond,Dillon Gabriel,1050,3
Isaiah Bond,Diontae Johnson,1050,7
Isaiah Bond,Ethan Pocic,1050,2
Isaiah Bond,Gage Larvadain,1050,1
Isaiah Bond,Harold Fannin Jr.,1050,4
Isaiah Bond,Jack Conklin,1050,2
Isaiah Bond,Jackson Barton,1050,6
Isaiah Bond,Jamari Thrash,1050,2
Isaiah Bond,Jason Ivey,1050,3
Isaiah Bond,Jerome Ford,1050,3
Isaiah Bond,Joe Flacco,1050,5
Isaiah Bond,Kaden Davis,1050,3
Isaiah Bond,Luke Wypler,1050,6
Isaiah Bond,Pierre Strong,1050,4
Isaiah Bond,Teven Jenkins,1050,3
Isaiah Bond,Wyatt Teller,1050,5
Isaiah Bond,Zak Zinter,1050,8
Isaiah Davis,Alijah Vera-Tucker,3430,3
Isaiah Davis,Allen Lazard,3430,4
Isaiah Davis,Andrew Beck,3430,5
Isaiah Davis,Arian Smith,3430,6
Isaiah Davis,Armand Membou,3430,9
Isaiah Davis,Brady Cook,3430,10
Isaiah Davis,Brandon Smith,3430,4
Isaiah Davis,Chukwuma Okorafor,3430,4
Isaiah Davis,Garrett Wilson,3430,3
Isaiah Davis,Jeremy Ruckert,3430,9
Isaiah Davis,Joe Tippmann,3430,3
Isaiah Davis,Josh Myers,3430,9
Isaiah Davis,Josh Reynolds,3430,3
Isaiah Davis,Justin Fields,3430,3
Isaiah Davis,Kohl Levao,3430,10
Isaiah Davis,Malachi Corley,3430,6
Isaiah Davis,Marquis Hayes,3430,4
Isaiah Davis,Max Mitchell,3430,10
Isaiah Davis,Olumuyiwa Fashanu,3430,3
Isaiah Davis,Stone Smartt,3430,3
Isaiah Davis,Tyler Johnson,3430,8
Isaiah Davis,Xavier Newman-Johnson,3430,10
Isaiah Davis,Zack Kuntz,3430,1
Isaiah Dunn,Arron Mosby,1800,18
Isaiah Dunn,Barryn Sorrell,1800,24
Isaiah Dunn,Colby Wooden,1800,3
Isaiah Dunn,Corey Ballentine,1800,11
Isaiah Dunn,Deslin Alexandre,1800,9
Isaiah Dunn,Garnett Hollis Jr.,1800,5
Isaiah Dunn,Isaiah Simmons,1800,6
Isaiah Dunn,James Ester,1800,10
Isaiah Dunn,Jamon Johnson,1800,22
Isaiah Dunn,Jared Bartlett,1800,15
Isaiah Dunn,Johnathan Baldwin,1800,28
Isaiah Dunn,Kalen King,1800,9
Isaiah Dunn,Karl Brooks,1800,4
Isaiah Dunn,Keith Randolph Jr.,1800,6
Isaiah Dunn,Kingsley Enagbare,1800,5
Isaiah Dunn,Kitan Oladapo,1800,11
Isaiah Dunn,Kristian Welch,1800,18
Isaiah Dunn,Micah Robinson,1800,11
Isaiah Dunn,Nazir Stackhouse,1800,15
Isaiah Dunn,Omar Brown,1800,12
Isaiah Dunn,Ty'Ron Hopper,1800,6
Isaiah Dunn,Tyron Herring,1800,14
Isaiah Dunn,Warren Brinson,1800,18
Isaiah Foskey,Bryan Bresee,3300,5
Isaiah Foskey,Chris Rumph II,3300,42
Isaiah Foskey,D'Marco Jackson,3300,37
Isaiah Foskey,Dalys Beanum,3300,25
Isaiah Foskey,Danny Stutsman,3300,43
Isaiah Foskey,Elliott Davison,3300,31
Isaiah Foskey,Fadil Diggs,3300,41
Isaiah Foskey,Isaac Yiadom,3300,22
Isaiah Foskey,Isaiah Stalbird,3300,37
Isaiah Foskey,Jasheen Davis,3300,16
Isaiah Foskey,Jayden Peevy,3300,21
Isaiah Foskey,Jayden Price,3300,27
Isaiah Foskey,Jaylan Ford,3300,41
Isaiah Foskey,Jeremiah Martin,3300,3
Isaiah Foskey,John Ridgeway,3300,25
Isaiah Foskey,Jonah Williams,3300,49
Isaiah Foskey,Jonas Sanker,3300,82
Isaiah Foskey,Jonathan Bullard,3300,21
Isaiah Foskey,Jordan Howden,3300,60
Isaiah Foskey,Julian Blackmon,3300,5
Isaiah Foskey,Khalen Saunders,3300,18
Isaiah Foskey,Khristian Boyd,3300,25
Isaiah Foskey,Kool-Aid McKinstry,3300,5
Isaiah Foskey,Nathan Shepherd,3300,5
Isaiah Foskey,Nephi Sewell,3300,29
Isaiah Foskey,Omari Thomas,3300,23
Isaiah Foskey,Quincy Riley,3300,71
Isaiah Foskey,Rejzohn Wright,3300,42
Isaiah Foskey,Rico Payton,3300,27
Isaiah Foskey,Terrell Burgess,3300,20
Isaiah Foskey,Tyreem Powell,3300,14
Isaiah Foskey,Ugo Amadi,3300,45
Isaiah Foskey,Vernon Broughton,3300,53
Isaiah Hodgins,Ameer Abdullah,4500,4
Isaiah Hodgins,Austen Pleasants,4500,10
Isaiah Hodgins,Brayden Willis,4500,25
Isaiah Hodgins,Brock Purdy,4500,2
Isaiah Hodgins,Carter Bradley,4500,14
Isaiah Hodgins,Colton McKivitz,4500,2
Isaiah Hodgins,Connor Colby,4500,33
Isaiah Hodgins,Corey Kiner,4500,14
Isaiah Hodgins,Demarcus Robinson,4500,6
Isaiah Hodgins,Dominick Puni,4500,2
Isaiah Hodgins,Drake Nugent,4500,24
Isaiah Hodgins,Drew Moss,4500,24
Isaiah Hodgins,George Kittle,4500,2
Isaiah Hodgins,Isaac Alarcon,4500,24
Isaiah Hodgins,Isaiah Prince,4500,29
Isaiah Hodgins,Jake Brendel,4500,2
Isaiah Hodgins,Jake Tonges,4500,25
Isaiah Hodgins,Jeff Wilson,4500,8
Isaiah Hodgins,Jordan Watkins,4500,4
Isaiah Hodgins,Junior Bergen,4500,7
Isaiah Hodgins,Ke'Shawn Vaughn,4500,13
Isaiah Hodgins,Kyle Juszczyk,4500,2
Isaiah Hodgins,Luke Farrell,4500,6
Isaiah Hodgins,Mac Jones,4500,15
Isaiah Hodgins,Malik Turner,4500,1
Isaiah Hodgins,Matt Hennessy,4500,15
Isaiah Hodgins,Michael Dunn,4500,5
Isaiah Hodgins,Nick Zakelj,4500,18
Isaiah Hodgins,Patrick Taylor,4500,2
Isaiah Hodgins,Robbie Chosen,4500,25
Isaiah Hodgins,Russell Gage,4500,14
Isaiah Hodgins,Skyy Moore,4500,3
Isaiah Hodgins,Spencer Burford,4500,17
Isaiah Hodgins,Tanner Mordecai,4500,10
Isaiah Hodgins,Terique Owens,4500,3
Isaiah Iton,Alex Austin,3200,18
Isaiah Iton,Anfernee Jennings,3200,17
Isaiah Iton,Bradyn Swinson,3200,15
Isaiah Iton,Brandon Crossley,3200,8
Isaiah Iton,Brenden Schooler,3200,2
Isaiah Iton,Cam Riley,3200,10
Isaiah Iton,Christian Elliss,3200,5
Isaiah Iton,Craig Woodson,3200,26
Isaiah Iton,DJ James,3200,15
Isaiah Iton,David Olajiga,3200,4
Isaiah Iton,Dell Pettus,3200,12
Isaiah Iton,Elijah Ponder,3200,11
Isaiah Iton,Jabrill Peppers,3200,5
Isaiah Iton,Jack Gibbens,3200,22
Isaiah Iton,Jahvaree Ritzie,3200,2
Isaiah Iton,Jaylinn Hawkins,3200,11
Isaiah Iton,Jeremiah Pharms Jr.,3200,16
Isaiah Iton,Jordan Polk,3200,8
Isaiah Iton,Josh Minkins,3200,1
Isaiah Iton,Joshua Farmer,3200,21
Isaiah Iton,K'Lavon Chaisson,3200,5
Isaiah Iton,Keion White,3200,9
Isaiah Iton,Kobee Minor,3200,25
Isaiah Iton,Kyle Dugger,3200,15
Isaiah Iton,Kyle Peko,3200,5
Isaiah Iton,Marcus Epps,3200,17
Isaiah Iton,Marcus Jones,3200,5
Isaiah Iton,Marte Mapu,3200,22
Isaiah Iton,Miles Battle,3200,28
Isaiah Iton,Milton Williams,3200,5
Isaiah Iton,Monty Rice,3200,14
Isaiah Iton,Robert Spillane,3200,5
Isaiah Iton,Tre Avery,3200,1
Isaiah Iton,Truman Jones,3200,25
Isaiah Johnson,Alex Huntley,2700,27
Isaiah Johnson,BJ Adams,2700,32
Isaiah Johnson,Ben Stille,2700,28
Isaiah Johnson,Cam Smith,2700,36
Isaiah Johnson,Cameron Dantzler,2700,10
Isaiah Johnson,Cameron Goode,2700,37
Isaiah Johnson,Channing Tindall,2700,65
Isaiah Johnson,Chop Robinson,2700,4
Isaiah Johnson,Cornell Armstrong,2700,12
Isaiah Johnson,Dequan Jackson,2700,41
Isaiah Johnson,Derrick McLendon,2700,45
Isaiah Johnson,Elijah Campbell,2700,14
Isaiah Johnson,Ethan Robinson,2700,25
Isaiah Johnson,Eugene Asante,2700,25
Isaiah Johnson,Grayson Murphy,2700,44
Isaiah Johnson,Jack Jones,2700,8
Isaiah Johnson,Jason Marshall Jr.,2700,19
Isaiah Johnson,John Saunders Jr.,2700,47
Isaiah Johnson,Jordan Colbert,2700,42
Isaiah Johnson,Jordan Phillips,2700,25
Isaiah Johnson,K.J. Britt,2700,9
Isaiah Johnson,Matt Dickerson,2700,35
Isaiah Johnson,Matthew Butler,2700,15
Isaiah Johnson,Matthew Judon,2700,4
Isaiah Johnson,Mike Hilton,2700,5
Isaiah Johnson,Mohamed Kamara,2700,5
Isaiah Johnson,Patrick McMorris,2700,34
Isaiah Johnson,Quinton Bell,2700,11
Isaiah Johnson,Zeek Biggers,2700,46
Isaiah Land,Adetomiwa Adebawore,2200,16
Isaiah Land,Alex Johnson,2200,44
Isaiah Land,Austin Ajiake,2200,31
Isaiah Land,BJ Mayes,2200,18
Isaiah Land,Cameron McGrone,2200,16
Isaiah Land,Chris Lammons,2200,22
Isaiah Land,Daniel Scott,2200,49
Isaiah Land,Desmond Little,2200,17
Isaiah Land,Devonta Davis,2200,16
Isaiah Land,Duke Shelley,2200,27
Isaiah Land,Durell Nchami,2200,28
Isaiah Land,Eric Johnson,2200,35
Isaiah Land,Hunter Wohler,2200,20
Isaiah Land,JT Tuimoloau,2200,27
Isaiah Land,Jacob Phillips,2200,6
Isaiah Land,Joe Bachie,2200,11
Isaiah Land,Johnathan Edwards,2200,39
Isaiah Land,Josh Tupou,2200,32
Isaiah Land,Julius Brents,2200,5
Isaiah Land,Ladarius Tennison,2200,11
Isaiah Land,Marcus Haynes,2200,11
Isaiah Land,Neville Gallimore,2200,14
Isaiah Land,Rodney Thomas,2200,28
Isaiah Land,Samuel Womack,2200,29
Isaiah Land,Segun Olubi,2200,55
Isaiah Land,Solomon DeShields,2200,22
Isaiah Land,Tim Smith,2200,26
Isaiah Land,Tre Herndon,2200,9
Isaiah Land,Trey Washington,2200,45
Isaiah McDuffie,Brenton Cox Jr.,1800,2
Isaiah McDuffie,Carrington Valentine,1800,13
Isaiah McDuffie,Colby Wooden,1800,4
Isaiah McDuffie,Devonte Wyatt,1800,9
Isaiah McDuffie,Edgerrin Cooper,1800,13
Isaiah McDuffie,Evan Williams,1800,13
Isaiah McDuffie,Isaiah Simmons,1800,4
Isaiah McDuffie,Javon Bullard,1800,13
Isaiah McDuffie,Karl Brooks,1800,4
Isaiah McDuffie,Keisean Nixon,1800,13
Isaiah McDuffie,Kenny Clark,1800,9
Isaiah McDuffie,Kingsley Enagbare,1800,1
Isaiah McDuffie,Kitan Oladapo,1800,2
Isaiah McDuffie,Lukas Van Ness,1800,12
Isaiah McDuffie,Quay Walker,1800,3
Isaiah McDuffie,Rashan Gary,1800,11
Isaiah McDuffie,Zayne Anderson,1800,4
Isaiah McGuire,Adin Huntington,1050,1
Isaiah McGuire,Alex Wright,1050,15
Isaiah McGuire,Cameron Mitchell,1050,21
Isaiah McGuire,Cameron Thomas,1050,3
Isaiah McGuire,Carson Schwesinger,1050,16
Isaiah McGuire,Chigozie Anusiem,1050,8
Isaiah McGuire,Damontae Kazee,1050,8
Isaiah McGuire,Devin Bush,1050,19
Isaiah McGuire,Dom Jones,1050,8
Isaiah McGuire,Grant Delpit,1050,8
Isaiah McGuire,Jerome Baker,1050,8
Isaiah McGuire,Joe Tryon-Shoyinka,1050,4
Isaiah McGuire,Maliek Collins,1050,8
Isaiah McGuire,Mason Graham,1050,16
Isaiah McGuire,Myles Harden,1050,15
Isaiah McGuire,Nathaniel Watson,1050,3
Isaiah McGuire,Rayshawn Jenkins,1050,7
Isaiah McGuire,Ronnie Hickman Jr.,1050,21
Isaiah McGuire,Sam Kamara,1050,12
Isaiah McGuire,Shelby Harris,1050,4
Isaiah McGuire,Tony Brown,1050,5
Isaiah Neyor,Amar Johnson,1800,20
Isaiah Neyor,Anthony Belton,1800,46
Isaiah Neyor,Ben Sims,1800,7
Isaiah Neyor,Brant Banks,1800,33
Isaiah Neyor,Chris Brooks,1800,1
Isaiah Neyor,Cornelius Johnson,1800,36
Isaiah Neyor,Donovan Jennings,1800,25
Isaiah Neyor,Emanuel Wilson,1800,4
Isaiah Neyor,Israel Abanikanda,1800,21
Isaiah Neyor,J.J. Lippe,1800,33
Isaiah Neyor,Jacob Monk,1800,5
Isaiah Neyor,John FitzPatrick,1800,3
Isaiah Neyor,Johnny Lumpkin,1800,24
Isaiah Neyor,Jordan Morgan,1800,3
Isaiah Neyor,Julian Hicks,1800,25
Isaiah Neyor,Kadeem Telfort,1800,34
Isaiah Neyor,Kawaan Baker,1800,10
Isaiah Neyor,Lecitus Smith,1800,35
Isaiah Neyor,Malik Willis,1800,3
Isaiah Neyor,MarShawn Lloyd,1800,2
Isaiah Neyor,Mecole Hardman,1800,3
Isaiah Neyor,Messiah Swinson,1800,46
Isaiah Neyor,Sean Clifford,1800,13
Isaiah Neyor,Sean Rhyan,1800,3
Isaiah Neyor,Taylor Elgersma,1800,42
Isaiah Neyor,Trey Hill,1800,37
Isaiah Neyor,Tyler Cooper,1800,36
Isaiah Neyor,Tyrion Davis-Price,1800,10
Isaiah Neyor,Will Sheppard,1800,20
Isaiah Oliver,Aaron Smith,3430,26
Isaiah Oliver,Braiden McGregor,3430,17
Isaiah Oliver,Dean Clark,3430,33
Isaiah Oliver,Derrick Nnadi,3430,26
Isaiah Oliver,Eric Watts,3430,26
Isaiah Oliver,Fatorma Mulbah,3430,4
Isaiah Oliver,Francisco Mauigoa,3430,28
Isaiah Oliver,Jamin Davis,3430,9
Isaiah Oliver,Jarrick Bernard-Converse,3430,32
Isaiah Oliver,Jay Tufele,3430,17
Isaiah Oliver,Jordan Clark,3430,8
Isaiah Oliver,Kingsley Jonathan,3430,17
Isaiah Oliver,Leonard Taylor III,3430,25
Isaiah Oliver,Malachi Moore,3430,51
Isaiah Oliver,Marcelino McCrary-Ball,3430,28
Isaiah Oliver,Mario Goodrich,3430,1
Isaiah Oliver,Michael Carter II,3430,2
Isaiah Oliver,Michael Fletcher,3430,2
Isaiah Oliver,Payton Page,3430,15
Isaiah Oliver,Phidarian Mathis,3430,20
Isaiah Oliver,Qwan'tez Stiggers,3430,32
Isaiah Oliver,Rashad Weaver,3430,22
Isaiah Oliver,Ryan Cooper Jr.,3430,43
Isaiah Oliver,Tony Adams,3430,3
Isaiah Oliver,Tyler Baron,3430,25
Isaiah Oliver,Zaire Barnes,3430,28
Isaiah Pola-Mao,Adam Butler,2520,25
Isaiah Pola-Mao,Andre Carter II,2520,6
Isaiah Pola-Mao,Charles Snowden,2520,31
Isaiah Pola-Mao,Chris Smith II,2520,44
Isaiah Pola-Mao,Cody Lindenberg,2520,5
Isaiah Pola-Mao,Darien Porter,2520,54
Isaiah Pola-Mao,Darnay Holmes,2520,9
Isaiah Pola-Mao,Decamerion Richardson,2520,34
Isaiah Pola-Mao,Devin White,2520,26
Isaiah Pola-Mao,Elandon Roberts,2520,15
Isaiah Pola-Mao,Eric Stokes,2520,36
Isaiah Pola-Mao,Germaine Pratt,2520,22
Isaiah Pola-Mao,Greedy Vance,2520,7
Isaiah Pola-Mao,JJ Pegues,2520,12
Isaiah Pola-Mao,JT Woods,2520,1
Isaiah Pola-Mao,Jamal Adams,2520,41
Isaiah Pola-Mao,Jaylon Smith,2520,7
Isaiah Pola-Mao,Jeremy Chinn,2520,23
Isaiah Pola-Mao,Jonah Laulu,2520,42
Isaiah Pola-Mao,Kyu Kelly,2520,31
Isaiah Pola-Mao,Leki Fotu,2520,8
Isaiah Pola-Mao,Malcolm Koonce,2520,38
Isaiah Pola-Mao,Matt Jones,2520,24
Isaiah Pola-Mao,Maxx Crosby,2520,23
Isaiah Pola-Mao,Michael Barrett,2520,6
Isaiah Pola-Mao,Ovie Oghoufo,2520,3
Isaiah Pola-Mao,Terrell Edmunds,2520,20
Isaiah Pola-Mao,Thomas Booker,2520,29
Isaiah Pola-Mao,Thomas Harper,2520,1
Isaiah Pola-Mao,Tommy Eichenberg,2520,39
Isaiah Pola-Mao,Tonka Hemingway,2520,47
Isaiah Pola-Mao,Trey Taylor,2520,1
Isaiah Pola-Mao,Tyree Wilson,2520,57
Isaiah Pola-Mao,Zachary Carter,2520,13
Isaiah Prince,Ameer Abdullah,4500,5
Isaiah Prince,Brayden Willis,4500,46
Isaiah Prince,Carter Bradley,4500,41
Isaiah Prince,Connor Colby,4500,32
Isaiah Prince,Corey Kiner,4500,17
Isaiah Prince,Drake Nugent,4500,64
Isaiah Prince,Drew Moss,4500,64
Isaiah Prince,Isaac Alarcon,4500,64
Isaiah Prince,Isaiah Hodgins,4500,29
Isaiah Prince,Jake Tonges,4500,56
Isaiah Prince,Jeff Wilson,4500,32
Isaiah Prince,Jordan Watkins,4500,9
Isaiah Prince,Junior Bergen,4500,26
Isaiah Prince,Ke'Shawn Vaughn,4500,18
Isaiah Prince,Luke Farrell,4500,5
Isaiah Prince,Mac Jones,4500,8
Isaiah Prince,Malik Turner,4500,18
Isaiah Prince,Matt Hennessy,4500,8
Isaiah Prince,Michael Dunn,4500,11
Isaiah Prince,Nick Zakelj,4500,37
Isaiah Prince,Robbie Chosen,4500,61
Isaiah Prince,Russell Gage,4500,6
Isaiah Prince,Skyy Moore,4500,11
Isaiah Prince,Spencer Burford,4500,8
Isaiah Prince,Tanner Mordecai,4500,23
Isaiah Prince,Terique Owens,4500,21
Isaiah Raikes,Ali Gaye,2100,14
Isaiah Raikes,Amani Oruwariye,2100,3
Isaiah Raikes,Cam Horsley,2100,1
Isaiah Raikes,Cedric Gray,2100,21
Isaiah Raikes,Clarence Lewis,2100,3
Isaiah Raikes,Curtis Jacobs,2100,6
Isaiah Raikes,David Gbenda,2100,1
Isaiah Raikes,Davion Ross,2100,3
Isaiah Raikes,Desmond Evans,2100,2
Isaiah Raikes,Gabe Jeudy-Lally,2100,19
Isaiah Raikes,Jalen Kimber,2100,16
Isaiah Raikes,James Lynch,2100,4
Isaiah Raikes,James Williams,2100,16
Isaiah Raikes,Jaylen Harrell,2100,20
Isaiah Raikes,Jihad Ward,2100,6
Isaiah Raikes,Joe Gaziano,2100,3
Isaiah Raikes,Joshuah Bledsoe,2100,6
Isaiah Raikes,Julius Wood,2100,6
Isaiah Raikes,Kendell Brooks,2100,16
Isaiah Raikes,Marcus Harris,2100,19
Isaiah Raikes,Mike Brown,2100,16
Isaiah Raikes,Oluwafemi Oladejo,2100,2
Isaiah Raikes,Timmy Horne,2100,17
Isaiah Rodgers,Bo Richter,3000,2
Isaiah Rodgers,Dallas Turner,3000,9
Isaiah Rodgers,Eric Wilson,3000,8
Isaiah Rodgers,Gabriel Murphy,3000,9
Isaiah Rodgers,Ivan Pace Jr.,3000,10
Isaiah Rodgers,Jalen Redmond,3000,9
Isaiah Rodgers,Jay Ward,3000,10
Isaiah Rodgers,Jeff Okudah,3000,10
Isaiah Rodgers,Jonathan Harris,3000,2
Isaiah Rodgers,Kahlef Hailassie,3000,1
Isaiah Rodgers,Levi Drake Rodriguez,3000,8
Isaiah Rodgers,Mekhi Blackmon,3000,3
Isaiah Rodgers,Taki Taimani,3000,2
Isaiah Rodgers,Theo Jackson,3000,10
Isaiah Rodgers,Tyler Batty,3000,2
Isaiah Rodgers,Tyrion Ingram-Dawkins,3000,5
Isaiah Simmons,Arron Mosby,1800,57
Isaiah Simmons,Barryn Sorrell,1800,19
Isaiah Simmons,Bo Melton,1800,71
Isaiah Simmons,Brenton Cox Jr.,1800,50
Isaiah Simmons,Carrington Valentine,1800,4
Isaiah Simmons,Colby Wooden,1800,38
Isaiah Simmons,Corey Ballentine,1800,15
Isaiah Simmons,Deslin Alexandre,1800,44
Isaiah Simmons,Devonte O'Malley,1800,5
Isaiah Simmons,Devonte Wyatt,1800,4
Isaiah Simmons,Edgerrin Cooper,1800,4
Isaiah Simmons,Evan Williams,1800,4
Isaiah Simmons,Garnett Hollis Jr.,1800,5
Isaiah Simmons,Isaiah Dunn,1800,6
Isaiah Simmons,Isaiah McDuffie,1800,4
Isaiah Simmons,James Ester,1800,21
Isaiah Simmons,Jamon Johnson,1800,15
Isaiah Simmons,Javon Bullard,1800,4
Isaiah Simmons,Jaylin Simpson,1800,11
Isaiah Simmons,Johnathan Baldwin,1800,72
Isaiah Simmons,Kalen King,1800,78
Isaiah Simmons,Kamal Hadden,1800,66
Isaiah Simmons,Karl Brooks,1800,37
Isaiah Simmons,Keisean Nixon,1800,4
Isaiah Simmons,Keith Randolph Jr.,1800,11
Isaiah Simmons,Kenny Clark,1800,4
Isaiah Simmons,Kingsley Enagbare,1800,51
Isaiah Simmons,Kitan Oladapo,1800,87
Isaiah Simmons,Kristian Welch,1800,50
Isaiah Simmons,Lukas Van Ness,1800,4
Isaiah Simmons,Micah Robinson,1800,54
Isaiah Simmons,Nazir Stackhouse,1800,58
Isaiah Simmons,Omar Brown,1800,53
Isaiah Simmons,Rashan Gary,1800,4
Isaiah Simmons,Ty'Ron Hopper,1800,85
Isaiah Simmons,Tyron Herring,1800,16
Isaiah Simmons,Warren Brinson,1800,65
Isaiah Stalbird,Chris Rumph II,3300,40
Isaiah Stalbird,Dalys Beanum,3300,24
Isaiah Stalbird,Danny Stutsman,3300,16
Isaiah Stalbird,Elliott Davison,3300,35
Isaiah Stalbird,Fadil Diggs,3300,35
Isaiah Stalbird,Isaiah Foskey,3300,37
Isaiah Stalbird,Jasheen Davis,3300,5
Isaiah Stalbird,Jayden Peevy,3300,16
Isaiah Stalbird,Jayden Price,3300,30
Isaiah Stalbird,Jaylan Ford,3300,45
Isaiah Stalbird,Jeremiah Martin,3300,11
Isaiah Stalbird,John Ridgeway,3300,22
Isaiah Stalbird,Jonah Williams,3300,26
Isaiah Stalbird,Jonas Sanker,3300,64
Isaiah Stalbird,Jonathan Bullard,3300,4
Isaiah Stalbird,Jordan Howden,3300,16
Isaiah Stalbird,Khristian Boyd,3300,23
Isaiah Stalbird,Omari Thomas,3300,13
Isaiah Stalbird,Quincy Riley,3300,40
Isaiah Stalbird,Rejzohn Wright,3300,41
Isaiah Stalbird,Rico Payton,3300,10
Isaiah Stalbird,Terrell Burgess,3300,9
Isaiah Stalbird,Tyreem Powell,3300,3
Isaiah Stalbird,Ugo Amadi,3300,32
Isaiah Stalbird,Vernon Broughton,3300,42
Isaiah Thomas,Barrett Carter,0920,27
Isaiah Thomas,Bralyn Lux,0920,108
Isaiah Thomas,Cameron Sample,0920,2
Isaiah Thomas,Craig Young,0920,57
Isaiah Thomas,D.J. Ivey,0920,64
Isaiah Thomas,Daijahn Anthony,0920,38
Isaiah Thomas,Eric Gregory,0920,76
Isaiah Thomas,Howard Cross III,0920,69
Isaiah Thomas,Jalen Davis,0920,12
Isaiah Thomas,Jaylen Key,0920,74
Isaiah Thomas,Joe Giles-Harris,0920,52
Isaiah Thomas,Lance Robinson,0920,66
Isaiah Thomas,Maema Njongmeta,0920,77
Isaiah Thomas,Marco Wilson,0920,26
Isaiah Thomas,McKinnley Jackson,0920,75
Isaiah Thomas,McTelvin Agim,0920,33
Isaiah Thomas,Nate Brooks,0920,100
Isaiah Thomas,Oren Burks,0920,4
Isaiah Thomas,PJ Jules,0920,67
Isaiah Thomas,Raymond Johnson III,0920,95
Isaiah Thomas,Shaka Heyward,0920,61
Isaiah Thomas,Shaquan Loyal,0920,54
Isaiah Thomas,Taven Bryan,0920,36
Isaiah Thomas,Tycen Anderson,0920,27
Isaiah Williams,Andrew Coker,0920,47
Isaiah Williams,Andrew Raym,0920,31
Isaiah Williams,Andrew Stueber,0920,30
Isaiah Williams,Caleb Etienne,0920,28
Isaiah Williams,Cam Grandy,0920,19
Isaiah Williams,Charlie Jones,0920,14
Isaiah Williams,Cody Ford,0920,6
Isaiah Williams,Cordell Volson,0920,12
Isaiah Williams,Desmond Ridder,0920,28
Isaiah Williams,Devin Cochran,0920,12
Isaiah Williams,Gary Brightwell,0920,10
Isaiah Williams,Jake Browning,0920,31
Isaiah Williams,Jalen Rivers,0920,48
Isaiah Williams,Jamoi Mayes,0920,20
Isaiah Williams,Jaxson Kirkland,0920,53
Isaiah Williams,Jermaine Burton,0920,22
Isaiah Williams,Jordan Moore,0920,2
Isaiah Williams,Kendall Milton,0920,19
Isaiah Williams,Kendric Pryor,0920,44
Isaiah Williams,Matt Lee,0920,28
Isaiah Williams,Mitchell Tinsley,0920,15
Isaiah Williams,Samaje Perine,0920,1
Isaiah Williams,Tahj Brooks,0920,29
Isaiah Williams,Tanner Hudson,0920,15
Isaiah Williams,Tanner McLachlan,0920,26
Isaiahh Loudermilk,Beanie Bishop Jr.,3900,15
Isaiahh Loudermilk,Brandin Echols,3900,34
Isaiahh Loudermilk,Cameron McCutcheon,3900,12
Isaiahh Loudermilk,Carson Bruener,3900,5
Isaiahh Loudermilk,Chuck Clark,3900,41
Isaiahh Loudermilk,Cole Holcomb,3900,29
Isaiahh Loudermilk,D'Shawn Jamison,3900,8
Isaiahh Loudermilk,Daniel Ekuale,3900,21
Isaiahh Loudermilk,Darius Slay,3900,4
Isaiahh Loudermilk,Daryl Porter,3900,14
Isaiahh Loudermilk,DeMarvin Leal,3900,28
Isaiahh Loudermilk,DeShon Elliott,3900,4
Isaiahh Loudermilk,Derrick Harmon,3900,38
Isaiahh Loudermilk,Eku Leota,3900,27
Isaiahh Loudermilk,Esezi Otomewo,3900,1
Isaiahh Loudermilk,Jack Sawyer,3900,28
Isaiahh Loudermilk,Jalen Ramsey,3900,4
Isaiahh Loudermilk,James Pierre,3900,43
Isaiahh Loudermilk,Joey Porter Jr.,3900,4
Isaiahh Loudermilk,Juan Thornhill,3900,10
Isaiahh Loudermilk,Julius Welschof,3900,27
Isaiahh Loudermilk,Keeanu Benton,3900,8
Isaiahh Loudermilk,Kyler McMichael,3900,8
Isaiahh Loudermilk,Malik Harrison,3900,37
Isaiahh Loudermilk,Mark Robinson,3900,19
Isaiahh Loudermilk,Miles Killebrew,3900,30
Isaiahh Loudermilk,Patrick Queen,3900,4
Isaiahh Loudermilk,Payton Wilson,3900,16
Isaiahh Loudermilk,Quindell Johnson,3900,11
Isaiahh Loudermilk,Sebastian Castro,3900,13
Isaiahh Loudermilk,Yahya Black,3900,7
Isas Waxter,Alphonzo Tuputala,4600,4
Isas Waxter,Anthony Campbell,4600,6
Isas Waxter,Connor O'Toole,4600,26
Isas Waxter,D'Anthony Bell,4600,4
Isas Waxter,D'Eryk Jackson,4600,33
Isas Waxter,Damarion Williams,4600,35
Isas Waxter,Drake Thomas,4600,18
Isas Waxter,J.R. Singleton,4600,27
Isas Waxter,Jalan Gaines,4600,15
Isas Waxter,Jamie Sheriff,4600,6
Isas Waxter,Jared Ivey,4600,25
Isas Waxter,Jerrick Reed II,4600,35
Isas Waxter,Kam Alexander,4600,5
Isas Waxter,Keydrain Calligan,4600,14
Isas Waxter,Michael Dowell,4600,15
Isas Waxter,Patrick O'Connell,4600,4
Isas Waxter,Quinton Bohanna,4600,2
Isas Waxter,Seth Coleman,4600,17
Isas Waxter,Shaquill Griffin,4600,4
Isas Waxter,Ty Okada,4600,18
Isas Waxter,Tyler Hall,4600,31
Isas Waxter,Tyreke Smith,4600,3
Isas Waxter,Wy'Kevious Thomas,4600,23
Isiah Pacheco,Creed Humphrey,2310,16
Isiah Pacheco,Gardner Minshew,2310,3
Isiah Pacheco,Jalen Royals,2310,1
Isiah Pacheco,Jared Wiley,2310,1
Isiah Pacheco,Jason Brownlee,2310,1
Isiah Pacheco,Jawaan Taylor,2310,13
Isiah Pacheco,Jaylon Moore,2310,3
Isiah Pacheco,Josh Simmons,2310,16
Isiah Pacheco,JuJu Smith-Schuster,2310,9
Isiah Pacheco,Kingsley Suamataia,2310,16
Isiah Pacheco,Nikko Remigio,2310,1
Isiah Pacheco,Noah Gray,2310,10
Isiah Pacheco,Patrick Mahomes,2310,13
Isiah Pacheco,Rashee Rice,2310,11
Isiah Pacheco,Robert Tonyan,2310,5
Isiah Pacheco,Travis Kelce,2310,8
Isiah Pacheco,Trey Smith,2310,16
Isiah Pacheco,Tyquan Thornton,2310,3
Isiah Pacheco,Xavier Worthy,2310,14
Israel Abanikanda,Anthony Belton,1800,45
Israel Abanikanda,Ben Sims,1800,15
Israel Abanikanda,Brant Banks,1800,11
Israel Abanikanda,Cornelius Johnson,1800,19
Israel Abanikanda,Donovan Jennings,1800,34
Israel Abanikanda,Isaiah Neyor,1800,21
Israel Abanikanda,J.J. Lippe,1800,11
Israel Abanikanda,Jacob Monk,1800,11
Israel Abanikanda,John FitzPatrick,1800,7
Israel Abanikanda,Johnny Lumpkin,1800,16
Israel Abanikanda,Jordan Morgan,1800,8
Israel Abanikanda,Julian Hicks,1800,28
Israel Abanikanda,Kadeem Telfort,1800,26
Israel Abanikanda,Lecitus Smith,1800,20
Israel Abanikanda,Luke Musgrave,1800,2
Israel Abanikanda,Malik Heath,1800,11
Israel Abanikanda,Malik Willis,1800,8
Israel Abanikanda,Mecole Hardman,1800,13
Israel Abanikanda,Messiah Swinson,1800,27
Israel Abanikanda,Sean Clifford,1800,9
Israel Abanikanda,Sean Rhyan,1800,8
Israel Abanikanda,Taylor Elgersma,1800,28
Israel Abanikanda,Trey Hill,1800,25
Israel Abanikanda,Tyler Cooper,1800,26
Israel Abanikanda,Will Sheppard,1800,21
Israel Mukuamu,Alijah Clark,1200,34
Israel Mukuamu,Andrew Booth,1200,29
Israel Mukuamu,Bruce Harmon,1200,16
Israel Mukuamu,Buddy Johnson,1200,27
Israel Mukuamu,Christian Matthew,1200,53
Israel Mukuamu,Damone Clark,1200,19
Israel Mukuamu,Darius Harris,1200,93
Israel Mukuamu,Denzel Daxon,1200,45
Israel Mukuamu,Donovan Ezeiruaku,1200,17
Israel Mukuamu,Earnest Brown IV,1200,50
Israel Mukuamu,James Houston,1200,89
Israel Mukuamu,Jay Toia,1200,52
Israel Mukuamu,Juanyeh Thomas,1200,3
Israel Mukuamu,Justin Barron,1200,64
Israel Mukuamu,Kemon Hall,1200,32
Israel Mukuamu,Marshawn Kneeland,1200,3
Israel Mukuamu,Mazi Smith,1200,29
Israel Mukuamu,Michael Ojemudia,1200,37
Israel Mukuamu,Mike Smith Jr.,1200,117
Israel Mukuamu,Payton Turner,1200,25
Israel Mukuamu,Perrion Winfrey,1200,59
Israel Mukuamu,Robert Rochell,1200,24
Israel Mukuamu,Shemar James,1200,104
Israel Mukuamu,Tommy Akingbesote,1200,58
Israel Mukuamu,Troy Pride,1200,88
Israel Mukuamu,Tyrus Wheat,1200,104
Israel Mukuamu,Zion Childress,1200,58
Ivan Pace Jr.,Bo Richter,3000,2
Ivan Pace Jr.,Dallas Turner,3000,9
Ivan Pace Jr.,Eric Wilson,3000,8
Ivan Pace Jr.,Gabriel Murphy,3000,9
Ivan Pace Jr.,Isaiah Rodgers,3000,10
Ivan Pace Jr.,Jalen Redmond,3000,9
Ivan Pace Jr.,Jay Ward,3000,10
Ivan Pace Jr.,Jeff Okudah,3000,10
Ivan Pace Jr.,Jonathan Harris,3000,2
Ivan Pace Jr.,Kahlef Hailassie,3000,1
Ivan Pace Jr.,Levi Drake Rodriguez,3000,8
Ivan Pace Jr.,Mekhi Blackmon,3000,3
Ivan Pace Jr.,Taki Taimani,3000,2
Ivan Pace Jr.,Theo Jackson,3000,10
Ivan Pace Jr.,Tyler Batty,3000,2
Ivan Pace Jr.,Tyrion Ingram-Dawkins,3000,5
J.B. Brown,Andrew Farmer,1400,10
J.B. Brown,Damarri Mathis,1400,6
J.B. Brown,Delarrin Turner-Yell,1400,7
J.B. Brown,Dondrea Tillman,1400,3
J.B. Brown,Eyioma Uwazurike,1400,2
J.B. Brown,Garrett Nelson,1400,10
J.B. Brown,JL Skinner,1400,6
J.B. Brown,Jaden Robinson,1400,9
J.B. Brown,Jonah Elliss,1400,1
J.B. Brown,Jordan Jackson,1400,1
J.B. Brown,Jordan Miller,1400,5
J.B. Brown,Jordan Turner,1400,10
J.B. Brown,Joshua Pickett,1400,3
J.B. Brown,Karene Reid,1400,3
J.B. Brown,Keidron Smith,1400,6
J.B. Brown,Kris Abrams-Draine,1400,1
J.B. Brown,Kristian Williams,1400,10
J.B. Brown,Micah Abraham,1400,3
J.B. Brown,Que Robinson,1400,2
J.B. Brown,Quinton Newsome,1400,12
J.B. Brown,Sai'vion Jones,1400,13
J.B. Brown,Sam Franklin Jr.,1400,7
J.J. Lippe,Amar Johnson,1800,17
J.J. Lippe,Anthony Belton,1800,23
J.J. Lippe,Brant Banks,1800,44
J.J. Lippe,Cornelius Johnson,1800,20
J.J. Lippe,Isaiah Neyor,1800,33
J.J. Lippe,Israel Abanikanda,1800,11
J.J. Lippe,Johnny Lumpkin,1800,28
J.J. Lippe,Julian Hicks,1800,13
J.J. Lippe,Kadeem Telfort,1800,21
J.J. Lippe,Kawaan Baker,1800,17
J.J. Lippe,Lecitus Smith,1800,44
J.J. Lippe,Malik Heath,1800,2
J.J. Lippe,Messiah Swinson,1800,41
J.J. Lippe,Sean Clifford,1800,21
J.J. Lippe,Taylor Elgersma,1800,23
J.J. Lippe,Trey Hill,1800,17
J.J. Lippe,Tyler Cooper,1800,27
J.J. Lippe,Tyrion Davis-Price,1800,16
J.J. Lippe,Will Sheppard,1800,22
J.J. McCarthy,Brian O'Neill,3000,12
J.J. McCarthy,C.J. Ham,3000,3
J.J. McCarthy,Donovan Jackson,3000,12
J.J. McCarthy,Jalen Nailor,3000,12
J.J. McCarthy,Jordan Addison,3000,12
J.J. McCarthy,Jordan Mason,3000,12
J.J. McCarthy,Josh Oliver,3000,8
J.J. McCarthy,Justin Skule,3000,12
J.J. McCarthy,Lucky Jackson,3000,5
J.J. McCarthy,Ryan Kelly,3000,12
J.J. McCarthy,T.J. Hockenson,3000,8
J.J. McCarthy,Will Fries,3000,12
J.J. Taylor,Austin Deculus,2120,13
J.J. Taylor,Conor McDermott,2120,4
J.J. Taylor,Dalton Keene,2120,2
J.J. Taylor,Daniel Jackson,2120,8
J.J. Taylor,Eli Cox,2120,11
J.J. Taylor,Graham Mertz,2120,13
J.J. Taylor,Jakob Johnson,2120,1
J.J. Taylor,Jarrett Patterson,2120,2
J.J. Taylor,Jaylon Thomas,2120,13
J.J. Taylor,John Metchie III,2120,4
J.J. Taylor,Juice Scruggs,2120,2
J.J. Taylor,Justin Watson,2120,4
J.J. Taylor,LaDarius Henderson,2120,11
J.J. Taylor,Luke Lachey,2120,10
J.J. Taylor,Quintez Cephus,2120,9
J.J. Taylor,Tre' McKitty,2120,5
J.J. Taylor,Xavier Johnson,2120,9
J.J. Taylor,Zach Thomas,2120,9
J.J. Weaver,Akayleb Evans,0750,8
J.J. Weaver,Bam Martin-Scott,0750,16
J.J. Weaver,Cam Jackson,0750,17
J.J. Weaver,Carlos Basham,0750,31
J.J. Weaver,Claudin Cherelus,0750,7
J.J. Weaver,Corey Thornton,0750,8
J.J. Weaver,Demani Richardson,0750,8
J.J. Weaver,Isaac Gifford,0750,30
J.J. Weaver,JaTravis Broughton,0750,25
J.J. Weaver,Jack Henderson,0750,30
J.J. Weaver,Jacoby Windmon,0750,22
J.J. Weaver,Jaden Crumedy,0750,16
J.J. Weaver,Jared Harrison-Hunte,0750,24
J.J. Weaver,Jon Rhattigan,0750,7
J.J. Weaver,Krys Barnes,0750,16
J.J. Weaver,Lathan Ransom,0750,8
J.J. Weaver,Mapalo Mwansa,0750,11
J.J. Weaver,Mello Dotson,0750,21
J.J. Weaver,Michael Reid,0750,9
J.J. Weaver,Sam Roberts,0750,29
J.J. Weaver,Shemar Bartholomew,0750,4
J.J. Weaver,Shy Tuttle,0750,6
J.J. Weaver,Thomas Incoom,0750,4
J.J. Weaver,Tre Swilling,0750,14
J.J. Weaver,Trevian Thomas,0750,9
J.K. Dobbins,Adam Trautman,1400,1
J.K. Dobbins,Ben Powers,1400,6
J.K. Dobbins,Bo Nix,1400,6
J.K. Dobbins,Courtland Sutton,1400,6
J.K. Dobbins,Devaughn Vele,1400,1
J.K. Dobbins,Evan Engram,1400,6
J.K. Dobbins,Garett Bolles,1400,6
J.K. Dobbins,Luke Wattenberg,1400,6
J.K. Dobbins,Marvin Mims Jr.,1400,5
J.K. Dobbins,Mike McGlinchey,1400,6
J.K. Dobbins,Quinn Meinerz,1400,6
J.K. Dobbins,Troy Franklin,1400,5
J.R. Singleton,Alphonzo Tuputala,4600,14
J.R. Singleton,Anthony Campbell,4600,4
J.R. Singleton,Connor O'Toole,4600,34
J.R. Singleton,D'Anthony Bell,4600,39
J.R. Singleton,D'Eryk Jackson,4600,41
J.R. Singleton,Damarion Williams,4600,59
J.R. Singleton,Drake Thomas,4600,37
J.R. Singleton,Isas Waxter,4600,27
J.R. Singleton,Jalan Gaines,4600,6
J.R. Singleton,Jamie Sheriff,4600,32
J.R. Singleton,Jared Ivey,4600,54
J.R. Singleton,Jerrick Reed II,4600,52
J.R. Singleton,Kam Alexander,4600,2
J.R. Singleton,Keydrain Calligan,4600,40
J.R. Singleton,Michael Dowell,4600,9
J.R. Singleton,Nehemiah Pritchett,4600,8
J.R. Singleton,Patrick O'Connell,4600,26
J.R. Singleton,Quinton Bohanna,4600,15
J.R. Singleton,Seth Coleman,4600,23
J.R. Singleton,Shaquill Griffin,4600,13
J.R. Singleton,Ty Okada,4600,54
J.R. Singleton,Tyler Hall,4600,28
J.R. Singleton,Tyreke Smith,4600,18
J.R. Singleton,Wy'Kevious Thomas,4600,35
JC Latham,Andrew Rupcich,2100,14
JC Latham,Blake Hance,2100,11
JC Latham,Bryce Oliver,2100,3
JC Latham,Calvin Ridley,2100,10
JC Latham,Cameron Ward,2100,25
JC Latham,Chig Okonkwo,2100,20
JC Latham,Chimere Dike,2100,10
JC Latham,Corey Levin,2100,25
JC Latham,Dan Moore Jr.,2100,21
JC Latham,David Martin-Robinson,2100,3
JC Latham,Elic Ayomanor,2100,14
JC Latham,Gunnar Helm,2100,10
JC Latham,Julius Chestnut,2100,8
JC Latham,Kalel Mullings,2100,3
JC Latham,Olisaemeka Udoh,2100,4
JC Latham,Peter Skoronski,2100,25
JC Latham,Tony Pollard,2100,11
JC Latham,Tyjae Spears,2100,3
JC Latham,Tyler Lockett,2100,9
JC Latham,Van Jefferson,2100,21
JD Bertrand,Arnold Ebiketie,0200,6
JD Bertrand,Billy Bowman Jr.,0200,2
JD Bertrand,Bralen Trice,0200,16
JD Bertrand,Brandon Dorlus,0200,3
JD Bertrand,C.J. Henderson,0200,12
JD Bertrand,DeAngelo Malone,0200,8
JD Bertrand,Dee Alford,0200,21
JD Bertrand,Henry Black,0200,20
JD Bertrand,James Pearce Jr.,0200,9
JD Bertrand,Jordan Fuller,0200,8
JD Bertrand,Josh Thompson,0200,10
JD Bertrand,Josh Woods,0200,27
JD Bertrand,Keith Taylor,0200,8
JD Bertrand,Kentavius Street,0200,14
JD Bertrand,Khalid Kareem,0200,8
JD Bertrand,LaCale London,0200,13
JD Bertrand,Lamar Jackson,0200,18
JD Bertrand,Mike Ford,0200,7
JD Bertrand,Morgan Fox,0200,8
JD Bertrand,Natrone Brooks,0200,20
JD Bertrand,Ronnie Perkins,0200,7
JD Bertrand,Ruke Orhorhoro,0200,17
JD Bertrand,Xavier Watts,0200,8
JD Bertrand,Zach Harrison,0200,10
JJ Galbreath,Aiden Williams,3900,39
JJ Galbreath,Andrus Peat,3900,48
JJ Galbreath,Brandon Johnson,3900,15
JJ Galbreath,Connor Heyward,3900,15
JJ Galbreath,Doug Nester,3900,87
JJ Galbreath,Dylan Cook,3900,71
JJ Galbreath,Evan Hull,3900,23
JJ Galbreath,Gareth Warren,3900,37
JJ Galbreath,Julian Pearl,3900,12
JJ Galbreath,Kaleb Johnson,3900,23
JJ Galbreath,Ke'Shawn Williams,3900,45
JJ Galbreath,Kevin Foelsch,3900,28
JJ Galbreath,Lance McCutcheon,3900,51
JJ Galbreath,Lew Nichols III,3900,24
JJ Galbreath,Logan Woodside,3900,30
JJ Galbreath,Max Hurleman,3900,42
JJ Galbreath,Max Scharping,3900,97
JJ Galbreath,Robert Woods,3900,42
JJ Galbreath,Roc Taylor,3900,35
JJ Galbreath,Roman Wilson,3900,5
JJ Galbreath,Ryan McCollum,3900,22
JJ Galbreath,Scott Miller,3900,9
JJ Galbreath,Skylar Thompson,3900,67
JJ Galbreath,Steven Jones,3900,76
JJ Galbreath,Trey Sermon,3900,27
JJ Pegues,Adam Butler,2520,4
JJ Pegues,Amari Gainer,2520,5
JJ Pegues,Andre Carter II,2520,25
JJ Pegues,Anthony Booker,2520,17
JJ Pegues,Charles Snowden,2520,30
JJ Pegues,Chris Smith II,2520,20
JJ Pegues,Cody Lindenberg,2520,36
JJ Pegues,Darien Porter,2520,12
JJ Pegues,Darnay Holmes,2520,10
JJ Pegues,Decamerion Richardson,2520,15
JJ Pegues,Devin White,2520,4
JJ Pegues,Elandon Roberts,2520,4
JJ Pegues,Eric Stokes,2520,9
JJ Pegues,Germaine Pratt,2520,4
JJ Pegues,Greedy Vance,2520,15
JJ Pegues,Hudson Clark,2520,43
JJ Pegues,Isaiah Pola-Mao,2520,12
JJ Pegues,JT Woods,2520,22
JJ Pegues,Jah Joyner,2520,22
JJ Pegues,Jahfari Harvey,2520,16
JJ Pegues,Jamal Adams,2520,6
JJ Pegues,Jaylon Smith,2520,9
JJ Pegues,Jeremy Chinn,2520,4
JJ Pegues,John Humphrey,2520,35
JJ Pegues,Jonah Laulu,2520,7
JJ Pegues,Keondre Coburn,2520,5
JJ Pegues,Kyu Kelly,2520,3
JJ Pegues,Leki Fotu,2520,4
JJ Pegues,Malcolm Koonce,2520,1
JJ Pegues,Matt Jones,2520,28
JJ Pegues,Maxx Crosby,2520,4
JJ Pegues,Michael Barrett,2520,30
JJ Pegues,Ovie Oghoufo,2520,22
JJ Pegues,Sam Webb,2520,34
JJ Pegues,Terrell Edmunds,2520,10
JJ Pegues,Tommy Eichenberg,2520,10
JJ Pegues,Tonka Hemingway,2520,18
JJ Pegues,Treven Ma'ae,2520,30
JJ Pegues,Trey Taylor,2520,43
JJ Pegues,Tyree Wilson,2520,5
JJ Pegues,Zachary Carter,2520,17
JJ Roberts,Adam Gotsis,4900,1
JJ Roberts,Antonio Grier Jr.,4900,23
JJ Roberts,Bryce Hall,4900,21
JJ Roberts,C.J. Brewer,4900,7
JJ Roberts,Chris Braswell,4900,16
JJ Roberts,Christian Izien,4900,2
JJ Roberts,Deion Jones,4900,4
JJ Roberts,Dvon J-Thomas,4900,12
JJ Roberts,Elijah Roberts,4900,19
JJ Roberts,Eric Banks,4900,14
JJ Roberts,Jacob Parrish,4900,3
JJ Roberts,John Bullock,4900,21
JJ Roberts,Jose Ramirez,4900,21
JJ Roberts,Josh Hayes,4900,3
JJ Roberts,Kindle Vildor,4900,16
JJ Roberts,Markees Watts,4900,24
JJ Roberts,Mike Greene,4900,16
JJ Roberts,Nash Hutmacher,4900,11
JJ Roberts,Nick Jackson,4900,26
JJ Roberts,Rashad Wisdom,4900,34
JJ Roberts,Roman Parodie,4900,13
JJ Roberts,Shilo Sanders,4900,32
JJ Roberts,Tyrek Funderburk,4900,18
JJ Roberts,Warren Peeples,4900,13
JL Skinner,Andrew Farmer,1400,5
JL Skinner,Damarri Mathis,1400,33
JL Skinner,Dondrea Tillman,1400,29
JL Skinner,Eyioma Uwazurike,1400,24
JL Skinner,Garrett Nelson,1400,3
JL Skinner,J.B. Brown,1400,6
JL Skinner,Jaden Robinson,1400,6
JL Skinner,Jahdae Barron,1400,14
JL Skinner,Jonah Elliss,1400,19
JL Skinner,Jordan Jackson,1400,13
JL Skinner,Jordan Miller,1400,22
JL Skinner,Jordan Turner,1400,20
JL Skinner,Joshua Pickett,1400,2
JL Skinner,Justin Strnad,1400,3
JL Skinner,Karene Reid,1400,27
JL Skinner,Keidron Smith,1400,41
JL Skinner,Kris Abrams-Draine,1400,32
JL Skinner,Kristian Williams,1400,13
JL Skinner,Levelle Bailey,1400,21
JL Skinner,Micah Abraham,1400,2
JL Skinner,Michael Dwumfour,1400,2
JL Skinner,Que Robinson,1400,26
JL Skinner,Quinton Newsome,1400,13
JL Skinner,Sai'vion Jones,1400,34
JP Richardson,Austin Reed,0810,19
JP Richardson,Brittain Brown,0810,10
JP Richardson,Case Keenum,0810,17
JP Richardson,Chris Glaser,0810,37
JP Richardson,Deion Hankins,0810,12
JP Richardson,Ian Wheeler,0810,21
JP Richardson,Jahdae Walker,0810,33
JP Richardson,Joel Wilson,0810,38
JP Richardson,John Jackson,0810,11
JP Richardson,Jordan McFadden,0810,35
JP Richardson,Joshua Miles,0810,43
JP Richardson,Kiran Amegadjie,0810,15
JP Richardson,Luke Newman,0810,14
JP Richardson,Maurice Alexander,0810,9
JP Richardson,Miles Boykin,0810,1
JP Richardson,Ozzy Trapilo,0810,20
JP Richardson,Ricky Stromberg,0810,43
JP Richardson,Samori Toure,0810,27
JP Richardson,Stephen Carlson,0810,6
JP Richardson,Theo Benedet,0810,8
JP Richardson,Thomas Gordon,0810,1
JP Richardson,Tyler Scott,0810,3
JP Richardson,Tyson Bagent,0810,7
JT Tuimoloau,Adetomiwa Adebawore,2200,40
JT Tuimoloau,Alex Johnson,2200,39
JT Tuimoloau,Austin Ajiake,2200,51
JT Tuimoloau,BJ Mayes,2200,11
JT Tuimoloau,Cameron McGrone,2200,23
JT Tuimoloau,Camryn Bynum,2200,3
JT Tuimoloau,Charvarius Ward,2200,3
JT Tuimoloau,Chris Lammons,2200,43
JT Tuimoloau,Daniel Scott,2200,62
JT Tuimoloau,DeForest Buckner,2200,1
JT Tuimoloau,Desmond Little,2200,18
JT Tuimoloau,Devonta Davis,2200,9
JT Tuimoloau,Duke Shelley,2200,32
JT Tuimoloau,Durell Nchami,2200,51
JT Tuimoloau,Eric Johnson,2200,30
JT Tuimoloau,Grover Stewart,2200,2
JT Tuimoloau,Hunter Wohler,2200,23
JT Tuimoloau,Isaiah Land,2200,27
JT Tuimoloau,Jacob Phillips,2200,4
JT Tuimoloau,Joe Bachie,2200,16
JT Tuimoloau,Johnathan Edwards,2200,57
JT Tuimoloau,Josh Tupou,2200,22
JT Tuimoloau,Julius Brents,2200,15
JT Tuimoloau,Ladarius Tennison,2200,5
JT Tuimoloau,Laiatu Latu,2200,2
JT Tuimoloau,Neville Gallimore,2200,37
JT Tuimoloau,Rodney Thomas,2200,52
JT Tuimoloau,Samuel Womack,2200,34
JT Tuimoloau,Segun Olubi,2200,56
JT Tuimoloau,Solomon DeShields,2200,21
JT Tuimoloau,Tim Smith,2200,33
JT Tuimoloau,Tre Herndon,2200,3
JT Tuimoloau,Trey Washington,2200,32
JT Tuimoloau,Tyquan Lewis,2200,2
JT Woods,Amari Gainer,2520,5
JT Woods,Andre Carter II,2520,21
JT Woods,Anthony Booker,2520,6
JT Woods,Charles Snowden,2520,23
JT Woods,Chris Smith II,2520,28
JT Woods,Cody Lindenberg,2520,27
JT Woods,Darien Porter,2520,2
JT Woods,Darnay Holmes,2520,12
JT Woods,Decamerion Richardson,2520,21
JT Woods,Greedy Vance,2520,13
JT Woods,Hudson Clark,2520,19
JT Woods,Isaiah Pola-Mao,2520,1
JT Woods,JJ Pegues,2520,22
JT Woods,Jah Joyner,2520,9
JT Woods,Jahfari Harvey,2520,10
JT Woods,Jaylon Smith,2520,18
JT Woods,John Humphrey,2520,9
JT Woods,Jonah Laulu,2520,4
JT Woods,Keondre Coburn,2520,6
JT Woods,Kyu Kelly,2520,4
JT Woods,Leki Fotu,2520,1
JT Woods,Matt Jones,2520,31
JT Woods,Michael Barrett,2520,12
JT Woods,Ovie Oghoufo,2520,24
JT Woods,Sam Webb,2520,10
JT Woods,Terrell Edmunds,2520,18
JT Woods,Thomas Booker,2520,4
JT Woods,Tommy Eichenberg,2520,4
JT Woods,Tonka Hemingway,2520,26
JT Woods,Treven Ma'ae,2520,18
JT Woods,Trey Taylor,2520,27
JT Woods,Tyree Wilson,2520,6
JT Woods,Zachary Carter,2520,19
Ja'Corey Brooks,Ben Sinnott,5110,8
Ja'Corey Brooks,Bobby Hart,5110,52
Ja'Corey Brooks,Brandon Coleman,5110,1
Ja'Corey Brooks,Braylon Sanders,5110,12
Ja'Corey Brooks,Chris Paul,5110,22
Ja'Corey Brooks,Chris Rodriguez Jr.,5110,6
Ja'Corey Brooks,Cole Turner,5110,29
Ja'Corey Brooks,Colson Yankoff,5110,20
Ja'Corey Brooks,Demetric Felton,5110,26
Ja'Corey Brooks,Foster Sarell,5110,61
Ja'Corey Brooks,George Fant,5110,18
Ja'Corey Brooks,Jacoby Jones,5110,26
Ja'Corey Brooks,Jacory Croskey-Merritt,5110,12
Ja'Corey Brooks,Jaylin Lane,5110,9
Ja'Corey Brooks,Jeremy McNichols,5110,17
Ja'Corey Brooks,Josh Conerly Jr.,5110,2
Ja'Corey Brooks,Josh Johnson,5110,50
Ja'Corey Brooks,Julian Good-Jones,5110,29
Ja'Corey Brooks,K.J. Osborn,5110,22
Ja'Corey Brooks,Kazmeir Allen,5110,12
Ja'Corey Brooks,Lawrence Cager,5110,29
Ja'Corey Brooks,Lucas Niang,5110,3
Ja'Corey Brooks,Luke McCaffrey,5110,15
Ja'Corey Brooks,Michael Deiter,5110,63
Ja'Corey Brooks,Michael Gallup,5110,26
Ja'Corey Brooks,Mike Strachan,5110,4
Ja'Corey Brooks,Nick Harris,5110,10
Ja'Corey Brooks,Sam Hartman,5110,23
Ja'Corey Brooks,Tay Martin,5110,19
Ja'Corey Brooks,Timothy McKay,5110,30
Ja'Corey Brooks,Trent Scott,5110,31
Ja'Corey Brooks,Tyre Phillips,5110,43
Ja'Lynn Polk,Antonio Gibson,3200,8
Ja'Lynn Polk,Ben Brown,3200,14
Ja'Lynn Polk,CJ Dippre,3200,2
Ja'Lynn Polk,Cole Strange,3200,14
Ja'Lynn Polk,Demontrey Jacobs,3200,14
Ja'Lynn Polk,Efton Chism III,3200,8
Ja'Lynn Polk,Garrett Bradbury,3200,7
Ja'Lynn Polk,Gee Scott Jr.,3200,6
Ja'Lynn Polk,Jack Westover,3200,7
Ja'Lynn Polk,Jaheim Bell,3200,4
Ja'Lynn Polk,Javon Baker,3200,8
Ja'Lynn Polk,Joshua Dobbs,3200,14
Ja'Lynn Polk,Kyle Williams,3200,7
Ja'Lynn Polk,Lan Larison,3200,2
Ja'Lynn Polk,Marcus Bryant,3200,14
Ja'Lynn Polk,Rhamondre Stevenson,3200,2
Ja'Lynn Polk,Terrell Jennings,3200,2
Ja'Lynn Polk,Tyrese Robinson,3200,7
Ja'Marcus Ingram,A.J. Epenesa,0610,3
Ja'Marcus Ingram,Brandon Codrington,0610,21
Ja'Marcus Ingram,Casey Rogers,0610,33
Ja'Marcus Ingram,Cole Bishop,0610,5
Ja'Marcus Ingram,Daequan Hardy,0610,52
Ja'Marcus Ingram,Damar Hamlin,0610,5
Ja'Marcus Ingram,Dane Jackson,0610,18
Ja'Marcus Ingram,Darrick Forrest,0610,60
Ja'Marcus Ingram,DeWayne Carter,0610,22
Ja'Marcus Ingram,Deone Walker,0610,20
Ja'Marcus Ingram,Dorian Strong,0610,29
Ja'Marcus Ingram,Dorian Williams,0610,11
Ja'Marcus Ingram,Edefuan Ulofoshio,0610,61
Ja'Marcus Ingram,Javon Solomon,0610,23
Ja'Marcus Ingram,Jimmy Ciarlo,0610,55
Ja'Marcus Ingram,Joe Andreessen,0610,36
Ja'Marcus Ingram,Jordan Hancock,0610,31
Ja'Marcus Ingram,Justin Hollins,0610,19
Ja'Marcus Ingram,Keonta Jenkins,0610,34
Ja'Marcus Ingram,Landon Jackson,0610,31
Ja'Marcus Ingram,Larry Ogunjobi,0610,10
Ja'Marcus Ingram,Marcus Harris,0610,31
Ja'Marcus Ingram,Michael Hoecht,0610,22
Ja'Marcus Ingram,Nelson Ceaser,0610,22
Ja'Marcus Ingram,Paris Shand,0610,46
Ja'Marcus Ingram,T.J. Sanders,0610,13
Ja'Marcus Ingram,Te'Cory Couch,0610,13
Ja'Marcus Ingram,Tre Herndon,0610,25
Ja'Marcus Ingram,Wande Owens,0610,42
Ja'Marcus Ingram,Zion Logue,0610,37
Ja'Markis Weston n,Aaron Smith,3430,10
Ja'Markis Weston n,Braiden McGregor,3430,12
Ja'Markis Weston n,Dean Clark,3430,29
Ja'Markis Weston n,Eric Watts,3430,14
Ja'Markis Weston n,Fatorma Mulbah,3430,22
Ja'Markis Weston n,Jackson Sirmon,3430,22
Ja'Markis Weston n,Jarius Monroe,3430,29
Ja'Markis Weston n,Jordan Clark,3430,26
Ja'Markis Weston n,Kingsley Jonathan,3430,11
Ja'Markis Weston n,Leonard Taylor III,3430,5
Ja'Markis Weston n,Mario Goodrich,3430,29
Ja'Markis Weston n,Michael Fletcher,3430,14
Ja'Markis Weston n,Payton Page,3430,22
Ja'Markis Weston n,Phidarian Mathis,3430,7
Ja'Markis Weston n,Tanner McCalister,3430,29
Ja'Markis Weston n,Tyler Baron,3430,9
Ja'Marr Chase,Amarius Mims,0920,24
Ja'Marr Chase,Andrei Iosivas,0920,15
Ja'Marr Chase,Cam Grandy,0920,6
Ja'Marr Chase,Charlie Jones,0920,3
Ja'Marr Chase,Chase Brown,0920,19
Ja'Marr Chase,Drew Sample,0920,19
Ja'Marr Chase,Dylan Fairchild,0920,24
Ja'Marr Chase,Joe Burrow,0920,24
Ja'Marr Chase,Lucas Patrick,0920,24
Ja'Marr Chase,Noah Fant,0920,5
Ja'Marr Chase,Orlando Brown,0920,24
Ja'Marr Chase,Samaje Perine,0920,5
Ja'Marr Chase,Tanner Hudson,0920,4
Ja'Marr Chase,Ted Karras,0920,24
Ja'Marr Chase,Tee Higgins,0920,20
Ja'Quan McMillian,Alex Singleton,1400,5
Ja'Quan McMillian,Brandon Jones,1400,7
Ja'Quan McMillian,Devon Key,1400,6
Ja'Quan McMillian,Dondrea Tillman,1400,6
Ja'Quan McMillian,Eyioma Uwazurike,1400,5
Ja'Quan McMillian,Jahdae Barron,1400,6
Ja'Quan McMillian,John Franklin-Myers,1400,2
Ja'Quan McMillian,Jonah Elliss,1400,11
Ja'Quan McMillian,Jonathon Cooper,1400,7
Ja'Quan McMillian,Jordan Jackson,1400,7
Ja'Quan McMillian,Jordan Miller,1400,3
Ja'Quan McMillian,Justin Strnad,1400,10
Ja'Quan McMillian,Kris Abrams-Draine,1400,4
Ja'Quan McMillian,Levelle Bailey,1400,8
Ja'Quan McMillian,Malcolm Roach,1400,7
Ja'Quan McMillian,Nik Bonitto,1400,2
Ja'Quan McMillian,P.J. Locke,1400,6
Ja'Quan McMillian,Pat Surtain II,1400,7
Ja'Quan McMillian,Riley Moss,1400,7
Ja'Quan McMillian,Talanoa Hufanga,1400,7
Ja'Quan McMillian,Zach Allen,1400,7
Ja'Quinden Jackson,Austin Trammell,2250,15
Ja'Quinden Jackson,Cam Camper,2250,23
Ja'Quinden Jackson,Chandler Brayboy,2250,20
Ja'Quinden Jackson,Darius Lassiter,2250,3
Ja'Quinden Jackson,Dorian Singer,2250,29
Ja'Quinden Jackson,Eli Pancol,2250,1
Ja'Quinden Jackson,Javon Foster,2250,39
Ja'Quinden Jackson,Jerome Carvin,2250,28
Ja'Quinden Jackson,John Copenhaver,2250,9
Ja'Quinden Jackson,John Wolford,2250,17
Ja'Quinden Jackson,Jonah Monheim,2250,11
Ja'Quinden Jackson,Patrick Herbert,2250,14
Ja'Quinden Jackson,Quintin Morris,2250,15
Ja'Quinden Jackson,Ricky Lee,2250,39
Ja'Quinden Jackson,Sal Wormley,2250,39
Ja'Quinden Jackson,Seth Henigan,2250,22
Ja'Quinden Jackson,Shawn Bowman,2250,14
Ja'Quinden Jackson,Tremayne Anchrum,2250,39
Ja'Quinden Jackson,Trenton Irwin,2250,13
Ja'Seem Reed,Brady Christensen,0750,7
Ja'Seem Reed,Brandon Walton,0750,20
Ja'Seem Reed,Bryce Perkins,0750,11
Ja'Seem Reed,Bryce Pierre,0750,12
Ja'Seem Reed,Dominique Dafney,0750,13
Ja'Seem Reed,Emani Bailey,0750,14
Ja'Seem Reed,Jack Plummer,0750,9
Ja'Seem Reed,Jarrett Kingston,0750,11
Ja'Seem Reed,Jimmy Horn Jr.,0750,15
Ja'Seem Reed,Kayron Lynch-Adams,0750,6
Ja'Seem Reed,Kobe Hudson,0750,9
Ja'Seem Reed,Luke Kandra,0750,20
Ja'Seem Reed,Michael Tarquin,0750,20
Ja'Seem Reed,Steven Losoya,0750,20
Ja'Seem Reed,T.J. Luther,0750,11
Ja'Seem Reed,Yosh Nijman,0750,2
Ja'Sir Taylor,Benjamin St-Juste,4400,5
Ja'Sir Taylor,Caleb Murphy,4400,66
Ja'Sir Taylor,Cam Hart,4400,4
Ja'Sir Taylor,Christopher Hinton,4400,57
Ja'Sir Taylor,Da'Shawn Hand,4400,11
Ja'Sir Taylor,Deane Leonard,4400,29
Ja'Sir Taylor,Del'Shawn Phillips,4400,9
Ja'Sir Taylor,Emany Johnson,4400,89
Ja'Sir Taylor,Eric Rogers,4400,11
Ja'Sir Taylor,Garmon Randolph,4400,54
Ja'Sir Taylor,Harrison Hand,4400,2
Ja'Sir Taylor,Jamaree Caldwell,4400,45
Ja'Sir Taylor,Jaylen Jones,4400,14
Ja'Sir Taylor,Junior Colson,4400,51
Ja'Sir Taylor,Justin Eboigbe,4400,39
Ja'Sir Taylor,Kana'i Mauga,4400,25
Ja'Sir Taylor,Kendall Williamson,4400,104
Ja'Sir Taylor,Kylan Guidry,4400,73
Ja'Sir Taylor,Kyle Kennard,4400,10
Ja'Sir Taylor,Marlowe Wax,4400,68
Ja'Sir Taylor,Myles Purchase,4400,32
Ja'Sir Taylor,Naquan Jones,4400,37
Ja'Sir Taylor,Nesta Jade Silvera,4400,35
Ja'Sir Taylor,Nikko Reed,4400,69
Ja'Sir Taylor,Otito Ogbonnia,4400,8
Ja'Sir Taylor,R.J. Mickens,4400,115
Ja'Sir Taylor,Scott Matlock,4400,22
Ja'Sir Taylor,Tarheeb Still,4400,5
Ja'Sir Taylor,TeRah Edwards,4400,43
Ja'Sir Taylor,Tony Jefferson,4400,40
Ja'Sir Taylor,Tre'Mon Morris-Brash,4400,73
Ja'Sir Taylor,Trikweze Bridges,4400,101
Ja'Sir Taylor,Troy Dye,4400,34
Ja'Tavion Sanders,Adam Thielen,0750,8
Ja'Tavion Sanders,Austin Corbett,0750,12
Ja'Tavion Sanders,Bryce Young,0750,12
Ja'Tavion Sanders,Brycen Tremayne,0750,1
Ja'Tavion Sanders,Cade Mays,0750,4
Ja'Tavion Sanders,Chuba Hubbard,0750,8
Ja'Tavion Sanders,Ikem Ekwonu,0750,12
Ja'Tavion Sanders,Ja'Tyre Carter,0750,8
Ja'Tavion Sanders,Jalen Coker,0750,4
Ja'Tavion Sanders,Mitchell Evans,0750,4
Ja'Tavion Sanders,Rico Dowdle,0750,4
Ja'Tavion Sanders,Robert Hunt,0750,12
Ja'Tavion Sanders,Taylor Moton,0750,12
Ja'Tavion Sanders,Tetairoa McMillan,0750,12
Ja'Tavion Sanders,Xavier Legette,0750,7
Ja'Tyre Carter,Adam Thielen,0750,8
Ja'Tyre Carter,Andy Dalton,0750,19
Ja'Tyre Carter,Austin Corbett,0750,11
Ja'Tyre Carter,Brady Christensen,0750,47
Ja'Tyre Carter,Brandon Walton,0750,23
Ja'Tyre Carter,Bryce Young,0750,11
Ja'Tyre Carter,Brycen Tremayne,0750,18
Ja'Tyre Carter,Cade Mays,0750,27
Ja'Tyre Carter,Chandler Zavala,0750,10
Ja'Tyre Carter,Chuba Hubbard,0750,6
Ja'Tyre Carter,David Moore,0750,28
Ja'Tyre Carter,Dominique Dafney,0750,8
Ja'Tyre Carter,Hunter Renfrow,0750,25
Ja'Tyre Carter,Ikem Ekwonu,0750,11
Ja'Tyre Carter,Ja'Tavion Sanders,0750,8
Ja'Tyre Carter,Jack Plummer,0750,28
Ja'Tyre Carter,Jalen Coker,0750,29
Ja'Tyre Carter,James Mitchell,0750,27
Ja'Tyre Carter,Jarrett Kingston,0750,34
Ja'Tyre Carter,Jimmy Horn Jr.,0750,10
Ja'Tyre Carter,Mitchell Evans,0750,29
Ja'Tyre Carter,Raheem Blackshear,0750,10
Ja'Tyre Carter,Rico Dowdle,0750,16
Ja'Tyre Carter,Robert Hunt,0750,11
Ja'Tyre Carter,Taylor Moton,0750,11
Ja'Tyre Carter,Tetairoa McMillan,0750,30
Ja'Tyre Carter,Trevor Etienne,0750,27
Ja'Tyre Carter,Xavier Legette,0750,11
Ja'Tyre Carter,Yosh Nijman,0750,47
JaMycal Hasty,Alec Lindstrom,3200,16
JaMycal Hasty,Ben Brown,3200,16
JaMycal Hasty,Ben Wooldridge,3200,42
JaMycal Hasty,CJ Dippre,3200,15
JaMycal Hasty,Caedan Wallace,3200,22
JaMycal Hasty,Cole Fotheringham,3200,26
JaMycal Hasty,Cole Strange,3200,29
JaMycal Hasty,Demontrey Jacobs,3200,44
JaMycal Hasty,Efton Chism III,3200,18
JaMycal Hasty,Gee Scott Jr.,3200,10
JaMycal Hasty,Jack Conley,3200,17
JaMycal Hasty,Jack Westover,3200,24
JaMycal Hasty,Jaheim Bell,3200,8
JaMycal Hasty,Jared Wilson,3200,30
JaMycal Hasty,Javon Baker,3200,43
JaMycal Hasty,Jeremiah Webb,3200,27
JaMycal Hasty,John Jiles,3200,41
JaMycal Hasty,Joshua Dobbs,3200,18
JaMycal Hasty,Kyle Williams,3200,9
JaMycal Hasty,Layden Robinson,3200,6
JaMycal Hasty,Marcus Bryant,3200,16
JaMycal Hasty,Mehki Butler,3200,9
JaMycal Hasty,Phil Lutz,3200,19
JaMycal Hasty,Sidy Sow,3200,42
JaMycal Hasty,Tyrese Robinson,3200,10
JaMycal Hasty,Vederian Lowe,3200,43
JaQuae Jackson,Andre James,4400,11
JaQuae Jackson,Branson Taylor,4400,32
JaQuae Jackson,Brenden Rice,4400,12
JaQuae Jackson,Corey Stewart,4400,46
JaQuae Jackson,DJ Uiagalelei,4400,13
JaQuae Jackson,Dalevon Campbell,4400,17
JaQuae Jackson,David Sharpe,4400,30
JaQuae Jackson,Derius Davis,4400,3
JaQuae Jackson,Dez Fitzpatrick,4400,6
JaQuae Jackson,Hassan Haskins,4400,9
JaQuae Jackson,Jamaree Salyer,4400,1
JaQuae Jackson,Jaret Patterson,4400,3
JaQuae Jackson,Jaylen Johnson,4400,25
JaQuae Jackson,Josh Kaltenberger,4400,42
JaQuae Jackson,Karsen Barnhart,4400,33
JaQuae Jackson,KeAndre Lambert-Smith,4400,5
JaQuae Jackson,Kimani Vidal,4400,14
JaQuae Jackson,Luke Grimm,4400,8
JaQuae Jackson,Nash Jones,4400,37
JaQuae Jackson,Nyheim Hines,4400,20
JaQuae Jackson,Oronde Gadsden II,4400,34
JaQuae Jackson,Raheim Sanders,4400,8
JaQuae Jackson,Ryan Nelson,4400,36
JaQuae Jackson,Scott Matlock,4400,7
JaQuae Jackson,Stevo Klotz,4400,16
JaQuae Jackson,Taylor Heinicke,4400,15
JaQuae Jackson,Tre Harris,4400,12
JaQuae Jackson,Trey Lance,4400,26
JaQuae Jackson,Trey Pipkins,4400,1
JaQuae Jackson,Tucker Fisk,4400,17
JaQuae Jackson,Zion Johnson,4400,1
JaTravis Broughton,Bam Martin-Scott,0750,21
JaTravis Broughton,Cam Jackson,0750,19
JaTravis Broughton,Carlos Basham,0750,33
JaTravis Broughton,Isaac Gifford,0750,40
JaTravis Broughton,J.J. Weaver,0750,25
JaTravis Broughton,Jack Henderson,0750,40
JaTravis Broughton,Jacoby Windmon,0750,27
JaTravis Broughton,Jaden Crumedy,0750,27
JaTravis Broughton,Jared Harrison-Hunte,0750,27
JaTravis Broughton,Jon Rhattigan,0750,7
JaTravis Broughton,Krys Barnes,0750,13
JaTravis Broughton,Lathan Ransom,0750,2
JaTravis Broughton,Mapalo Mwansa,0750,13
JaTravis Broughton,Mello Dotson,0750,24
JaTravis Broughton,Michael Reid,0750,10
JaTravis Broughton,Sam Roberts,0750,24
JaTravis Broughton,Thomas Incoom,0750,19
JaTravis Broughton,Tre Swilling,0750,16
JaTravis Broughton,Trevian Thomas,0750,13
Jabari Small,Colby Sorsdal,1540,20
Jabari Small,Dan Skipper,1540,6
Jabari Small,Dominic Lovett,1540,19
Jabari Small,Giovanni Manu,1540,29
Jabari Small,Hendon Hooker,1540,22
Jabari Small,Isaac TeSlaa,1540,22
Jabari Small,Jackson Meeks,1540,26
Jabari Small,Jakobie Keeney-James,1540,8
Jabari Small,Jamarco Jones,1540,9
Jabari Small,Kayode Awosika,1540,15
Jabari Small,Kenny Yeboah,1540,13
Jabari Small,Kingsley Eguakun,1540,15
Jabari Small,Kyle Allen,1540,13
Jabari Small,Malik Taylor,1540,5
Jabari Small,Mason Miller,1540,26
Jabari Small,Michael Niese,1540,13
Jabari Small,Netane Muti,1540,13
Jabari Small,Ronnie Bell,1540,2
Jabari Small,Shane Zylstra,1540,13
Jabari Small,Tate Ratledge,1540,9
Jabari Small,Tom Kennedy,1540,18
Jabari Small,Trystan Colon,1540,20
Jabari Small,Zach Horton,1540,14
Jabbar Muhammad,Antonio Johnson,2250,31
Jabbar Muhammad,Austin Johnson,2250,8
Jabbar Muhammad,Aydan White,2250,37
Jabbar Muhammad,BJ Green II,2250,39
Jabbar Muhammad,Branson Combs,2250,35
Jabbar Muhammad,Cam'Ron Silmon-Craig,2250,45
Jabbar Muhammad,Chad Muma,2250,41
Jabbar Muhammad,Christian Braswell,2250,27
Jabbar Muhammad,Daniel Thomas,2250,29
Jabbar Muhammad,Danny Striggow,2250,50
Jabbar Muhammad,Darnell Savage,2250,10
Jabbar Muhammad,Dawuane Smoot,2250,8
Jabbar Muhammad,Deantre Prince,2250,40
Jabbar Muhammad,Dennis Gardeck,2250,6
Jabbar Muhammad,Doneiko Slaughter,2250,29
Jabbar Muhammad,Eli Mostaert,2250,10
Jabbar Muhammad,Emmanuel Ogbah,2250,8
Jabbar Muhammad,Ethan Downs,2250,22
Jabbar Muhammad,Jack Kiser,2250,62
Jabbar Muhammad,James Carpenter,2250,29
Jabbar Muhammad,Jordan Jefferson,2250,39
Jabbar Muhammad,Keivie Rose,2250,42
Jabbar Muhammad,Keni-H Lovely,2250,22
Jabbar Muhammad,Maason Smith,2250,14
Jabbar Muhammad,Myles Cole,2250,37
Jabbar Muhammad,Rayuan Lane III,2250,49
Jabbar Muhammad,Tyler Lacy,2250,15
Jabbar Muhammad,Ventrell Miller,2250,22
Jabbar Muhammad,Yasir Abdullah,2250,4
Jabrill Peppers,Alex Austin,3200,16
Jabrill Peppers,Bradyn Swinson,3200,1
Jabrill Peppers,Christian Elliss,3200,14
Jabrill Peppers,Craig Woodson,3200,19
Jabrill Peppers,DJ James,3200,21
Jabrill Peppers,David Olajiga,3200,4
Jabrill Peppers,Dell Pettus,3200,4
Jabrill Peppers,Elijah Ponder,3200,10
Jabrill Peppers,Isaiah Iton,3200,5
Jabrill Peppers,Jack Gibbens,3200,19
Jabrill Peppers,Jahvaree Ritzie,3200,5
Jabrill Peppers,Jaylinn Hawkins,3200,13
Jabrill Peppers,Jeremiah Pharms Jr.,3200,9
Jabrill Peppers,Jordan Polk,3200,7
Jabrill Peppers,Joshua Farmer,3200,19
Jabrill Peppers,Keion White,3200,33
Jabrill Peppers,Khyiris Tonga,3200,10
Jabrill Peppers,Kobee Minor,3200,9
Jabrill Peppers,Kyle Dugger,3200,15
Jabrill Peppers,Kyle Peko,3200,11
Jabrill Peppers,Marcus Jones,3200,15
Jabrill Peppers,Marte Mapu,3200,15
Jabrill Peppers,Miles Battle,3200,17
Jabrill Peppers,Milton Williams,3200,10
Jabrill Peppers,Robert Spillane,3200,15
Jabrill Peppers,Truman Jones,3200,24
Jacardia Wright,Amari Kight,4600,20
Jacardia Wright,Brady Russell,4600,11
Jacardia Wright,Bryce Cabeldue,4600,29
Jacardia Wright,Christian Haynes,4600,14
Jacardia Wright,Cody White,4600,10
Jacardia Wright,Dareke Young,4600,14
Jacardia Wright,Drew Lock,4600,6
Jacardia Wright,Elijah Arroyo,4600,7
Jacardia Wright,Eric Saubert,4600,2
Jacardia Wright,Federico Maranges,4600,32
Jacardia Wright,Jake Bobo,4600,9
Jacardia Wright,Jalen Milroe,4600,33
Jacardia Wright,Jalen Sundell,4600,2
Jacardia Wright,John Rhys Plumlee,4600,12
Jacardia Wright,Josh Jones,4600,2
Jacardia Wright,Luke Felix-Fualalo,4600,19
Jacardia Wright,Marquez Valdes-Scantling,4600,4
Jacardia Wright,Marshall Lang,4600,24
Jacardia Wright,Mason Richman,4600,32
Jacardia Wright,Michael Jerrell,4600,26
Jacardia Wright,Nick Kallerup,4600,19
Jacardia Wright,Ricky White III,4600,20
Jacardia Wright,Sataoa Laumea,4600,19
Jacardia Wright,Tory Horton,4600,1
Jacardia Wright,Tyrone Broden,4600,23
Jack Bech,Aidan O'Connell,2520,49
Jack Bech,Albert Okwuegbunam,2520,4
Jack Bech,Alex Bachman,2520,61
Jack Bech,Alex Cappa,2520,10
Jack Bech,Ashton Jeanty,2520,4
Jack Bech,Atonio Mafi,2520,31
Jack Bech,Caleb Rogers,2520,63
Jack Bech,Cam Miller,2520,14
Jack Bech,Carter Runyon,2520,4
Jack Bech,Charles Grant,2520,57
Jack Bech,Collin Johnson,2520,36
Jack Bech,DJ Glaze,2520,6
Jack Bech,Dont'e Thornton Jr.,2520,27
Jack Bech,Ian Thomas,2520,34
Jack Bech,Jackson Powers-Johnson,2520,22
Jack Bech,Jordan Meredith,2520,22
Jack Bech,Michael Mayer,2520,5
Jack Bech,Phillip Dorsett,2520,2
Jack Bech,Qadir Ismail,2520,16
Jack Bech,Raheem Mostert,2520,20
Jack Bech,Sincere McCormick,2520,20
Jack Bech,Thayer Munford Jr.,2520,63
Jack Bech,Will Putnam,2520,41
Jack Bech,Zamir White,2520,19
Jack Cochrane,Ashton Gillotte,2310,24
Jack Cochrane,Bryan Cook,2310,44
Jack Cochrane,Cam Jones,2310,2
Jack Cochrane,Chamarri Conner,2310,21
Jack Cochrane,Charles Omenihu,2310,35
Jack Cochrane,Chris Jones,2310,2
Jack Cochrane,Christian Roland-Wallace,2310,9
Jack Cochrane,Cole Christiansen,2310,16
Jack Cochrane,Cooper McDonald,2310,7
Jack Cochrane,Fabien Lovett Sr.,2310,3
Jack Cochrane,Felix Anudike-Uzomah,2310,11
Jack Cochrane,George Karlaftis,2310,11
Jack Cochrane,Jaden Hicks,2310,28
Jack Cochrane,Jaylen Watson,2310,12
Jack Cochrane,Jeffrey Bassa,2310,20
Jack Cochrane,Jerry Tillery,2310,31
Jack Cochrane,Leo Chenal,2310,21
Jack Cochrane,Malik Herring,2310,2
Jack Cochrane,Marlon Tuipulotu,2310,20
Jack Cochrane,Michael Danna,2310,11
Jack Cochrane,Mike Edwards,2310,1
Jack Cochrane,Mike Pennel,2310,17
Jack Cochrane,Nazeeh Johnson,2310,39
Jack Cochrane,Nick Bolton,2310,5
Jack Cochrane,Nohl Williams,2310,30
Jack Cochrane,Omarr Norman-Lott,2310,13
Jack Cochrane,Trent McDuffie,2310,5
Jack Conklin,Adin Huntington,1050,1
Jack Conklin,Brenden Bates,1050,1
Jack Conklin,David Njoku,1050,8
Jack Conklin,Dawand Jones,1050,10
Jack Conklin,Diontae Johnson,1050,6
Jack Conklin,Dylan Sampson,1050,5
Jack Conklin,Ethan Pocic,1050,8
Jack Conklin,Gage Larvadain,1050,3
Jack Conklin,Harold Fannin Jr.,1050,7
Jack Conklin,Isaiah Bond,1050,2
Jack Conklin,Jamari Thrash,1050,4
Jack Conklin,Jerome Ford,1050,5
Jack Conklin,Jerry Jeudy,1050,3
Jack Conklin,Joe Flacco,1050,10
Jack Conklin,Kaden Davis,1050,5
Jack Conklin,Luke Wypler,1050,2
Jack Conklin,Wyatt Teller,1050,10
Jack Conklin,Zak Zinter,1050,10
Jack Conley,Alec Lindstrom,3200,66
Jack Conley,Ben Wooldridge,3200,72
Jack Conley,CJ Dippre,3200,44
Jack Conley,Caedan Wallace,3200,32
Jack Conley,Cole Fotheringham,3200,38
Jack Conley,Cole Strange,3200,6
Jack Conley,Demontrey Jacobs,3200,68
Jack Conley,Efton Chism III,3200,13
Jack Conley,Gee Scott Jr.,3200,23
Jack Conley,JaMycal Hasty,3200,17
Jack Conley,Jack Westover,3200,3
Jack Conley,Jaheim Bell,3200,11
Jack Conley,Javon Baker,3200,27
Jack Conley,Jeremiah Webb,3200,57
Jack Conley,John Jiles,3200,49
Jack Conley,Kyle Williams,3200,6
Jack Conley,Lan Larison,3200,13
Jack Conley,Layden Robinson,3200,34
Jack Conley,Marcus Bryant,3200,4
Jack Conley,Mehki Butler,3200,50
Jack Conley,Micah Bernard,3200,7
Jack Conley,Phil Lutz,3200,17
Jack Conley,Shane Watts,3200,24
Jack Conley,Terrell Jennings,3200,11
Jack Conley,Tyrese Robinson,3200,28
Jack Gibbens,Alex Austin,3200,40
Jack Gibbens,Anfernee Jennings,3200,25
Jack Gibbens,Bradyn Swinson,3200,7
Jack Gibbens,Brenden Schooler,3200,6
Jack Gibbens,Cam Riley,3200,12
Jack Gibbens,Craig Woodson,3200,55
Jack Gibbens,DJ James,3200,27
Jack Gibbens,David Olajiga,3200,7
Jack Gibbens,Dell Pettus,3200,11
Jack Gibbens,Elijah Ponder,3200,25
Jack Gibbens,Isaiah Iton,3200,22
Jack Gibbens,Jabrill Peppers,3200,19
Jack Gibbens,Jahvaree Ritzie,3200,7
Jack Gibbens,Jaylinn Hawkins,3200,11
Jack Gibbens,Jeremiah Pharms Jr.,3200,25
Jack Gibbens,Jordan Polk,3200,7
Jack Gibbens,Joshua Farmer,3200,41
Jack Gibbens,K'Lavon Chaisson,3200,5
Jack Gibbens,Keion White,3200,22
Jack Gibbens,Kobee Minor,3200,28
Jack Gibbens,Kyle Dugger,3200,11
Jack Gibbens,Kyle Peko,3200,18
Jack Gibbens,Marcus Epps,3200,8
Jack Gibbens,Marte Mapu,3200,32
Jack Gibbens,Miles Battle,3200,53
Jack Gibbens,Truman Jones,3200,26
Jack Heflin,A.J. Green,2510,27
Jack Heflin,Bill Norton,2510,29
Jack Heflin,Brennan Jackson,2510,48
Jack Heflin,Cam Lampkin,2510,58
Jack Heflin,Charles Woods,2510,42
Jack Heflin,Da'Jon Terry,2510,9
Jack Heflin,Decarius Hawthorne,2510,10
Jack Heflin,Derion Kendrick,2510,59
Jack Heflin,Desjuan Johnson,2510,71
Jack Heflin,Elias Neal,2510,45
Jack Heflin,Jamil Muhammad,2510,31
Jack Heflin,Josaiah Stewart,2510,11
Jack Heflin,Josh Pearcy,2510,20
Jack Heflin,Josh Wallace,2510,13
Jack Heflin,Keir Thomas,2510,12
Jack Heflin,Larrell Murchison,2510,13
Jack Heflin,Malik Dixon-Williams,2510,52
Jack Heflin,Nate Valcarcel,2510,52
Jack Heflin,Nick Hampton,2510,27
Jack Heflin,Pooh Paul Jr.,2510,50
Jack Heflin,Shaun Dolac,2510,35
Jack Heflin,Shaun Jolly,2510,57
Jack Heflin,Tanner Ingle,2510,66
Jack Heflin,Tony Fields II,2510,47
Jack Heflin,Ty Hamilton,2510,16
Jack Henderson,Bam Martin-Scott,0750,24
Jack Henderson,Cam Jackson,0750,26
Jack Henderson,Carlos Basham,0750,41
Jack Henderson,Isaac Gifford,0750,48
Jack Henderson,J.J. Weaver,0750,30
Jack Henderson,JaTravis Broughton,0750,40
Jack Henderson,Jacoby Windmon,0750,32
Jack Henderson,Jaden Crumedy,0750,27
Jack Henderson,Jared Harrison-Hunte,0750,35
Jack Henderson,Jon Rhattigan,0750,12
Jack Henderson,Krys Barnes,0750,16
Jack Henderson,Lathan Ransom,0750,2
Jack Henderson,Mapalo Mwansa,0750,13
Jack Henderson,Mello Dotson,0750,32
Jack Henderson,Michael Reid,0750,11
Jack Henderson,Sam Roberts,0750,29
Jack Henderson,Thomas Incoom,0750,22
Jack Henderson,Tre Swilling,0750,24
Jack Henderson,Trevian Thomas,0750,16
Jack Jones,Alex Huntley,2700,1
Jack Jones,Ben Stille,2700,11
Jack Jones,Benito Jones,2700,14
Jack Jones,Bradley Chubb,2700,8
Jack Jones,Cameron Goode,2700,18
Jack Jones,Channing Tindall,2700,26
Jack Jones,Chop Robinson,2700,6
Jack Jones,Cornell Armstrong,2700,21
Jack Jones,Dequan Jackson,2700,16
Jack Jones,Derrick McLendon,2700,16
Jack Jones,Elijah Campbell,2700,11
Jack Jones,Ethan Bonner,2700,10
Jack Jones,Eugene Asante,2700,10
Jack Jones,Grayson Murphy,2700,31
Jack Jones,Ifeatu Melifonwu,2700,23
Jack Jones,Isaiah Johnson,2700,8
Jack Jones,Jaelan Phillips,2700,8
Jack Jones,Jason Marshall Jr.,2700,27
Jack Jones,John Saunders Jr.,2700,16
Jack Jones,Jordan Colbert,2700,20
Jack Jones,Jordan Phillips,2700,26
Jack Jones,K.J. Britt,2700,21
Jack Jones,Kendall Sheffield,2700,4
Jack Jones,Kenneth Grant,2700,13
Jack Jones,Matt Dickerson,2700,9
Jack Jones,Matthew Butler,2700,23
Jack Jones,Matthew Judon,2700,6
Jack Jones,Mike Hilton,2700,2
Jack Jones,Minkah Fitzpatrick,2700,6
Jack Jones,Patrick McMorris,2700,30
Jack Jones,Quinton Bell,2700,13
Jack Jones,Storm Duck,2700,23
Jack Jones,Tyrel Dodson,2700,6
Jack Jones,Willie Gay Jr.,2700,27
Jack Jones,Zach Sieler,2700,6
Jack Jones,Zeek Biggers,2700,14
Jack Kiser,Andrew Wingard,2250,2
Jack Kiser,Antonio Johnson,2250,37
Jack Kiser,Austin Johnson,2250,5
Jack Kiser,Aydan White,2250,68
Jack Kiser,BJ Green II,2250,55
Jack Kiser,Branson Combs,2250,42
Jack Kiser,Cam'Ron Silmon-Craig,2250,64
Jack Kiser,Chad Muma,2250,45
Jack Kiser,Christian Braswell,2250,24
Jack Kiser,Daniel Thomas,2250,33
Jack Kiser,Danny Striggow,2250,61
Jack Kiser,Darnell Savage,2250,13
Jack Kiser,Dawuane Smoot,2250,11
Jack Kiser,Deantre Prince,2250,28
Jack Kiser,Dennis Gardeck,2250,2
Jack Kiser,Doneiko Slaughter,2250,54
Jack Kiser,Eli Mostaert,2250,18
Jack Kiser,Emmanuel Ogbah,2250,11
Jack Kiser,Ethan Downs,2250,36
Jack Kiser,Jabbar Muhammad,2250,62
Jack Kiser,James Carpenter,2250,52
Jack Kiser,Jordan Jefferson,2250,46
Jack Kiser,Keivie Rose,2250,66
Jack Kiser,Keni-H Lovely,2250,36
Jack Kiser,Maason Smith,2250,10
Jack Kiser,Myles Cole,2250,44
Jack Kiser,Rayuan Lane III,2250,66
Jack Kiser,Tyler Lacy,2250,12
Jack Kiser,Ventrell Miller,2250,20
Jack Kiser,Yasir Abdullah,2250,27
Jack Kiser,Zech McPhearson,2250,20
Jack Nelson,Ben DiNucci,0200,9
Jack Nelson,Brandon Parker,0200,80
Jack Nelson,Casey Washington,0200,11
Jack Nelson,Chris Blair,0200,103
Jack Nelson,DJ Chark,0200,9
Jack Nelson,David Sills,0200,17
Jack Nelson,Dylan Drummond,0200,79
Jack Nelson,Easton Stick,0200,118
Jack Nelson,Elijah Dotson,0200,40
Jack Nelson,Elijah Wilkinson,0200,75
Jack Nelson,Emory Jones,0200,9
Jack Nelson,Feleipe Franks,0200,53
Jack Nelson,Jake Hanson,0200,7
Jack Nelson,Jashaun Corbin,0200,47
Jack Nelson,Jesse Matthews,0200,46
Jack Nelson,Jordan Williams,0200,11
Jack Nelson,Joshua Gray,0200,104
Jack Nelson,Joshua Simon,0200,66
Jack Nelson,Jovaughn Gwyn,0200,129
Jack Nelson,Kyle Hinton,0200,123
Jack Nelson,Matthew Cindric,0200,13
Jack Nelson,Nate Carter,0200,49
Jack Nelson,Nick Nash,0200,102
Jack Nelson,Nikola Kalinic,0200,45
Jack Nelson,Quincy Skinner Jr.,0200,13
Jack Nelson,Tyrone Wheatley Jr.,0200,2
Jack Plummer,Brady Christensen,0750,44
Jack Plummer,Brandon Walton,0750,48
Jack Plummer,Bryce Pierre,0750,19
Jack Plummer,Brycen Tremayne,0750,27
Jack Plummer,Cade Mays,0750,16
Jack Plummer,Chandler Zavala,0750,18
Jack Plummer,David Moore,0750,53
Jack Plummer,Dominique Dafney,0750,27
Jack Plummer,Emani Bailey,0750,10
Jack Plummer,Hunter Renfrow,0750,40
Jack Plummer,Ja'Seem Reed,0750,9
Jack Plummer,Ja'Tyre Carter,0750,28
Jack Plummer,Jacolby George,0750,12
Jack Plummer,Jalen Coker,0750,10
Jack Plummer,James Mitchell,0750,32
Jack Plummer,Jarrett Kingston,0750,65
Jack Plummer,Jimmy Horn Jr.,0750,13
Jack Plummer,Kayron Lynch-Adams,0750,9
Jack Plummer,Kobe Hudson,0750,30
Jack Plummer,Luke Kandra,0750,42
Jack Plummer,Michael Tarquin,0750,41
Jack Plummer,Mitchell Evans,0750,10
Jack Plummer,Raheem Blackshear,0750,27
Jack Plummer,Steven Losoya,0750,31
Jack Plummer,T.J. Luther,0750,20
Jack Plummer,Trevor Etienne,0750,30
Jack Plummer,Tyler Mabry,0750,2
Jack Plummer,Yosh Nijman,0750,47
Jack Sanborn,Andrew Booth,1200,18
Jack Sanborn,Damone Clark,1200,9
Jack Sanborn,Donovan Ezeiruaku,1200,7
Jack Sanborn,Earnest Brown IV,1200,6
Jack Sanborn,James Houston,1200,3
Jack Sanborn,Jay Toia,1200,6
Jack Sanborn,Juanyeh Thomas,1200,18
Jack Sanborn,Kaiir Elam,1200,16
Jack Sanborn,Marist Liufau,1200,18
Jack Sanborn,Markquese Bell,1200,18
Jack Sanborn,Marshawn Kneeland,1200,12
Jack Sanborn,Mazi Smith,1200,9
Jack Sanborn,Payton Turner,1200,7
Jack Sanborn,Perrion Winfrey,1200,9
Jack Sanborn,Sam Williams,1200,13
Jack Sanborn,Troy Pride,1200,2
Jack Sanborn,Zion Childress,1200,9
Jack Sawyer,Beanie Bishop Jr.,3900,28
Jack Sawyer,Brandin Echols,3900,50
Jack Sawyer,Breiden Fehoko,3900,5
Jack Sawyer,Cameron McCutcheon,3900,6
Jack Sawyer,Carson Bruener,3900,21
Jack Sawyer,Chuck Clark,3900,48
Jack Sawyer,Cole Holcomb,3900,47
Jack Sawyer,D'Shawn Jamison,3900,21
Jack Sawyer,Daniel Ekuale,3900,31
Jack Sawyer,Darius Slay,3900,4
Jack Sawyer,Daryl Porter,3900,46
Jack Sawyer,DeMarvin Leal,3900,87
Jack Sawyer,DeShon Elliott,3900,4
Jack Sawyer,Derrick Harmon,3900,41
Jack Sawyer,Devin Harper,3900,11
Jack Sawyer,Domenique Davis,3900,7
Jack Sawyer,Esezi Otomewo,3900,13
Jack Sawyer,Isaiahh Loudermilk,3900,28
Jack Sawyer,Jalen Ramsey,3900,4
Jack Sawyer,James Pierre,3900,63
Jack Sawyer,Joey Porter Jr.,3900,4
Jack Sawyer,Juan Thornhill,3900,21
Jack Sawyer,Keeanu Benton,3900,22
Jack Sawyer,Kenny Willekes,3900,3
Jack Sawyer,Kyler Baugh,3900,3
Jack Sawyer,Kyler McMichael,3900,25
Jack Sawyer,Logan Lee,3900,24
Jack Sawyer,Malik Harrison,3900,42
Jack Sawyer,Mark Robinson,3900,31
Jack Sawyer,Mikey Victor,3900,6
Jack Sawyer,Miles Killebrew,3900,32
Jack Sawyer,Nick Herbig,3900,2
Jack Sawyer,Patrick Queen,3900,4
Jack Sawyer,Payton Wilson,3900,28
Jack Sawyer,Quindell Johnson,3900,35
Jack Sawyer,Sebastian Castro,3900,43
Jack Sawyer,Yahya Black,3900,30
Jack Stoll,Barry Wesley,3300,10
Jack Stoll,Brandin Cooks,3300,4
Jack Stoll,Bub Means,3300,3
Jack Stoll,Cam Akers,3300,10
Jack Stoll,Cedrick Wilson Jr.,3300,24
Jack Stoll,Cesar Ruiz,3300,17
Jack Stoll,Chris Olave,3300,14
Jack Stoll,Clyde Edwards-Helaire,3300,2
Jack Stoll,Devin Neal,3300,4
Jack Stoll,Dillon Radunz,3300,28
Jack Stoll,Easton Kilty,3300,10
Jack Stoll,Erik McCoy,3300,5
Jack Stoll,Juwan Johnson,3300,6
Jack Stoll,Kelvin Banks Jr.,3300,25
Jack Stoll,Kendre Miller,3300,19
Jack Stoll,Kevin Austin Jr.,3300,11
Jack Stoll,Kyle Hergel,3300,14
Jack Stoll,Landon Young,3300,9
Jack Stoll,Mason Tipton,3300,18
Jack Stoll,Moliki Matavao,3300,1
Jack Stoll,Rashid Shaheed,3300,14
Jack Stoll,Shane Lemieux,3300,4
Jack Stoll,Spencer Rattler,3300,22
Jack Stoll,Taliese Fuaga,3300,12
Jack Stoll,Torricelli Simpkins III,3300,29
Jack Stoll,Trevor Penning,3300,11
Jack Stoll,Treyton Welch,3300,7
Jack Stoll,Tyler Shough,3300,13
Jack Stoll,Velus Jones Jr.,3300,3
Jack Stoll,Will Clapp,3300,1
Jack Westover,Alec Lindstrom,3200,3
Jack Westover,Antonio Gibson,3200,16
Jack Westover,Austin Hooper,3200,12
Jack Westover,Ben Brown,3200,33
Jack Westover,Ben Wooldridge,3200,29
Jack Westover,CJ Dippre,3200,9
Jack Westover,Caedan Wallace,3200,18
Jack Westover,Cole Fotheringham,3200,18
Jack Westover,Cole Strange,3200,38
Jack Westover,DeMario Douglas,3200,1
Jack Westover,Demontrey Jacobs,3200,33
Jack Westover,Drake Maye,3200,13
Jack Westover,Efton Chism III,3200,16
Jack Westover,Garrett Bradbury,3200,19
Jack Westover,Gee Scott Jr.,3200,5
Jack Westover,Hunter Henry,3200,2
Jack Westover,Ja'Lynn Polk,3200,7
Jack Westover,JaMycal Hasty,3200,24
Jack Westover,Jack Conley,3200,3
Jack Westover,Jared Wilson,3200,24
Jack Westover,Javon Baker,3200,31
Jack Westover,Jeremiah Webb,3200,11
Jack Westover,John Jiles,3200,24
Jack Westover,Joshua Dobbs,3200,20
Jack Westover,Kayshon Boutte,3200,10
Jack Westover,Kyle Williams,3200,16
Jack Westover,Lan Larison,3200,2
Jack Westover,Layden Robinson,3200,3
Jack Westover,Mack Hollins,3200,9
Jack Westover,Marcus Bryant,3200,36
Jack Westover,Mehki Butler,3200,3
Jack Westover,Micah Bernard,3200,1
Jack Westover,Mike Onwenu,3200,13
Jack Westover,Phil Lutz,3200,15
Jack Westover,Rhamondre Stevenson,3200,3
Jack Westover,Shane Watts,3200,8
Jack Westover,Sidy Sow,3200,32
Jack Westover,Terrell Jennings,3200,2
Jack Westover,TreVeyon Henderson,3200,6
Jack Westover,Vederian Lowe,3200,39
Jack Westover,Will Campbell,3200,13
Jackson Barton,Ahmani Marshall,1050,29
Jackson Barton,Blake Whiteheart,1050,33
Jackson Barton,Brenden Bates,1050,51
Jackson Barton,Bucky Williams,1050,11
Jackson Barton,Cade McDonald,1050,10
Jackson Barton,Cedric Tillman,1050,13
Jackson Barton,Chase Cota,1050,3
Jackson Barton,Cornelius Lucas,1050,27
Jackson Barton,David Njoku,1050,4
Jackson Barton,Dawand Jones,1050,24
Jackson Barton,Dillon Gabriel,1050,57
Jackson Barton,Diontae Johnson,1050,61
Jackson Barton,Dylan Sampson,1050,8
Jackson Barton,Gage Larvadain,1050,46
Jackson Barton,Harold Fannin Jr.,1050,9
Jackson Barton,Isaiah Bond,1050,6
Jackson Barton,Jamari Thrash,1050,61
Jackson Barton,Jason Ivey,1050,44
Jackson Barton,Javion Cohen,1050,32
Jackson Barton,Jerome Ford,1050,1
Jackson Barton,Joe Flacco,1050,6
Jackson Barton,Kaden Davis,1050,61
Jackson Barton,Kisean Johnson,1050,1
Jackson Barton,Lorenzo Thompson,1050,14
Jackson Barton,Luke Floriea,1050,12
Jackson Barton,Luke Wypler,1050,84
Jackson Barton,Pierre Strong,1050,34
Jackson Barton,Sal Cannella,1050,13
Jackson Barton,Shedeur Sanders,1050,32
Jackson Barton,Teven Jenkins,1050,75
Jackson Barton,Trayveon Williams,1050,19
Jackson Barton,Wyatt Teller,1050,6
Jackson Barton,Zak Zinter,1050,63
Jackson Carman,A.J. Henning,2700,4
Jackson Carman,Addison West,2700,5
Jackson Carman,Alexander Mattison,2700,5
Jackson Carman,Andrew Armstrong,2700,6
Jackson Carman,Braeden Daniels,2700,33
Jackson Carman,Chris Myarick,2700,7
Jackson Carman,Daniel Brunskill,2700,55
Jackson Carman,Dee Eskridge,2700,31
Jackson Carman,Erik Ezukanma,2700,53
Jackson Carman,Germain Ifedi,2700,4
Jackson Carman,Hayden Rucci,2700,19
Jackson Carman,Jaylen Wright,2700,22
Jackson Carman,Jonah Savaiinaea,2700,20
Jackson Carman,Josh Priebe,2700,5
Jackson Carman,Kion Smith,2700,60
Jackson Carman,Larry Borom,2700,18
Jackson Carman,Mike Boone,2700,11
Jackson Carman,Ollie Gordon II,2700,22
Jackson Carman,Pharaoh Brown,2700,27
Jackson Carman,Quinn Ewers,2700,5
Jackson Carman,Ryan Hayes,2700,40
Jackson Carman,Tahj Washington,2700,42
Jackson Carman,Tanner Conner,2700,29
Jackson Carman,Tarik Black,2700,17
Jackson Carman,Theo Wease Jr.,2700,5
Jackson Carman,Zach Wilson,2700,55
Jackson Hawes,Chase Lundt,0610,32
Jackson Hawes,Connor McGovern,0610,3
Jackson Hawes,Dan Feeney,0610,32
Jackson Hawes,Darrynton Evans,0610,5
Jackson Hawes,David Edwards,0610,3
Jackson Hawes,Deon Cain,0610,3
Jackson Hawes,Dion Dawkins,0610,3
Jackson Hawes,Elijah Moore,0610,18
Jackson Hawes,Elijah Young,0610,2
Jackson Hawes,Frank Gore Jr.,0610,20
Jackson Hawes,Jalen Virgil,0610,5
Jackson Hawes,Josh Palmer,0610,5
Jackson Hawes,KJ Hamler,0610,15
Jackson Hawes,Keleki Latu,0610,4
Jackson Hawes,Kendrick Green,0610,32
Jackson Hawes,Keon Coleman,0610,3
Jackson Hawes,Kristian Wilkerson,0610,14
Jackson Hawes,Laviska Shenault Jr.,0610,3
Jackson Hawes,Mike Edwards,0610,11
Jackson Hawes,Mike White,0610,17
Jackson Hawes,Mitchell Trubisky,0610,4
Jackson Hawes,O'Cyrus Torrence,0610,3
Jackson Hawes,Ray Davis,0610,5
Jackson Hawes,Reggie Gilliam,0610,2
Jackson Hawes,Richard Gouraige,0610,32
Jackson Hawes,Ryan Van Demark,0610,24
Jackson Hawes,Shane Buechele,0610,14
Jackson Hawes,Stephen Gosnell,0610,1
Jackson Hawes,Ty Johnson,0610,3
Jackson Hawes,Tyrell Shavers,0610,26
Jackson Hawes,Zach Davidson,0610,6
Jackson Meeks,Colby Sorsdal,1540,20
Jackson Meeks,Craig Reynolds,1540,18
Jackson Meeks,Dan Skipper,1540,28
Jackson Meeks,Deon Jackson,1540,9
Jackson Meeks,Dominic Lovett,1540,24
Jackson Meeks,Giovanni Manu,1540,73
Jackson Meeks,Gunnar Oakes,1540,2
Jackson Meeks,Gunner Britton,1540,20
Jackson Meeks,Hendon Hooker,1540,52
Jackson Meeks,Isaac TeSlaa,1540,48
Jackson Meeks,Jabari Small,1540,26
Jackson Meeks,Jacob Saylors,1540,34
Jackson Meeks,Jakobie Keeney-James,1540,32
Jackson Meeks,Jamarco Jones,1540,28
Jackson Meeks,Kayode Awosika,1540,35
Jackson Meeks,Kenny Yeboah,1540,16
Jackson Meeks,Kingsley Eguakun,1540,51
Jackson Meeks,Kyle Allen,1540,46
Jackson Meeks,Malik Taylor,1540,13
Jackson Meeks,Mason Miller,1540,67
Jackson Meeks,Michael Niese,1540,56
Jackson Meeks,Netane Muti,1540,49
Jackson Meeks,Ronnie Bell,1540,30
Jackson Meeks,Shane Zylstra,1540,35
Jackson Meeks,Sione Vaki,1540,11
Jackson Meeks,Steven Stilianos,1540,5
Jackson Meeks,Tate Ratledge,1540,16
Jackson Meeks,Tom Kennedy,1540,42
Jackson Meeks,Trystan Colon,1540,27
Jackson Meeks,Zach Horton,1540,47
Jackson Meeks,Zack Johnson,1540,20
Jackson Powers-Johnson,Aidan O'Connell,2520,31
Jackson Powers-Johnson,Alex Bachman,2520,25
Jackson Powers-Johnson,Ashton Jeanty,2520,25
Jackson Powers-Johnson,Brock Bowers,2520,11
Jackson Powers-Johnson,Caleb Rogers,2520,31
Jackson Powers-Johnson,Carter Runyon,2520,6
Jackson Powers-Johnson,Charles Grant,2520,25
Jackson Powers-Johnson,Chris Collier,2520,3
Jackson Powers-Johnson,Collin Johnson,2520,20
Jackson Powers-Johnson,DJ Glaze,2520,34
Jackson Powers-Johnson,Dont'e Thornton Jr.,2520,33
Jackson Powers-Johnson,Dylan Laube,2520,4
Jackson Powers-Johnson,Dylan Parham,2520,28
Jackson Powers-Johnson,Geno Smith,2520,28
Jackson Powers-Johnson,Ian Thomas,2520,12
Jackson Powers-Johnson,Jack Bech,2520,22
Jackson Powers-Johnson,Jakobi Meyers,2520,26
Jackson Powers-Johnson,Jordan Meredith,2520,59
Jackson Powers-Johnson,Justin Shorter,2520,4
Jackson Powers-Johnson,Kolton Miller,2520,28
Jackson Powers-Johnson,Michael Mayer,2520,24
Jackson Powers-Johnson,Phillip Dorsett,2520,11
Jackson Powers-Johnson,Qadir Ismail,2520,10
Jackson Powers-Johnson,Raheem Mostert,2520,5
Jackson Powers-Johnson,Shedrick Jackson,2520,4
Jackson Powers-Johnson,Sincere McCormick,2520,13
Jackson Powers-Johnson,Thayer Munford Jr.,2520,33
Jackson Powers-Johnson,Tre Tucker,2520,26
Jackson Powers-Johnson,Zamir White,2520,9
Jackson Sirmon,Aaron Smith,3430,25
Jackson Sirmon,Braiden McGregor,3430,12
Jackson Sirmon,Dean Clark,3430,47
Jackson Sirmon,Derrick Nnadi,3430,11
Jackson Sirmon,Eric Watts,3430,26
Jackson Sirmon,Fatorma Mulbah,3430,28
Jackson Sirmon,Francisco Mauigoa,3430,3
Jackson Sirmon,Ja'Markis Weston n,3430,22
Jackson Sirmon,Jarius Monroe,3430,32
Jackson Sirmon,Jarrick Bernard-Converse,3430,14
Jackson Sirmon,Jordan Clark,3430,28
Jackson Sirmon,Kingsley Jonathan,3430,19
Jackson Sirmon,Leonard Taylor III,3430,17
Jackson Sirmon,Malachi Moore,3430,2
Jackson Sirmon,Mario Goodrich,3430,45
Jackson Sirmon,Michael Fletcher,3430,23
Jackson Sirmon,Payton Page,3430,27
Jackson Sirmon,Phidarian Mathis,3430,10
Jackson Sirmon,Qwan'tez Stiggers,3430,1
Jackson Sirmon,Rashad Weaver,3430,2
Jackson Sirmon,Ryan Cooper Jr.,3430,2
Jackson Sirmon,Tanner McCalister,3430,45
Jackson Sirmon,Tyler Baron,3430,13
Jackson Sirmon,Zaire Barnes,3430,16
Jackson Slater,Andrew Rupcich,2100,87
Jackson Slater,Arlington Hambright,2100,8
Jackson Slater,Blake Hance,2100,10
Jackson Slater,Brandon Allen,2100,55
Jackson Slater,Brandon Crenshaw-Dickson,2100,45
Jackson Slater,Brenden Jaimes,2100,63
Jackson Slater,Bryce Oliver,2100,45
Jackson Slater,Chimere Dike,2100,28
Jackson Slater,David Martin-Robinson,2100,31
Jackson Slater,Drake Dabney,2100,21
Jackson Slater,Elic Ayomanor,2100,24
Jackson Slater,Gunnar Helm,2100,19
Jackson Slater,Jaelyn Duncan,2100,59
Jackson Slater,James Proche,2100,36
Jackson Slater,Jermar Jefferson,2100,21
Jackson Slater,Jha'Quan Jackson,2100,28
Jackson Slater,John Ojukwu,2100,60
Jackson Slater,Jordan Mims,2100,49
Jackson Slater,Josh Whyle,2100,35
Jackson Slater,Julius Chestnut,2100,16
Jackson Slater,Kalel Mullings,2100,16
Jackson Slater,Mason Kinsey,2100,48
Jackson Slater,Matt Landers,2100,8
Jackson Slater,Olisaemeka Udoh,2100,46
Jackson Slater,Sam Mustipher,2100,42
Jackson Slater,T.J. Sheffield,2100,27
Jackson Slater,Thomas Odukoya,2100,27
Jackson Slater,Tim Boyle,2100,18
Jackson Slater,Trevor Siemian,2100,32
Jackson Slater,Tyjae Spears,2100,3
Jackson Slater,Van Jefferson,2100,2
Jackson Slater,Xavier Restrepo,2100,41
Jackson Woodard,Arthur Maulet,2120,25
Jackson Woodard,Casey Toohill,2120,31
Jackson Woodard,D'Angelo Ross,2120,17
Jackson Woodard,Damon Arnette,2120,33
Jackson Woodard,Darrell Taylor,2120,4
Jackson Woodard,Dylan Horton,2120,2
Jackson Woodard,Haggai Ndubuisi,2120,31
Jackson Woodard,Jalen Mills,2120,13
Jackson Woodard,Jamal Hill,2120,23
Jackson Woodard,Jaylin Smith,2120,2
Jackson Woodard,Junior Tafuna,2120,40
Jackson Woodard,K.C. Ossai,2120,35
Jackson Woodard,M.J. Stewart,2120,6
Jackson Woodard,Marlon Davidson,2120,18
Jackson Woodard,Myles Bryant,2120,38
Jackson Woodard,Nick Niemann,2120,14
Jackson Woodard,Russ Yeast,2120,28
Jackson Woodard,Solomon Byrd,2120,33
Jackson Woodard,Tommy Togiai,2120,8
Jackson Woodard,Tremon Smith,2120,39
Jacob Bayer,Chase Lundt,0610,74
Jacob Bayer,Dan Feeney,0610,3
Jacob Bayer,Darrynton Evans,0610,4
Jacob Bayer,Deon Cain,0610,32
Jacob Bayer,Elijah Young,0610,25
Jacob Bayer,Frank Gore Jr.,0610,44
Jacob Bayer,Jalen Virgil,0610,14
Jacob Bayer,KJ Hamler,0610,32
Jacob Bayer,Kaden Prather,0610,10
Jacob Bayer,Keleki Latu,0610,40
Jacob Bayer,Kristian Wilkerson,0610,43
Jacob Bayer,Laviska Shenault Jr.,0610,33
Jacob Bayer,Matt Sokol,0610,32
Jacob Bayer,Mike Edwards,0610,71
Jacob Bayer,Mitchell Trubisky,0610,19
Jacob Bayer,Ray Davis,0610,1
Jacob Bayer,Richard Gouraige,0610,74
Jacob Bayer,Rush Reimer,0610,35
Jacob Bayer,Ryan Van Demark,0610,19
Jacob Bayer,Shane Buechele,0610,55
Jacob Bayer,Stephen Gosnell,0610,26
Jacob Bayer,Travis Clayton,0610,20
Jacob Bayer,Tyrell Shavers,0610,8
Jacob Bayer,Zach Davidson,0610,26
Jacob Harris,Ben Scott,4900,47
Jacob Harris,Benjamin Chukwuma,4900,48
Jacob Harris,Connor Bazelak,4900,48
Jacob Harris,Devin Culp,4900,14
Jacob Harris,Elijah Klein,4900,48
Jacob Harris,Garrett Greene,4900,34
Jacob Harris,Jaden Smith,4900,28
Jacob Harris,Jake Majors,4900,44
Jacob Harris,Jase McClellan,4900,2
Jacob Harris,Josh Williams,4900,4
Jacob Harris,Ko Kieft,4900,25
Jacob Harris,Kyle Trask,4900,12
Jacob Harris,Lorenz Metz,4900,4
Jacob Harris,Luke Haggard,4900,23
Jacob Harris,Mike Jordan,4900,25
Jacob Harris,Owen Wright,4900,43
Jacob Harris,Payne Durham,4900,6
Jacob Harris,Raiqwon O'Neal,4900,12
Jacob Harris,Rakim Jarrett,4900,25
Jacob Harris,Ryan Miller,4900,15
Jacob Harris,Sean Tucker,4900,11
Jacob Harris,Sua Opeta,4900,4
Jacob Harris,Tanner Taula,4900,33
Jacob Harris,Tyler McLellan,4900,45
Jacob Hummel,Adedayo Odeleye,0325,1
Jacob Hummel,Adisa Isaac,0325,6
Jacob Hummel,Aeneas Peebles,0325,7
Jacob Hummel,Basil Okoye,0325,7
Jacob Hummel,Beau Brade,0325,6
Jacob Hummel,Bilhal Kone,0325,2
Jacob Hummel,Brent Urban,0325,11
Jacob Hummel,C.J. Ravenell,0325,7
Jacob Hummel,David Ojabo,0325,11
Jacob Hummel,Jalyn Armour-Davis,0325,9
Jacob Hummel,Jayson Jones,0325,1
Jacob Hummel,John Jenkins,0325,6
Jacob Hummel,Keyon Martin,0325,10
Jacob Hummel,Malaki Starks,0325,3
Jacob Hummel,Marquise Robinson,0325,7
Jacob Hummel,Mike Green,0325,17
Jacob Hummel,Reuben Lowery,0325,8
Jacob Hummel,Sanoussi Kane,0325,17
Jacob Hummel,T.J. Tampa,0325,17
Jacob Hummel,Teddye Buchanan,0325,11
Jacob Hummel,Trenton Simpson,0325,6
Jacob Martin,Ale Kaho,5110,14
Jacob Martin,Andre Jones Jr.,5110,5
Jacob Martin,Bobby Price,5110,16
Jacob Martin,Car'lin Vigers,5110,26
Jacob Martin,Carl Davis,5110,5
Jacob Martin,Clelin Ferrell,5110,12
Jacob Martin,Daron Payne,5110,3
Jacob Martin,Deatrich Wise,5110,7
Jacob Martin,Dominique Hampton,5110,13
Jacob Martin,Dorance Armstrong,5110,1
Jacob Martin,Duke Riley,5110,2
Jacob Martin,Eddie Goldman,5110,16
Jacob Martin,Frankie Luvu,5110,2
Jacob Martin,Jalyn Holmes,5110,14
Jacob Martin,Javon Kinlaw,5110,1
Jacob Martin,Jer'Zhan Newton,5110,18
Jacob Martin,Jeremy Reaves,5110,17
Jacob Martin,Kain Medrano,5110,26
Jacob Martin,Marshon Lattimore,5110,2
Jacob Martin,Mike Sainristil,5110,4
Jacob Martin,Noah Igbinoghene,5110,29
Jacob Martin,Percy Butler,5110,25
Jacob Martin,Quan Martin,5110,4
Jacob Martin,Sheldon Day,5110,9
Jacob Martin,Trey Amos,5110,6
Jacob Martin,Tyler Owens,5110,18
Jacob Martin,Will Harris,5110,4
Jacob Monk,Amar Johnson,1800,14
Jacob Monk,Anthony Belton,1800,56
Jacob Monk,Ben Sims,1800,31
Jacob Monk,Chris Brooks,1800,8
Jacob Monk,Cornelius Johnson,1800,23
Jacob Monk,Donovan Jennings,1800,56
Jacob Monk,Emanuel Wilson,1800,10
Jacob Monk,Isaiah Neyor,1800,5
Jacob Monk,Israel Abanikanda,1800,11
Jacob Monk,Jalen White,1800,2
Jacob Monk,John FitzPatrick,1800,31
Jacob Monk,Johnny Lumpkin,1800,4
Jacob Monk,Jordan Morgan,1800,41
Jacob Monk,Julian Hicks,1800,39
Jacob Monk,Kadeem Telfort,1800,15
Jacob Monk,Luke Musgrave,1800,2
Jacob Monk,Malik Heath,1800,39
Jacob Monk,Malik Willis,1800,41
Jacob Monk,MarShawn Lloyd,1800,11
Jacob Monk,Mecole Hardman,1800,39
Jacob Monk,Messiah Swinson,1800,5
Jacob Monk,Sean Clifford,1800,10
Jacob Monk,Sean Rhyan,1800,41
Jacob Monk,Taylor Elgersma,1800,5
Jacob Monk,Trey Hill,1800,15
Jacob Monk,Will Sheppard,1800,6
Jacob Parrish,Adam Gotsis,4900,13
Jacob Parrish,Anthony Nelson,4900,14
Jacob Parrish,Antonio Grier Jr.,4900,3
Jacob Parrish,C.J. Brewer,4900,18
Jacob Parrish,Calijah Kancey,4900,5
Jacob Parrish,Chris Braswell,4900,33
Jacob Parrish,Christian Izien,4900,30
Jacob Parrish,Deion Jones,4900,38
Jacob Parrish,Elijah Roberts,4900,10
Jacob Parrish,Eric Banks,4900,7
Jacob Parrish,Greg Gaines,4900,16
Jacob Parrish,Haason Reddick,4900,5
Jacob Parrish,JJ Roberts,4900,3
Jacob Parrish,Jamel Dean,4900,5
Jacob Parrish,Josh Hayes,4900,17
Jacob Parrish,Kaevon Merriweather,4900,30
Jacob Parrish,Kindle Vildor,4900,25
Jacob Parrish,Markees Watts,4900,19
Jacob Parrish,Mike Greene,4900,15
Jacob Parrish,Nick Jackson,4900,16
Jacob Parrish,Rashad Wisdom,4900,19
Jacob Parrish,SirVocea Dennis,4900,19
Jacob Parrish,Tykee Smith,4900,5
Jacob Parrish,Vita Vea,4900,5
Jacob Parrish,Yaya Diaby,4900,5
Jacob Parrish,Zyon McCollum,4900,5
Jacob Phillips,Adetomiwa Adebawore,2200,1
Jacob Phillips,Alex Johnson,2200,12
Jacob Phillips,BJ Mayes,2200,9
Jacob Phillips,Chris Lammons,2200,2
Jacob Phillips,Daniel Scott,2200,24
Jacob Phillips,Desmond Little,2200,21
Jacob Phillips,Devonta Davis,2200,12
Jacob Phillips,Duke Shelley,2200,14
Jacob Phillips,Durell Nchami,2200,17
Jacob Phillips,Eric Johnson,2200,14
Jacob Phillips,Isaiah Land,2200,6
Jacob Phillips,JT Tuimoloau,2200,4
Jacob Phillips,Johnathan Edwards,2200,1
Jacob Phillips,Josh Tupou,2200,15
Jacob Phillips,Ladarius Tennison,2200,11
Jacob Phillips,Samuel Womack,2200,1
Jacob Phillips,Segun Olubi,2200,10
Jacob Phillips,Solomon DeShields,2200,14
Jacob Phillips,Tim Smith,2200,16
Jacob Phillips,Tre Herndon,2200,12
Jacob Phillips,Trey Washington,2200,24
Jacob Saylors,Colby Sorsdal,1540,4
Jacob Saylors,Dan Skipper,1540,14
Jacob Saylors,Dominic Lovett,1540,20
Jacob Saylors,Giovanni Manu,1540,58
Jacob Saylors,Gunnar Oakes,1540,1
Jacob Saylors,Gunner Britton,1540,28
Jacob Saylors,Hendon Hooker,1540,39
Jacob Saylors,Isaac TeSlaa,1540,7
Jacob Saylors,Jackson Meeks,1540,34
Jacob Saylors,Jakobie Keeney-James,1540,42
Jacob Saylors,Jamarco Jones,1540,4
Jacob Saylors,Kayode Awosika,1540,11
Jacob Saylors,Kenny Yeboah,1540,11
Jacob Saylors,Kingsley Eguakun,1540,30
Jacob Saylors,Kyle Allen,1540,23
Jacob Saylors,Malik Taylor,1540,8
Jacob Saylors,Mason Miller,1540,48
Jacob Saylors,Michael Niese,1540,51
Jacob Saylors,Netane Muti,1540,30
Jacob Saylors,Ronnie Bell,1540,51
Jacob Saylors,Shane Zylstra,1540,6
Jacob Saylors,Steven Stilianos,1540,11
Jacob Saylors,Tom Kennedy,1540,11
Jacob Saylors,Trystan Colon,1540,4
Jacob Saylors,Zach Horton,1540,46
Jacob Saylors,Zack Johnson,1540,28
Jacob Sykes,A.J. Woods,3700,11
Jacob Sykes,Adoree' Jackson,3700,11
Jacob Sykes,Andre' Sam,3700,45
Jacob Sykes,Andrew Mukuba,3700,11
Jacob Sykes,Antwaun Powell-Ryland,3700,42
Jacob Sykes,Azeez Ojulari,3700,12
Jacob Sykes,Brandon Johnson,3700,9
Jacob Sykes,Byron Young,3700,10
Jacob Sykes,Chance Campbell,3700,16
Jacob Sykes,Dallas Gant,3700,50
Jacob Sykes,Eli Ricks,3700,44
Jacob Sykes,Gabe Hall,3700,12
Jacob Sykes,Jakorian Bennett,3700,17
Jacob Sykes,Jereme Robinson,3700,2
Jacob Sykes,Jeremiah Trotter Jr.,3700,14
Jacob Sykes,Jihaad Campbell,3700,13
Jacob Sykes,Joe Evans,3700,37
Jacob Sykes,Joshua Uche,3700,9
Jacob Sykes,Justin Rogers,3700,18
Jacob Sykes,Kelee Ringo,3700,18
Jacob Sykes,Lance Dixon,3700,29
Jacob Sykes,Lewis Cine,3700,18
Jacob Sykes,Mac McWilliams,3700,51
Jacob Sykes,Maxen Hook,3700,30
Jacob Sykes,Ochaun Mathis,3700,47
Jacob Sykes,Ogbo Okoronkwo,3700,23
Jacob Sykes,Parry Nickerson,3700,41
Jacob Sykes,Patrick Johnson,3700,17
Jacob Sykes,Smael Mondon Jr.,3700,30
Jacob Sykes,Sydney Brown,3700,17
Jacob Sykes,Tariq Castro-Fields,3700,3
Jacob Sykes,Tristin McCollum,3700,31
Jacob Sykes,Ty Robinson,3700,22
Jacobe Covington,Ajani Carter,2310,18
Jacobe Covington,Azizi Hearn,2310,16
Jacobe Covington,Brandon George,2310,18
Jacobe Covington,Christian Roland-Wallace,2310,2
Jacobe Covington,Cooper McDonald,2310,7
Jacobe Covington,Coziah Izzard,2310,18
Jacobe Covington,Fabien Lovett Sr.,2310,11
Jacobe Covington,Glendon Miller,2310,10
Jacobe Covington,Janarius Robinson,2310,4
Jacobe Covington,Jeffrey Bassa,2310,8
Jacobe Covington,Joshua Williams,2310,2
Jacobe Covington,Kevin Knowles,2310,10
Jacobe Covington,Major Williams,2310,7
Jacobe Covington,Malik Herring,2310,17
Jacobe Covington,Marlon Tuipulotu,2310,4
Jacobe Covington,Nate Matlack,2310,13
Jacobe Covington,Owen Carney,2310,5
Jacobe Covington,Xander Mueller,2310,10
Jacoby Brissett,Andre Baccellia,3800,12
Jacoby Brissett,Christian Jones,3800,16
Jacoby Brissett,Elijah Higgins,3800,30
Jacoby Brissett,Emari Demercado,3800,14
Jacoby Brissett,Greg Dortch,3800,7
Jacoby Brissett,Hayden Conner,3800,20
Jacoby Brissett,Jake Curhan,3800,1
Jacoby Brissett,Jeremiah Byers,3800,16
Jacoby Brissett,Jon Gaines II,3800,16
Jacoby Brissett,Josh Fryar,3800,33
Jacoby Brissett,Josiah Deguara,3800,2
Jacoby Brissett,Michael Carter,3800,12
Jacoby Brissett,Nick Leverett,3800,33
Jacoby Brissett,Royce Newman,3800,17
Jacoby Brissett,Simi Fehoko,3800,10
Jacoby Brissett,Sincere Haynesworth,3800,13
Jacoby Brissett,Tejhaun Palmer,3800,20
Jacoby Brissett,Tip Reiman,3800,2
Jacoby Brissett,Travis Vokolek,3800,17
Jacoby Brissett,Trey Benson,3800,7
Jacoby Brissett,Xavier Weaver,3800,32
Jacoby Jones,Bobby Hart,5110,34
Jacoby Jones,Braylon Sanders,5110,11
Jacoby Jones,Chris Rodriguez Jr.,5110,2
Jacoby Jones,Cole Turner,5110,14
Jacoby Jones,Colson Yankoff,5110,8
Jacoby Jones,Demetric Felton,5110,17
Jacoby Jones,Foster Sarell,5110,35
Jacoby Jones,Ja'Corey Brooks,5110,26
Jacoby Jones,Jacory Croskey-Merritt,5110,6
Jacoby Jones,Josh Johnson,5110,29
Jacoby Jones,Julian Good-Jones,5110,13
Jacoby Jones,Kazmeir Allen,5110,10
Jacoby Jones,Lawrence Cager,5110,14
Jacoby Jones,Lucas Niang,5110,4
Jacoby Jones,Michael Deiter,5110,26
Jacoby Jones,Michael Gallup,5110,17
Jacoby Jones,Mike Strachan,5110,4
Jacoby Jones,Nick Harris,5110,9
Jacoby Jones,Noah Brown,5110,2
Jacoby Jones,River Cracraft,5110,3
Jacoby Jones,Sam Hartman,5110,6
Jacoby Jones,Tay Martin,5110,6
Jacoby Jones,Timothy McKay,5110,22
Jacoby Jones,Trent Scott,5110,8
Jacoby Jones,Tyre Phillips,5110,24
Jacoby Windmon,Akayleb Evans,0750,11
Jacoby Windmon,Bam Martin-Scott,0750,26
Jacoby Windmon,Bobby Brown III,0750,19
Jacoby Windmon,Cam Jackson,0750,20
Jacoby Windmon,Carlos Basham,0750,35
Jacoby Windmon,Corey Thornton,0750,20
Jacoby Windmon,DJ Johnson,0750,15
Jacoby Windmon,Demani Richardson,0750,37
Jacoby Windmon,Isaac Gifford,0750,33
Jacoby Windmon,J.J. Weaver,0750,22
Jacoby Windmon,JaTravis Broughton,0750,27
Jacoby Windmon,Jack Henderson,0750,32
Jacoby Windmon,Jaden Crumedy,0750,32
Jacoby Windmon,Jared Harrison-Hunte,0750,38
Jacoby Windmon,Jon Rhattigan,0750,37
Jacoby Windmon,Lathan Ransom,0750,24
Jacoby Windmon,Mapalo Mwansa,0750,6
Jacoby Windmon,Mello Dotson,0750,17
Jacoby Windmon,Michael Reid,0750,20
Jacoby Windmon,Nic Scourton,0750,14
Jacoby Windmon,Nick Scott,0750,15
Jacoby Windmon,Princely Umanmielen,0750,25
Jacoby Windmon,Sam Roberts,0750,36
Jacoby Windmon,Shemar Bartholomew,0750,26
Jacoby Windmon,Shy Tuttle,0750,18
Jacoby Windmon,Thomas Incoom,0750,24
Jacoby Windmon,Tre Swilling,0750,37
Jacoby Windmon,Trevian Thomas,0750,24
Jacolby George,Brandon Walton,0750,22
Jacolby George,Bryce Perkins,0750,18
Jacolby George,Bryce Pierre,0750,17
Jacolby George,Dominique Dafney,0750,16
Jacolby George,Emani Bailey,0750,10
Jacolby George,Hunter Renfrow,0750,1
Jacolby George,Jack Plummer,0750,12
Jacolby George,James Mitchell,0750,1
Jacolby George,Jarrett Kingston,0750,28
Jacolby George,Jimmy Horn Jr.,0750,17
Jacolby George,Kayron Lynch-Adams,0750,18
Jacolby George,Kobe Hudson,0750,27
Jacolby George,Luke Kandra,0750,30
Jacolby George,Michael Tarquin,0750,30
Jacolby George,Raheem Blackshear,0750,2
Jacolby George,Steven Losoya,0750,30
Jacolby George,T.J. Luther,0750,10
Jacolby George,Tyler Mabry,0750,1
Jacolby George,Yosh Nijman,0750,10
Jacory Croskey-Merritt,Andrew Wylie,5110,3
Jacory Croskey-Merritt,Ben Sinnott,5110,15
Jacory Croskey-Merritt,Bobby Hart,5110,19
Jacory Croskey-Merritt,Chris Moore,5110,9
Jacory Croskey-Merritt,Chris Paul,5110,19
Jacory Croskey-Merritt,Cole Turner,5110,14
Jacory Croskey-Merritt,Colson Yankoff,5110,7
Jacory Croskey-Merritt,Foster Sarell,5110,15
Jacory Croskey-Merritt,Ja'Corey Brooks,5110,12
Jacory Croskey-Merritt,Jacoby Jones,5110,6
Jacory Croskey-Merritt,Jaylin Lane,5110,9
Jacory Croskey-Merritt,John Bates,5110,3
Jacory Croskey-Merritt,Josh Conerly Jr.,5110,15
Jacory Croskey-Merritt,Josh Johnson,5110,11
Jacory Croskey-Merritt,Julian Good-Jones,5110,19
Jacory Croskey-Merritt,K.J. Osborn,5110,18
Jacory Croskey-Merritt,Luke McCaffrey,5110,18
Jacory Croskey-Merritt,Michael Deiter,5110,21
Jacory Croskey-Merritt,Michael Gallup,5110,13
Jacory Croskey-Merritt,Nick Allegretti,5110,3
Jacory Croskey-Merritt,Sam Hartman,5110,23
Jacory Croskey-Merritt,Tay Martin,5110,12
Jacory Croskey-Merritt,Timothy McKay,5110,7
Jacory Croskey-Merritt,Trent Scott,5110,31
Jacory Croskey-Merritt,Tyler Biadasz,5110,3
Jacory Croskey-Merritt,Tyre Phillips,5110,15
Jaden Crumedy,Akayleb Evans,0750,26
Jaden Crumedy,Bam Martin-Scott,0750,36
Jaden Crumedy,Bobby Brown III,0750,9
Jaden Crumedy,Cam Jackson,0750,18
Jaden Crumedy,Carlos Basham,0750,44
Jaden Crumedy,Claudin Cherelus,0750,4
Jaden Crumedy,Corey Thornton,0750,31
Jaden Crumedy,DJ Johnson,0750,5
Jaden Crumedy,Demani Richardson,0750,46
Jaden Crumedy,Isaac Gifford,0750,37
Jaden Crumedy,J.J. Weaver,0750,16
Jaden Crumedy,JaTravis Broughton,0750,27
Jaden Crumedy,Jack Henderson,0750,27
Jaden Crumedy,Jacoby Windmon,0750,32
Jaden Crumedy,Jared Harrison-Hunte,0750,31
Jaden Crumedy,Jon Rhattigan,0750,24
Jaden Crumedy,Krys Barnes,0750,46
Jaden Crumedy,Lathan Ransom,0750,42
Jaden Crumedy,Mapalo Mwansa,0750,8
Jaden Crumedy,Mello Dotson,0750,24
Jaden Crumedy,Michael Reid,0750,20
Jaden Crumedy,Nic Scourton,0750,2
Jaden Crumedy,Nick Scott,0750,18
Jaden Crumedy,Princely Umanmielen,0750,40
Jaden Crumedy,Sam Roberts,0750,51
Jaden Crumedy,Shemar Bartholomew,0750,27
Jaden Crumedy,Shy Tuttle,0750,10
Jaden Crumedy,Thomas Incoom,0750,53
Jaden Crumedy,Tre Swilling,0750,32
Jaden Crumedy,Trevian Thomas,0750,14
Jaden Hicks,Ashton Gillotte,2310,50
Jaden Hicks,Bryan Cook,2310,54
Jaden Hicks,Cam Jones,2310,27
Jaden Hicks,Chamarri Conner,2310,21
Jaden Hicks,Charles Omenihu,2310,48
Jaden Hicks,Chris Jones,2310,11
Jaden Hicks,Christian Roland-Wallace,2310,29
Jaden Hicks,Cole Christiansen,2310,23
Jaden Hicks,Cooper McDonald,2310,16
Jaden Hicks,Coziah Izzard,2310,3
Jaden Hicks,Fabien Lovett Sr.,2310,10
Jaden Hicks,Felix Anudike-Uzomah,2310,29
Jaden Hicks,George Karlaftis,2310,15
Jaden Hicks,Jack Cochrane,2310,28
Jaden Hicks,Jaylen Watson,2310,23
Jaden Hicks,Jeffrey Bassa,2310,41
Jaden Hicks,Jerry Tillery,2310,50
Jaden Hicks,Joshua Williams,2310,16
Jaden Hicks,Kristian Fulton,2310,16
Jaden Hicks,Leo Chenal,2310,20
Jaden Hicks,Malik Herring,2310,15
Jaden Hicks,Marlon Tuipulotu,2310,31
Jaden Hicks,Melvin Smith Jr.,2310,6
Jaden Hicks,Michael Danna,2310,12
Jaden Hicks,Mike Edwards,2310,20
Jaden Hicks,Mike Pennel,2310,11
Jaden Hicks,Nazeeh Johnson,2310,36
Jaden Hicks,Nick Bolton,2310,16
Jaden Hicks,Nohl Williams,2310,35
Jaden Hicks,Omarr Norman-Lott,2310,22
Jaden Hicks,Trent McDuffie,2310,16
Jaden Robinson,Andrew Farmer,1400,38
Jaden Robinson,Damarri Mathis,1400,2
Jaden Robinson,Delarrin Turner-Yell,1400,42
Jaden Robinson,Dondrea Tillman,1400,2
Jaden Robinson,Eyioma Uwazurike,1400,8
Jaden Robinson,Garret Wallow,1400,18
Jaden Robinson,Garrett Nelson,1400,38
Jaden Robinson,J.B. Brown,1400,9
Jaden Robinson,JL Skinner,1400,6
Jaden Robinson,Jordan Jackson,1400,8
Jaden Robinson,Jordan Miller,1400,18
Jaden Robinson,Jordan Turner,1400,40
Jaden Robinson,Joshua Pickett,1400,33
Jaden Robinson,Karene Reid,1400,25
Jaden Robinson,Keidron Smith,1400,6
Jaden Robinson,Kris Abrams-Draine,1400,6
Jaden Robinson,Kristian Williams,1400,18
Jaden Robinson,Micah Abraham,1400,29
Jaden Robinson,Michael Dwumfour,1400,16
Jaden Robinson,Que Robinson,1400,18
Jaden Robinson,Quinton Newsome,1400,23
Jaden Robinson,Sai'vion Jones,1400,35
Jaden Robinson,Sam Franklin Jr.,1400,42
Jaden Smith,Ben Scott,4900,26
Jaden Smith,Benjamin Chukwuma,4900,24
Jaden Smith,Connor Bazelak,4900,25
Jaden Smith,Devin Culp,4900,5
Jaden Smith,Elijah Klein,4900,24
Jaden Smith,Garrett Greene,4900,17
Jaden Smith,Jacob Harris,4900,28
Jaden Smith,Jake Majors,4900,25
Jaden Smith,Josh Williams,4900,3
Jaden Smith,Ko Kieft,4900,13
Jaden Smith,Kyle Trask,4900,5
Jaden Smith,Luke Haggard,4900,11
Jaden Smith,Mike Jordan,4900,10
Jaden Smith,Owen Wright,4900,23
Jaden Smith,Payne Durham,4900,2
Jaden Smith,Raiqwon O'Neal,4900,4
Jaden Smith,Rakim Jarrett,4900,2
Jaden Smith,Ryan Miller,4900,3
Jaden Smith,Sean Tucker,4900,4
Jaden Smith,Tanner Taula,4900,20
Jaden Smith,Tyler McLellan,4900,26
Jaelan Phillips,Benito Jones,2700,6
Jaelan Phillips,Bradley Chubb,2700,8
Jaelan Phillips,Elijah Campbell,2700,2
Jaelan Phillips,Ifeatu Melifonwu,2700,6
Jaelan Phillips,Jack Jones,2700,8
Jaelan Phillips,Jason Marshall Jr.,2700,6
Jaelan Phillips,Jordan Phillips,2700,6
Jaelan Phillips,K.J. Britt,2700,2
Jaelan Phillips,Minkah Fitzpatrick,2700,6
Jaelan Phillips,Patrick McMorris,2700,2
Jaelan Phillips,Storm Duck,2700,8
Jaelan Phillips,Tyrel Dodson,2700,6
Jaelan Phillips,Willie Gay Jr.,2700,8
Jaelan Phillips,Zach Sieler,2700,6
Jaelyn Duncan,Andrew Rupcich,2100,55
Jaelyn Duncan,Arlington Hambright,2100,6
Jaelyn Duncan,Blake Hance,2100,14
Jaelyn Duncan,Brandon Allen,2100,39
Jaelyn Duncan,Brandon Crenshaw-Dickson,2100,32
Jaelyn Duncan,Brenden Jaimes,2100,42
Jaelyn Duncan,Bryce Oliver,2100,21
Jaelyn Duncan,Chimere Dike,2100,18
Jaelyn Duncan,David Martin-Robinson,2100,17
Jaelyn Duncan,Drake Dabney,2100,17
Jaelyn Duncan,Elic Ayomanor,2100,9
Jaelyn Duncan,Gunnar Helm,2100,9
Jaelyn Duncan,Jackson Slater,2100,59
Jaelyn Duncan,James Proche,2100,17
Jaelyn Duncan,Jermar Jefferson,2100,13
Jaelyn Duncan,Jha'Quan Jackson,2100,20
Jaelyn Duncan,John Ojukwu,2100,35
Jaelyn Duncan,Jordan Mims,2100,36
Jaelyn Duncan,Josh Whyle,2100,23
Jaelyn Duncan,Julius Chestnut,2100,13
Jaelyn Duncan,Kalel Mullings,2100,5
Jaelyn Duncan,Mason Kinsey,2100,29
Jaelyn Duncan,Matt Landers,2100,8
Jaelyn Duncan,Sam Mustipher,2100,25
Jaelyn Duncan,T.J. Sheffield,2100,23
Jaelyn Duncan,Thomas Odukoya,2100,17
Jaelyn Duncan,Tim Boyle,2100,9
Jaelyn Duncan,Trevor Siemian,2100,19
Jaelyn Duncan,Van Jefferson,2100,2
Jaelyn Duncan,Xavier Restrepo,2100,38
Jah Joyner,Amari Gainer,2520,4
Jah Joyner,Andre Carter II,2520,6
Jah Joyner,Anthony Booker,2520,12
Jah Joyner,Charles Snowden,2520,6
Jah Joyner,Chris Smith II,2520,1
Jah Joyner,Cody Lindenberg,2520,28
Jah Joyner,Darnay Holmes,2520,4
Jah Joyner,Greedy Vance,2520,10
Jah Joyner,Hudson Clark,2520,31
Jah Joyner,JJ Pegues,2520,22
Jah Joyner,JT Woods,2520,9
Jah Joyner,Jahfari Harvey,2520,2
Jah Joyner,John Humphrey,2520,29
Jah Joyner,Keondre Coburn,2520,12
Jah Joyner,Leki Fotu,2520,1
Jah Joyner,Matt Jones,2520,6
Jah Joyner,Michael Barrett,2520,25
Jah Joyner,Ovie Oghoufo,2520,15
Jah Joyner,Sam Webb,2520,24
Jah Joyner,Tommy Eichenberg,2520,2
Jah Joyner,Tonka Hemingway,2520,2
Jah Joyner,Treven Ma'ae,2520,28
Jah Joyner,Trey Taylor,2520,31
Jahan Dotson,Ainias Smith,3700,4
Jahan Dotson,Brett Toth,3700,9
Jahan Dotson,Drew Kendall,3700,9
Jahan Dotson,Grant Calcaterra,3700,9
Jahan Dotson,Harrison Bryant,3700,5
Jahan Dotson,Johnny Wilson,3700,9
Jahan Dotson,Kendall Lamm,3700,9
Jahan Dotson,Matt Pryor,3700,9
Jahan Dotson,Tanner McKee,3700,9
Jahan Dotson,Tyler Steen,3700,9
Jahan Dotson,Will Shipley,3700,9
Jahdae Barron,Alex Singleton,1400,4
Jahdae Barron,Brandon Jones,1400,5
Jahdae Barron,D.J. Jones,1400,2
Jahdae Barron,Damarri Mathis,1400,21
Jahdae Barron,Devon Key,1400,18
Jahdae Barron,Dondrea Tillman,1400,27
Jahdae Barron,Eyioma Uwazurike,1400,25
Jahdae Barron,JL Skinner,1400,14
Jahdae Barron,Ja'Quan McMillian,1400,6
Jahdae Barron,John Franklin-Myers,1400,3
Jahdae Barron,Jonah Elliss,1400,28
Jahdae Barron,Jonathon Cooper,1400,5
Jahdae Barron,Jordan Jackson,1400,23
Jahdae Barron,Jordan Miller,1400,8
Jahdae Barron,Justin Strnad,1400,21
Jahdae Barron,Karene Reid,1400,12
Jahdae Barron,Keidron Smith,1400,14
Jahdae Barron,Kris Abrams-Draine,1400,28
Jahdae Barron,Kristian Williams,1400,7
Jahdae Barron,Levelle Bailey,1400,33
Jahdae Barron,Malcolm Roach,1400,4
Jahdae Barron,Nik Bonitto,1400,1
Jahdae Barron,P.J. Locke,1400,18
Jahdae Barron,Pat Surtain II,1400,5
Jahdae Barron,Que Robinson,1400,13
Jahdae Barron,Quinton Newsome,1400,1
Jahdae Barron,Riley Moss,1400,5
Jahdae Barron,Sai'vion Jones,1400,11
Jahdae Barron,Talanoa Hufanga,1400,5
Jahdae Barron,Zach Allen,1400,3
Jahdae Walker,Austin Reed,0810,33
Jahdae Walker,Brittain Brown,0810,31
Jahdae Walker,Case Keenum,0810,12
Jahdae Walker,Chris Glaser,0810,64
Jahdae Walker,Deion Hankins,0810,7
Jahdae Walker,Ian Wheeler,0810,33
Jahdae Walker,JP Richardson,0810,33
Jahdae Walker,Joel Wilson,0810,60
Jahdae Walker,John Jackson,0810,10
Jahdae Walker,Jordan McFadden,0810,65
Jahdae Walker,Joshua Miles,0810,72
Jahdae Walker,Kiran Amegadjie,0810,49
Jahdae Walker,Luke Newman,0810,17
Jahdae Walker,Maurice Alexander,0810,27
Jahdae Walker,Ozzy Trapilo,0810,16
Jahdae Walker,Ricky Stromberg,0810,72
Jahdae Walker,Royce Freeman,0810,2
Jahdae Walker,Ryan Bates,0810,1
Jahdae Walker,Samori Toure,0810,53
Jahdae Walker,Stephen Carlson,0810,14
Jahdae Walker,Theo Benedet,0810,9
Jahdae Walker,Thomas Gordon,0810,15
Jahdae Walker,Tyler Scott,0810,7
Jahdae Walker,Tyson Bagent,0810,28
Jaheim Bell,Alec Lindstrom,3200,11
Jaheim Bell,Antonio Gibson,3200,5
Jaheim Bell,Ben Brown,3200,7
Jaheim Bell,Ben Wooldridge,3200,15
Jaheim Bell,CJ Dippre,3200,10
Jaheim Bell,Caedan Wallace,3200,9
Jaheim Bell,Cole Strange,3200,11
Jaheim Bell,Demontrey Jacobs,3200,22
Jaheim Bell,Efton Chism III,3200,5
Jaheim Bell,Gee Scott Jr.,3200,1
Jaheim Bell,Ja'Lynn Polk,3200,4
Jaheim Bell,JaMycal Hasty,3200,8
Jaheim Bell,Jack Conley,3200,11
Jaheim Bell,Jared Wilson,3200,2
Jaheim Bell,Javon Baker,3200,14
Jaheim Bell,Jeremiah Webb,3200,12
Jaheim Bell,John Jiles,3200,12
Jaheim Bell,Joshua Dobbs,3200,7
Jaheim Bell,Kyle Williams,3200,3
Jaheim Bell,Layden Robinson,3200,3
Jaheim Bell,Marcus Bryant,3200,7
Jaheim Bell,Mehki Butler,3200,7
Jaheim Bell,Micah Bernard,3200,1
Jaheim Bell,Phil Lutz,3200,5
Jaheim Bell,Shane Watts,3200,6
Jaheim Bell,Sidy Sow,3200,4
Jaheim Bell,Terrell Jennings,3200,2
Jaheim Bell,Tyrese Robinson,3200,12
Jaheim Bell,Vederian Lowe,3200,4
Jahfari Harvey,Andre Carter II,2520,3
Jahfari Harvey,Anthony Booker,2520,2
Jahfari Harvey,Charles Snowden,2520,1
Jahfari Harvey,Chris Smith II,2520,3
Jahfari Harvey,Cody Lindenberg,2520,19
Jahfari Harvey,Darnay Holmes,2520,9
Jahfari Harvey,Decamerion Richardson,2520,2
Jahfari Harvey,Greedy Vance,2520,7
Jahfari Harvey,Hudson Clark,2520,19
Jahfari Harvey,JJ Pegues,2520,16
Jahfari Harvey,JT Woods,2520,10
Jahfari Harvey,Jah Joyner,2520,2
Jahfari Harvey,Jaylon Smith,2520,2
Jahfari Harvey,John Humphrey,2520,11
Jahfari Harvey,Keondre Coburn,2520,2
Jahfari Harvey,Leki Fotu,2520,1
Jahfari Harvey,Matt Jones,2520,13
Jahfari Harvey,Michael Barrett,2520,7
Jahfari Harvey,Ovie Oghoufo,2520,15
Jahfari Harvey,Sam Webb,2520,19
Jahfari Harvey,Terrell Edmunds,2520,2
Jahfari Harvey,Tommy Eichenberg,2520,4
Jahfari Harvey,Tonka Hemingway,2520,6
Jahfari Harvey,Treven Ma'ae,2520,14
Jahfari Harvey,Trey Taylor,2520,19
Jahfari Harvey,Zachary Carter,2520,2
Jahmal Banks,Anthony Miller,0325,17
Jahmal Banks,Baylor Cupp,0325,14
Jahmal Banks,Carson Vinson,0325,55
Jahmal Banks,D'Ernest Johnson,0325,24
Jahmal Banks,Darrian Dalcourt,0325,4
Jahmal Banks,Dayton Wade,0325,4
Jahmal Banks,Devin Leary,0325,55
Jahmal Banks,Garrett Dellinger,0325,55
Jahmal Banks,Gerad Lichtenhan,0325,55
Jahmal Banks,Jared Penning,0325,51
Jahmal Banks,Lucas Scott,0325,20
Jahmal Banks,Malik Cunningham,0325,23
Jahmal Banks,Myles Gaskin,0325,21
Jahmal Banks,Nick Samac,0325,19
Jahmal Banks,Rasheen Ali,0325,10
Jahmal Banks,Reid Holskey,0325,36
Jahmal Banks,Scotty Washington,0325,22
Jahmal Banks,Xavier Guillory,0325,35
Jahmal Banks,Zaire Mitchell-Paden,0325,30
Jahvaree Ritzie,Alex Austin,3200,2
Jahvaree Ritzie,Anfernee Jennings,3200,5
Jahvaree Ritzie,Bradyn Swinson,3200,43
Jahvaree Ritzie,Brandon Crossley,3200,29
Jahvaree Ritzie,Brenden Schooler,3200,2
Jahvaree Ritzie,Bryce Ganious,3200,4
Jahvaree Ritzie,Cam Riley,3200,26
Jahvaree Ritzie,Craig Woodson,3200,7
Jahvaree Ritzie,DJ James,3200,2
Jahvaree Ritzie,David Olajiga,3200,28
Jahvaree Ritzie,Dell Pettus,3200,37
Jahvaree Ritzie,Elijah Ponder,3200,35
Jahvaree Ritzie,Isaiah Bolden,3200,22
Jahvaree Ritzie,Isaiah Iton,3200,2
Jahvaree Ritzie,Jabrill Peppers,3200,5
Jahvaree Ritzie,Jack Gibbens,3200,7
Jahvaree Ritzie,Jeremiah Pharms Jr.,3200,9
Jahvaree Ritzie,Jordan Polk,3200,30
Jahvaree Ritzie,Josh Minkins,3200,9
Jahvaree Ritzie,Keion White,3200,6
Jahvaree Ritzie,Kobee Minor,3200,30
Jahvaree Ritzie,Kyle Dugger,3200,29
Jahvaree Ritzie,Kyle Peko,3200,10
Jahvaree Ritzie,Marcus Epps,3200,35
Jahvaree Ritzie,Marte Mapu,3200,10
Jahvaree Ritzie,Miles Battle,3200,12
Jahvaree Ritzie,Monty Rice,3200,38
Jahvaree Ritzie,Philip Blidi,3200,11
Jahvaree Ritzie,R.J. Moten,3200,23
Jahvaree Ritzie,Tre Avery,3200,13
Jahvaree Ritzie,Truman Jones,3200,19
Jaison Williams,Antwane Wells Jr.,3410,15
Jaison Williams,Bryan Hudson,3410,42
Jaison Williams,Da'Quan Felton,3410,3
Jaison Williams,Dalen Cambre,3410,3
Jaison Williams,Dante Miller,3410,18
Jaison Williams,Greg Dulcich,3410,20
Jaison Williams,Gunner Olszewski,3410,8
Jaison Williams,Jake Kubas,3410,31
Jaison Williams,Jermaine Terry,3410,8
Jaison Williams,Jimmy Morrissey,3410,42
Jaison Williams,Jonathan Ward,3410,24
Jaison Williams,Jordan Bly,3410,26
Jaison Williams,Joshua Ezeudu,3410,8
Jaison Williams,Lil'Jordan Humphrey,3410,20
Jaison Williams,Marcus Mbow,3410,3
Jaison Williams,Montrell Washington,3410,19
Jaison Williams,Stone Forsythe,3410,42
Jaison Williams,Thomas Fidone II,3410,24
Jaison Williams,Tommy DeVito,3410,42
Jaison Williams,Zach Pascal,3410,22
Jake Andrews,Aireontae Ersery,2120,33
Jake Andrews,Blake Fisher,2120,33
Jake Andrews,Braxton Berrios,2120,2
Jake Andrews,Brevin Jordan,2120,6
Jake Andrews,C.J. Stroud,2120,13
Jake Andrews,Cade Stover,2120,20
Jake Andrews,Christian Kirk,2120,9
Jake Andrews,Dalton Schultz,2120,17
Jake Andrews,Dare Ogunbowale,2120,12
Jake Andrews,Davis Mills,2120,20
Jake Andrews,Ed Ingram,2120,33
Jake Andrews,Jakob Johnson,2120,6
Jake Andrews,Jawhar Jordan,2120,2
Jake Andrews,Jayden Higgins,2120,17
Jake Andrews,Jaylin Noel,2120,10
Jake Andrews,John Metchie III,2120,5
Jake Andrews,Juice Scruggs,2120,10
Jake Andrews,Justin Watson,2120,5
Jake Andrews,Laken Tomlinson,2120,23
Jake Andrews,Nick Chubb,2120,11
Jake Andrews,Nico Collins,2120,11
Jake Andrews,Woody Marks,2120,8
Jake Andrews,Xavier Hutchinson,2120,24
Jake Bobo,Abraham Lucas,4600,18
Jake Bobo,Amari Kight,4600,39
Jake Bobo,Anthony Bradford,4600,18
Jake Bobo,Anthony Tyus III,4600,3
Jake Bobo,Brady Russell,4600,6
Jake Bobo,Bryce Cabeldue,4600,23
Jake Bobo,Christian Haynes,4600,29
Jake Bobo,Cody White,4600,17
Jake Bobo,Damien Martinez,4600,30
Jake Bobo,Dareke Young,4600,40
Jake Bobo,Drew Lock,4600,42
Jake Bobo,Elijah Arroyo,4600,33
Jake Bobo,Eric Saubert,4600,19
Jake Bobo,Federico Maranges,4600,19
Jake Bobo,George Holani,4600,14
Jake Bobo,Grey Zabel,4600,18
Jake Bobo,Jacardia Wright,4600,9
Jake Bobo,Jalen Milroe,4600,15
Jake Bobo,Jalen Sundell,4600,33
Jake Bobo,Jaxon Smith-Njigba,4600,1
Jake Bobo,Josh Jones,4600,33
Jake Bobo,Marquez Valdes-Scantling,4600,14
Jake Bobo,Marshall Lang,4600,8
Jake Bobo,Mason Richman,4600,11
Jake Bobo,Michael Jerrell,4600,21
Jake Bobo,Nick Kallerup,4600,7
Jake Bobo,Robbie Ouzts,4600,3
Jake Bobo,Sam Darnold,4600,1
Jake Bobo,Sataoa Laumea,4600,28
Jake Bobo,Tory Horton,4600,27
Jake Bobo,Zach Charbonnet,4600,1
Jake Brendel,Brock Purdy,4500,11
Jake Brendel,Colton McKivitz,4500,11
Jake Brendel,Connor Colby,4500,11
Jake Brendel,Demarcus Robinson,4500,9
Jake Brendel,Dominick Puni,4500,11
Jake Brendel,George Kittle,4500,11
Jake Brendel,Isaiah Hodgins,4500,2
Jake Brendel,Kyle Juszczyk,4500,6
Jake Brendel,Luke Farrell,4500,2
Jake Brendel,Patrick Taylor,4500,11
Jake Brendel,Ricky Pearsall,4500,9
Jake Brendel,Russell Gage,4500,5
Jake Brendel,Spencer Burford,4500,11
Jake Browning,Andrew Coker,0920,40
Jake Browning,Andrew Raym,0920,63
Jake Browning,Andrew Stueber,0920,41
Jake Browning,Cam Grandy,0920,27
Jake Browning,Charlie Jones,0920,27
Jake Browning,Cody Ford,0920,16
Jake Browning,Cole Burgess,0920,8
Jake Browning,Cordell Volson,0920,22
Jake Browning,Devin Cochran,0920,23
Jake Browning,Gary Brightwell,0920,8
Jake Browning,Isaiah Williams,0920,31
Jake Browning,Jalen Rivers,0920,63
Jake Browning,Jamoi Mayes,0920,17
Jake Browning,Jaxson Kirkland,0920,47
Jake Browning,Jermaine Burton,0920,17
Jake Browning,Jordan Moore,0920,10
Jake Browning,Kendall Milton,0920,11
Jake Browning,Kendric Pryor,0920,27
Jake Browning,Mitchell Tinsley,0920,28
Jake Browning,Rashod Owens,0920,13
Jake Browning,Samaje Perine,0920,3
Jake Browning,Tahj Brooks,0920,42
Jake Browning,Tanner Hudson,0920,26
Jake Browning,Tanner McLachlan,0920,20
Jake Chaney,Alex Johnson,2200,12
Jake Chaney,BJ Mayes,2200,12
Jake Chaney,Daniel Scott,2200,12
Jake Chaney,Desmond Little,2200,12
Jake Chaney,Devonta Davis,2200,12
Jake Chaney,Eric Johnson,2200,1
Jake Chaney,Joseph Vaughn,2200,12
Jake Chaney,Josh Tupou,2200,3
Jake Chaney,Ladarius Tennison,2200,10
Jake Chaney,Marcus Haynes,2200,12
Jake Chaney,Tim Smith,2200,8
Jake Chaney,Trey Washington,2200,12
Jake Curhan,Andre Baccellia,3800,20
Jake Curhan,Bam Knight,3800,26
Jake Curhan,Bryson Green,3800,47
Jake Curhan,Clayton Tune,3800,74
Jake Curhan,DeeJay Dallas,3800,13
Jake Curhan,Elijah Higgins,3800,1
Jake Curhan,Emari Demercado,3800,13
Jake Curhan,Hayden Conner,3800,26
Jake Curhan,Jacoby Brissett,3800,1
Jake Curhan,Jeremiah Byers,3800,63
Jake Curhan,Josh Fryar,3800,12
Jake Curhan,Josiah Deguara,3800,51
Jake Curhan,McClendon Curtis,3800,34
Jake Curhan,Michael Carter,3800,23
Jake Curhan,Nate McCollum,3800,30
Jake Curhan,Nick Leverett,3800,41
Jake Curhan,Oscar Cardenas,3800,35
Jake Curhan,Royce Newman,3800,61
Jake Curhan,Simi Fehoko,3800,8
Jake Curhan,Sincere Haynesworth,3800,63
Jake Curhan,Tejhaun Palmer,3800,56
Jake Curhan,Travis Vokolek,3800,21
Jake Curhan,Trishton Jackson,3800,5
Jake Curhan,Xavier Weaver,3800,26
Jake Haener,Barry Wesley,3300,3
Jake Haener,Cam Akers,3300,5
Jake Haener,Cedrick Wilson Jr.,3300,6
Jake Haener,Dante Pettis,3300,18
Jake Haener,Dillon Radunz,3300,3
Jake Haener,Donovan Peoples-Jones,3300,8
Jake Haener,Easton Kilty,3300,13
Jake Haener,Jonathan Mendoza,3300,16
Jake Haener,Josiah Ezirim,3300,16
Jake Haener,Kevin Austin Jr.,3300,8
Jake Haener,Kyle Hergel,3300,11
Jake Haener,Luke Fortner,3300,6
Jake Haener,Marcus Yarns,3300,14
Jake Haener,Mason Tipton,3300,6
Jake Haener,Michael Jacobson,3300,6
Jake Haener,Mike Panasiuk,3300,6
Jake Haener,Moliki Matavao,3300,7
Jake Haener,Moochie Dixon,3300,6
Jake Haener,Roderick Daniels Jr.,3300,5
Jake Haener,Seth Green,3300,6
Jake Haener,Shane Lemieux,3300,8
Jake Haener,Torricelli Simpkins III,3300,13
Jake Hansen,Arthur Maulet,2120,11
Jake Hansen,Casey Toohill,2120,18
Jake Hansen,Christian Harris,2120,9
Jake Hansen,D'Angelo Ross,2120,33
Jake Hansen,Damon Arnette,2120,5
Jake Hansen,Darrell Taylor,2120,27
Jake Hansen,Derek Barnett,2120,7
Jake Hansen,Dylan Horton,2120,16
Jake Hansen,E.J. Speed,2120,35
Jake Hansen,Foley Fatukasi,2120,9
Jake Hansen,Haggai Ndubuisi,2120,4
Jake Hansen,Henry To'oTo'o,2120,3
Jake Hansen,Jalen Mills,2120,15
Jake Hansen,Jamal Hill,2120,8
Jake Hansen,Jaylin Smith,2120,40
Jake Hansen,Junior Tafuna,2120,15
Jake Hansen,M.J. Stewart,2120,34
Jake Hansen,Mario Edwards,2120,7
Jake Hansen,Marlon Davidson,2120,10
Jake Hansen,Myles Bryant,2120,15
Jake Hansen,Nick Niemann,2120,9
Jake Hansen,Russ Yeast,2120,41
Jake Hansen,Solomon Byrd,2120,18
Jake Hansen,Tim Settle,2120,20
Jake Hansen,Tommy Togiai,2120,27
Jake Hansen,Tremon Smith,2120,12
Jake Hanson,Ben DiNucci,0200,5
Jake Hanson,Brandon Parker,0200,18
Jake Hanson,DJ Chark,0200,18
Jake Hanson,Dylan Drummond,0200,2
Jake Hanson,Easton Stick,0200,9
Jake Hanson,Elijah Dotson,0200,11
Jake Hanson,Emory Jones,0200,11
Jake Hanson,Jack Nelson,0200,7
Jake Hanson,Jashaun Corbin,0200,14
Jake Hanson,Jesse Matthews,0200,22
Jake Hanson,Jordan Williams,0200,25
Jake Hanson,Joshua Gray,0200,25
Jake Hanson,Joshua Simon,0200,19
Jake Hanson,Matthew Cindric,0200,25
Jake Hanson,Nick Nash,0200,8
Jake Hanson,Nikola Kalinic,0200,9
Jake Hanson,Quincy Skinner Jr.,0200,22
Jake Kubas,Aaron Stinnie,3410,46
Jake Kubas,Antwane Wells Jr.,3410,25
Jake Kubas,Austin Schlottmann,3410,48
Jake Kubas,Beaux Collins,3410,10
Jake Kubas,Bryan Hudson,3410,43
Jake Kubas,Chris Manhertz,3410,2
Jake Kubas,Da'Quan Felton,3410,3
Jake Kubas,Dalen Cambre,3410,24
Jake Kubas,Daniel Bellinger,3410,3
Jake Kubas,Dante Miller,3410,53
Jake Kubas,Devin Singletary,3410,4
Jake Kubas,Evan Neal,3410,12
Jake Kubas,Greg Dulcich,3410,39
Jake Kubas,Gunner Olszewski,3410,20
Jake Kubas,Ihmir Smith-Marsette,3410,4
Jake Kubas,Jaison Williams,3410,31
Jake Kubas,Jalin Hyatt,3410,8
Jake Kubas,Jameis Winston,3410,28
Jake Kubas,Jaxson Dart,3410,30
Jake Kubas,Jermaine Terry,3410,14
Jake Kubas,Jimmy Morrissey,3410,32
Jake Kubas,Jonathan Ward,3410,33
Jake Kubas,Jordan Bly,3410,20
Jake Kubas,Joshua Ezeudu,3410,24
Jake Kubas,Lil'Jordan Humphrey,3410,58
Jake Kubas,Marcus Mbow,3410,58
Jake Kubas,Montrell Washington,3410,40
Jake Kubas,Stone Forsythe,3410,66
Jake Kubas,Thomas Fidone II,3410,46
Jake Kubas,Tommy DeVito,3410,31
Jake Kubas,Zach Pascal,3410,45
Jake Majors,Ben Scott,4900,35
Jake Majors,Benjamin Chukwuma,4900,44
Jake Majors,Connor Bazelak,4900,54
Jake Majors,Devin Culp,4900,9
Jake Majors,Elijah Klein,4900,44
Jake Majors,Garrett Greene,4900,29
Jake Majors,Jacob Harris,4900,44
Jake Majors,Jaden Smith,4900,25
Jake Majors,Josh Williams,4900,13
Jake Majors,Ko Kieft,4900,29
Jake Majors,Luke Haggard,4900,20
Jake Majors,Mike Jordan,4900,29
Jake Majors,Owen Wright,4900,35
Jake Majors,Payne Durham,4900,6
Jake Majors,Raiqwon O'Neal,4900,9
Jake Majors,Rakim Jarrett,4900,20
Jake Majors,Ryan Miller,4900,14
Jake Majors,Sean Tucker,4900,6
Jake Majors,Tanner Taula,4900,31
Jake Majors,Tez Johnson,4900,9
Jake Majors,Tyler McLellan,4900,35
Jake Tonges,Ameer Abdullah,4500,4
Jake Tonges,Austen Pleasants,4500,49
Jake Tonges,Ben Bartch,4500,5
Jake Tonges,Brayden Willis,4500,47
Jake Tonges,Carter Bradley,4500,55
Jake Tonges,Connor Colby,4500,51
Jake Tonges,Corey Kiner,4500,21
Jake Tonges,Demarcus Robinson,4500,20
Jake Tonges,Drake Nugent,4500,77
Jake Tonges,Drew Moss,4500,67
Jake Tonges,Isaac Alarcon,4500,69
Jake Tonges,Isaac Guerendo,4500,7
Jake Tonges,Isaiah Hodgins,4500,25
Jake Tonges,Isaiah Prince,4500,56
Jake Tonges,Jeff Wilson,4500,34
Jake Tonges,Jordan Watkins,4500,16
Jake Tonges,Junior Bergen,4500,28
Jake Tonges,Ke'Shawn Vaughn,4500,35
Jake Tonges,Luke Farrell,4500,20
Jake Tonges,Mac Jones,4500,23
Jake Tonges,Malik Turner,4500,33
Jake Tonges,Matt Hennessy,4500,28
Jake Tonges,Michael Dunn,4500,20
Jake Tonges,Nick Zakelj,4500,67
Jake Tonges,Patrick Taylor,4500,6
Jake Tonges,Robbie Chosen,4500,67
Jake Tonges,Russell Gage,4500,25
Jake Tonges,Skyy Moore,4500,9
Jake Tonges,Spencer Burford,4500,36
Jake Tonges,Tanner Mordecai,4500,27
Jake Tonges,Terique Owens,4500,23
Jakob Johnson,Aireontae Ersery,2120,6
Jakob Johnson,Austin Deculus,2120,34
Jakob Johnson,Blake Fisher,2120,9
Jakob Johnson,Braxton Berrios,2120,1
Jakob Johnson,British Brooks,2120,9
Jakob Johnson,C.J. Stroud,2120,3
Jakob Johnson,Cade Stover,2120,8
Jakob Johnson,Christian Kirk,2120,1
Jakob Johnson,Conor McDermott,2120,17
Jakob Johnson,Dameon Pierce,2120,3
Jakob Johnson,Daniel Jackson,2120,12
Jakob Johnson,Dare Ogunbowale,2120,4
Jakob Johnson,Davis Mills,2120,5
Jakob Johnson,Ed Ingram,2120,6
Jakob Johnson,Eli Cox,2120,25
Jakob Johnson,Graham Mertz,2120,12
Jakob Johnson,Harrison Bryant,2120,7
Jakob Johnson,Irv Smith,2120,2
Jakob Johnson,J.J. Taylor,2120,1
Jakob Johnson,Jake Andrews,2120,6
Jakob Johnson,Jarrett Patterson,2120,9
Jakob Johnson,Jawhar Jordan,2120,14
Jakob Johnson,Jayden Higgins,2120,9
Jakob Johnson,Jaylin Noel,2120,2
Jakob Johnson,Jaylon Thomas,2120,33
Jakob Johnson,John Metchie III,2120,8
Jakob Johnson,Juice Scruggs,2120,9
Jakob Johnson,Justin Watson,2120,7
Jakob Johnson,Juwann Winfree,2120,11
Jakob Johnson,Kedon Slovis,2120,20
Jakob Johnson,LaDarius Henderson,2120,29
Jakob Johnson,Laken Tomlinson,2120,3
Jakob Johnson,Luke Lachey,2120,24
Jakob Johnson,Nick Chubb,2120,3
Jakob Johnson,Nico Collins,2120,1
Jakob Johnson,Quintez Cephus,2120,14
Jakob Johnson,Tre' McKitty,2120,4
Jakob Johnson,Woody Marks,2120,6
Jakob Johnson,Xavier Hutchinson,2120,5
Jakob Johnson,Xavier Johnson,2120,4
Jakob Johnson,Zach Thomas,2120,14
Jakob Robinson,Bradlee Anae,4500,23
Jakob Robinson,Bruce Hector,4500,64
Jakob Robinson,Chase Lucas,4500,71
Jakob Robinson,Chazz Surratt,4500,22
Jakob Robinson,Curtis Robinson,4500,14
Jakob Robinson,Darrell Luter Jr.,4500,13
Jakob Robinson,Demone Harris,4500,13
Jakob Robinson,Derrick Canteen,4500,81
Jakob Robinson,Evan Anderson,4500,9
Jakob Robinson,Jalen Graham,4500,51
Jakob Robinson,Jaylen Mahoney,4500,81
Jakob Robinson,Jaylon Allen,4500,61
Jakob Robinson,Jonathan Garvin,4500,7
Jakob Robinson,Michael Dwumfour,4500,22
Jakob Robinson,Nick Martin,4500,53
Jakob Robinson,Robert Beal Jr.,4500,14
Jakob Robinson,Sebastian Valdez,4500,36
Jakob Robinson,Shakel Brown,4500,31
Jakob Robinson,Siran Neal,4500,49
Jakob Robinson,Stone Blanton,4500,32
Jakob Robinson,Tre Brown,4500,19
Jakob Robinson,Trevis Gipson,4500,10
Jakob Robinson,Will Bradley-King,4500,34
Jakobi Meyers,Ashton Jeanty,2520,19
Jakobi Meyers,Brock Bowers,2520,9
Jakobi Meyers,DJ Glaze,2520,26
Jakobi Meyers,Dont'e Thornton Jr.,2520,26
Jakobi Meyers,Dylan Parham,2520,26
Jakobi Meyers,Geno Smith,2520,26
Jakobi Meyers,Jackson Powers-Johnson,2520,26
Jakobi Meyers,Jordan Meredith,2520,26
Jakobi Meyers,Kolton Miller,2520,26
Jakobi Meyers,Michael Mayer,2520,17
Jakobi Meyers,Raheem Mostert,2520,1
Jakobi Meyers,Tre Tucker,2520,26
Jakobi Meyers,Zamir White,2520,6
Jakobie Keeney-James,Colby Sorsdal,1540,10
Jakobie Keeney-James,Deon Jackson,1540,3
Jakobie Keeney-James,Dominic Lovett,1540,22
Jakobie Keeney-James,Giovanni Manu,1540,53
Jakobie Keeney-James,Gunner Britton,1540,31
Jakobie Keeney-James,Hendon Hooker,1540,41
Jakobie Keeney-James,Jabari Small,1540,8
Jakobie Keeney-James,Jackson Meeks,1540,32
Jakobie Keeney-James,Jacob Saylors,1540,42
Jakobie Keeney-James,Kenny Yeboah,1540,9
Jakobie Keeney-James,Kingsley Eguakun,1540,12
Jakobie Keeney-James,Kyle Allen,1540,12
Jakobie Keeney-James,Malik Taylor,1540,2
Jakobie Keeney-James,Mason Miller,1540,53
Jakobie Keeney-James,Michael Niese,1540,53
Jakobie Keeney-James,Netane Muti,1540,12
Jakobie Keeney-James,Ronnie Bell,1540,41
Jakobie Keeney-James,Steven Stilianos,1540,8
Jakobie Keeney-James,Trystan Colon,1540,10
Jakobie Keeney-James,Zach Horton,1540,45
Jakobie Keeney-James,Zack Johnson,1540,31
Jakorian Bennett,Adoree' Jackson,3700,6
Jakorian Bennett,Andre' Sam,3700,45
Jakorian Bennett,Andrew Mukuba,3700,12
Jakorian Bennett,Azeez Ojulari,3700,22
Jakorian Bennett,Brandon Johnson,3700,8
Jakorian Bennett,Byron Young,3700,33
Jakorian Bennett,Dallas Gant,3700,14
Jakorian Bennett,Eli Ricks,3700,11
Jakorian Bennett,Gabe Hall,3700,36
Jakorian Bennett,Jacob Sykes,3700,17
Jakorian Bennett,Jeremiah Trotter Jr.,3700,27
Jakorian Bennett,Jihaad Campbell,3700,9
Jakorian Bennett,Joe Evans,3700,4
Jakorian Bennett,Joshua Uche,3700,8
Jakorian Bennett,Justin Rogers,3700,4
Jakorian Bennett,Kelee Ringo,3700,8
Jakorian Bennett,Lance Dixon,3700,23
Jakorian Bennett,Mac McWilliams,3700,46
Jakorian Bennett,Ochaun Mathis,3700,17
Jakorian Bennett,Ogbo Okoronkwo,3700,36
Jakorian Bennett,Parry Nickerson,3700,23
Jakorian Bennett,Patrick Johnson,3700,37
Jakorian Bennett,Smael Mondon Jr.,3700,47
Jakorian Bennett,Sydney Brown,3700,14
Jakorian Bennett,Tristin McCollum,3700,49
Jakorian Bennett,Ty Robinson,3700,44
Jalan Gaines,Anthony Campbell,4600,3
Jalan Gaines,Brandon Pili,4600,4
Jalan Gaines,Connor O'Toole,4600,16
Jalan Gaines,D'Anthony Bell,4600,8
Jalan Gaines,D'Eryk Jackson,4600,19
Jalan Gaines,Damarion Williams,4600,20
Jalan Gaines,Drake Thomas,4600,16
Jalan Gaines,Isas Waxter,4600,15
Jalan Gaines,J.R. Singleton,4600,6
Jalan Gaines,Jared Ivey,4600,12
Jalan Gaines,Jerrick Reed II,4600,15
Jalan Gaines,Josh Jobe,4600,4
Jalan Gaines,Kam Alexander,4600,3
Jalan Gaines,Keydrain Calligan,4600,4
Jalan Gaines,Michael Dowell,4600,7
Jalan Gaines,Mike Morris,4600,7
Jalan Gaines,Nehemiah Pritchett,4600,8
Jalan Gaines,Nick Emmanwori,4600,3
Jalan Gaines,Patrick O'Connell,4600,4
Jalan Gaines,Quinton Bohanna,4600,1
Jalan Gaines,Seth Coleman,4600,8
Jalan Gaines,Ty Okada,4600,16
Jalan Gaines,Tyler Hall,4600,17
Jalan Gaines,Tyreke Smith,4600,7
Jalan Gaines,Wy'Kevious Thomas,4600,7
Jaleel McLaughlin,Alex Forsyth,1400,13
Jaleel McLaughlin,Alex Palczewski,1400,13
Jaleel McLaughlin,Caden Prieskorn,1400,4
Jaleel McLaughlin,Calvin Throckmorton,1400,13
Jaleel McLaughlin,Devaughn Vele,1400,5
Jaleel McLaughlin,Evan Engram,1400,1
Jaleel McLaughlin,Jarrett Stidham,1400,13
Jaleel McLaughlin,Jerjuan Newton,1400,2
Jaleel McLaughlin,Kyrese Rowan,1400,2
Jaleel McLaughlin,Lucas Krull,1400,12
Jaleel McLaughlin,Matt Peart,1400,13
Jaleel McLaughlin,Michael Bandy,1400,4
Jaleel McLaughlin,Nick Gargiulo,1400,8
Jaleel McLaughlin,Pat Bryant,1400,10
Jaleel McLaughlin,Trent Sherfield,1400,2
Jaleel McLaughlin,Troy Franklin,1400,10
Jaleel McLaughlin,Will Sherman,1400,5
Jalen Brooks,Ajani Cornelius,1200,85
Jalen Brooks,Asim Richards,1200,65
Jalen Brooks,Brock Hoffman,1200,95
Jalen Brooks,Deuce Vaughn,1200,26
Jalen Brooks,Geron Christian,1200,63
Jalen Brooks,Hakeem Adeniji,1200,3
Jalen Brooks,Jalen Cropper,1200,26
Jalen Brooks,Jaydon Blue,1200,16
Jalen Brooks,Joe Milton III,1200,81
Jalen Brooks,John Stephens Jr.,1200,4
Jalen Brooks,Josh Kelly,1200,36
Jalen Brooks,La'el Collins,1200,7
Jalen Brooks,Malik Davis,1200,17
Jalen Brooks,Nathan Thomas,1200,3
Jalen Brooks,Nick Broeker,1200,47
Jalen Brooks,Phil Mafah,1200,36
Jalen Brooks,Princeton Fant,1200,27
Jalen Brooks,Rivaldo Fairweather,1200,57
Jalen Brooks,Ryan Flournoy,1200,65
Jalen Brooks,Saahdiq Charles,1200,19
Jalen Brooks,TJ Bass,1200,85
Jalen Brooks,Traeshon Holden,1200,46
Jalen Brooks,Tyler Booker,1200,3
Jalen Brooks,Tyler Neville,1200,24
Jalen Brooks,Will Grier,1200,14
Jalen Coker,Adam Thielen,0750,5
Jalen Coker,Andy Dalton,0750,19
Jalen Coker,Austin Corbett,0750,6
Jalen Coker,Brady Christensen,0750,29
Jalen Coker,Brandon Walton,0750,19
Jalen Coker,Bryce Young,0750,6
Jalen Coker,Cade Mays,0750,19
Jalen Coker,Chandler Zavala,0750,10
Jalen Coker,Chuba Hubbard,0750,1
Jalen Coker,David Moore,0750,16
Jalen Coker,Dominique Dafney,0750,8
Jalen Coker,Hunter Renfrow,0750,7
Jalen Coker,Ikem Ekwonu,0750,6
Jalen Coker,Ja'Tavion Sanders,0750,4
Jalen Coker,Ja'Tyre Carter,0750,29
Jalen Coker,Jack Plummer,0750,10
Jalen Coker,James Mitchell,0750,21
Jalen Coker,Jarrett Kingston,0750,16
Jalen Coker,Jimmy Horn Jr.,0750,13
Jalen Coker,Mitchell Evans,0750,12
Jalen Coker,Raheem Blackshear,0750,9
Jalen Coker,Rico Dowdle,0750,10
Jalen Coker,Robert Hunt,0750,6
Jalen Coker,Taylor Moton,0750,6
Jalen Coker,Tetairoa McMillan,0750,19
Jalen Coker,Trevor Etienne,0750,15
Jalen Coker,Yosh Nijman,0750,29
Jalen Cropper,Ajani Cornelius,1200,23
Jalen Cropper,Asim Richards,1200,38
Jalen Cropper,Brock Hoffman,1200,58
Jalen Cropper,Cooper Beebe,1200,5
Jalen Cropper,Deuce Vaughn,1200,30
Jalen Cropper,Geron Christian,1200,9
Jalen Cropper,Hakeem Adeniji,1200,31
Jalen Cropper,Jalen Brooks,1200,26
Jalen Cropper,Jalen Tolbert,1200,16
Jalen Cropper,Jaydon Blue,1200,8
Jalen Cropper,Joe Milton III,1200,54
Jalen Cropper,John Stephens Jr.,1200,9
Jalen Cropper,Jonathan Mingo,1200,28
Jalen Cropper,Josh Kelly,1200,8
Jalen Cropper,La'el Collins,1200,9
Jalen Cropper,Luke Schoonmaker,1200,16
Jalen Cropper,Malik Davis,1200,4
Jalen Cropper,Miles Sanders,1200,4
Jalen Cropper,Nathan Thomas,1200,25
Jalen Cropper,Nick Broeker,1200,21
Jalen Cropper,Phil Mafah,1200,17
Jalen Cropper,Princeton Fant,1200,11
Jalen Cropper,Rivaldo Fairweather,1200,20
Jalen Cropper,Ryan Flournoy,1200,38
Jalen Cropper,Saahdiq Charles,1200,24
Jalen Cropper,TJ Bass,1200,54
Jalen Cropper,Traeshon Holden,1200,10
Jalen Cropper,Tyler Booker,1200,18
Jalen Cropper,Tyler Neville,1200,7
Jalen Cropper,Will Grier,1200,9
Jalen Davis,Barrett Carter,0920,4
Jalen Davis,Bralyn Lux,0920,1
Jalen Davis,Cameron Sample,0920,4
Jalen Davis,D.J. Ivey,0920,16
Jalen Davis,DJ Turner II,0920,8
Jalen Davis,Daijahn Anthony,0920,21
Jalen Davis,Demetrius Knight Jr.,0920,8
Jalen Davis,Eric Gregory,0920,6
Jalen Davis,Geno Stone,0920,3
Jalen Davis,Howard Cross III,0920,12
Jalen Davis,Isaiah Thomas,0920,12
Jalen Davis,Joe Giles-Harris,0920,12
Jalen Davis,Jordan Battle,0920,8
Jalen Davis,Joseph Ossai,0920,8
Jalen Davis,Josh Newton,0920,8
Jalen Davis,Kris Jenkins,0920,8
Jalen Davis,Logan Wilson,0920,8
Jalen Davis,Maema Njongmeta,0920,6
Jalen Davis,Marco Wilson,0920,8
Jalen Davis,McKinnley Jackson,0920,7
Jalen Davis,McTelvin Agim,0920,1
Jalen Davis,Myles Murphy,0920,8
Jalen Davis,Nate Brooks,0920,4
Jalen Davis,Oren Burks,0920,4
Jalen Davis,PJ Jules,0920,12
Jalen Davis,Raymond Johnson III,0920,9
Jalen Davis,Shaka Heyward,0920,12
Jalen Davis,Shemar Stewart,0920,5
Jalen Davis,Taven Bryan,0920,6
Jalen Davis,Tedarrell Slaton,0920,7
Jalen Davis,Tycen Anderson,0920,4
Jalen Graham,Alfred Collins,4500,25
Jalen Graham,Bradlee Anae,4500,17
Jalen Graham,Bruce Hector,4500,48
Jalen Graham,Chase Lucas,4500,48
Jalen Graham,Chazz Surratt,4500,45
Jalen Graham,Curtis Robinson,4500,9
Jalen Graham,Dallis Flowers,4500,33
Jalen Graham,Darrell Luter Jr.,4500,33
Jalen Graham,Demone Harris,4500,9
Jalen Graham,Derrick Canteen,4500,79
Jalen Graham,Evan Anderson,4500,21
Jalen Graham,Jakob Robinson,4500,51
Jalen Graham,Jaylen Mahoney,4500,58
Jalen Graham,Jaylon Allen,4500,42
Jalen Graham,Ji'Ayir Brown,4500,33
Jalen Graham,Jonathan Garvin,4500,23
Jalen Graham,Jordan Elliott,4500,14
Jalen Graham,Luke Gifford,4500,13
Jalen Graham,Marques Sigle,4500,33
Jalen Graham,Michael Dwumfour,4500,16
Jalen Graham,Nick Martin,4500,30
Jalen Graham,Renardo Green,4500,13
Jalen Graham,Robert Beal Jr.,4500,30
Jalen Graham,Sam Okuayinonu,4500,12
Jalen Graham,Sebastian Valdez,4500,39
Jalen Graham,Shakel Brown,4500,19
Jalen Graham,Siran Neal,4500,35
Jalen Graham,Stone Blanton,4500,23
Jalen Graham,Tre Brown,4500,10
Jalen Graham,Trevis Gipson,4500,28
Jalen Graham,Will Bradley-King,4500,21
Jalen Kimber,Ali Gaye,2100,33
Jalen Kimber,Amari Burney,2100,11
Jalen Kimber,Blake Lynch,2100,6
Jalen Kimber,Brian Asamoah II,2100,4
Jalen Kimber,Cam Horsley,2100,24
Jalen Kimber,Cedric Gray,2100,30
Jalen Kimber,Clarence Lewis,2100,10
Jalen Kimber,Curtis Jacobs,2100,15
Jalen Kimber,Davion Ross,2100,16
Jalen Kimber,Gabe Jeudy-Lally,2100,30
Jalen Kimber,Isaiah Raikes,2100,16
Jalen Kimber,James Lynch,2100,11
Jalen Kimber,James Williams,2100,28
Jalen Kimber,Jaylen Harrell,2100,20
Jalen Kimber,Jermari Harris,2100,7
Jalen Kimber,Jihad Ward,2100,18
Jalen Kimber,Joe Gaziano,2100,13
Jalen Kimber,Joshuah Bledsoe,2100,19
Jalen Kimber,Josiah Bronson,2100,3
Jalen Kimber,Julius Wood,2100,19
Jalen Kimber,Kendell Brooks,2100,28
Jalen Kimber,Marcus Harris,2100,30
Jalen Kimber,Mike Brown,2100,28
Jalen Kimber,Oluwafemi Oladejo,2100,11
Jalen Kimber,Philip Blidi,2100,2
Jalen Kimber,T.J. Smith,2100,1
Jalen Kimber,Timmy Horne,2100,37
Jalen McKenzie,A.J. Henning,2700,25
Jalen McKenzie,Aaron Shampklin,2700,10
Jalen McKenzie,Addison West,2700,50
Jalen McKenzie,Alexander Mattison,2700,1
Jalen McKenzie,Andrew Armstrong,2700,43
Jalen McKenzie,Braeden Daniels,2700,50
Jalen McKenzie,Chris Myarick,2700,29
Jalen McKenzie,Erik Ezukanma,2700,2
Jalen McKenzie,Hayden Rucci,2700,34
Jalen McKenzie,Josh Priebe,2700,50
Jalen McKenzie,Kion Smith,2700,24
Jalen McKenzie,Mason Brooks,2700,4
Jalen McKenzie,Mike Boone,2700,11
Jalen McKenzie,Monaray Baldwin,2700,12
Jalen McKenzie,Ollie Gordon II,2700,28
Jalen McKenzie,Pharaoh Brown,2700,8
Jalen McKenzie,Quinn Ewers,2700,50
Jalen McKenzie,Ryan Hayes,2700,22
Jalen McKenzie,Tahj Washington,2700,1
Jalen McKenzie,Tarik Black,2700,4
Jalen McKenzie,Theo Wease Jr.,2700,42
Jalen McMillan,Ben Bredeson,4900,6
Jalen McMillan,Bucky Irving,4900,6
Jalen McMillan,Cade Otton,4900,6
Jalen McMillan,Charlie Heck,4900,15
Jalen McMillan,Cody Mauch,4900,6
Jalen McMillan,Devin Culp,4900,1
Jalen McMillan,Elijah Klein,4900,9
Jalen McMillan,Emeka Egbuka,4900,15
Jalen McMillan,Graham Barton,4900,6
Jalen McMillan,Ko Kieft,4900,4
Jalen McMillan,Kyle Trask,4900,9
Jalen McMillan,Luke Goedeke,4900,6
Jalen McMillan,Luke Haggard,4900,9
Jalen McMillan,Mike Jordan,4900,9
Jalen McMillan,Payne Durham,4900,9
Jalen McMillan,Rachaad White,4900,9
Jalen McMillan,Raiqwon O'Neal,4900,9
Jalen McMillan,Sterling Shepard,4900,10
Jalen McMillan,Teddy Bridgewater,4900,6
Jalen Mills,Arthur Maulet,2120,18
Jalen Mills,Casey Toohill,2120,23
Jalen Mills,Christian Harris,2120,4
Jalen Mills,D'Angelo Ross,2120,6
Jalen Mills,Damon Arnette,2120,21
Jalen Mills,Darrell Taylor,2120,9
Jalen Mills,Derek Barnett,2120,1
Jalen Mills,Dylan Horton,2120,17
Jalen Mills,E.J. Speed,2120,7
Jalen Mills,Foley Fatukasi,2120,3
Jalen Mills,Haggai Ndubuisi,2120,18
Jalen Mills,Jackson Woodard,2120,13
Jalen Mills,Jake Hansen,2120,15
Jalen Mills,Jamal Hill,2120,18
Jalen Mills,Jaylin Smith,2120,14
Jalen Mills,Junior Tafuna,2120,26
Jalen Mills,K.C. Ossai,2120,15
Jalen Mills,M.J. Stewart,2120,7
Jalen Mills,Mario Edwards,2120,4
Jalen Mills,Myles Bryant,2120,20
Jalen Mills,Nick Niemann,2120,12
Jalen Mills,Russ Yeast,2120,11
Jalen Mills,Solomon Byrd,2120,20
Jalen Mills,Tim Settle,2120,3
Jalen Mills,Tommy Togiai,2120,14
Jalen Mills,Tremon Smith,2120,29
Jalen Milroe,AJ Barner,4600,1
Jalen Milroe,Abraham Lucas,4600,1
Jalen Milroe,Amari Kight,4600,51
Jalen Milroe,Anthony Bradford,4600,1
Jalen Milroe,Anthony Tyus III,4600,41
Jalen Milroe,Brady Russell,4600,26
Jalen Milroe,Bryce Cabeldue,4600,89
Jalen Milroe,Christian Haynes,4600,8
Jalen Milroe,Cody White,4600,40
Jalen Milroe,Damien Martinez,4600,23
Jalen Milroe,Dareke Young,4600,23
Jalen Milroe,Elijah Arroyo,4600,7
Jalen Milroe,Eric Saubert,4600,1
Jalen Milroe,Federico Maranges,4600,73
Jalen Milroe,Grey Zabel,4600,1
Jalen Milroe,Jacardia Wright,4600,33
Jalen Milroe,Jake Bobo,4600,15
Jalen Milroe,Jalen Sundell,4600,1
Jalen Milroe,John Rhys Plumlee,4600,17
Jalen Milroe,Josh Jones,4600,1
Jalen Milroe,Luke Felix-Fualalo,4600,53
Jalen Milroe,Marquez Valdes-Scantling,4600,19
Jalen Milroe,Marshall Lang,4600,67
Jalen Milroe,Mason Richman,4600,84
Jalen Milroe,Michael Jerrell,4600,59
Jalen Milroe,Nick Kallerup,4600,50
Jalen Milroe,Ricky White III,4600,59
Jalen Milroe,Robbie Ouzts,4600,1
Jalen Milroe,Sam Darnold,4600,1
Jalen Milroe,Sataoa Laumea,4600,68
Jalen Milroe,Tyrone Broden,4600,65
Jalen Milroe,Zach Charbonnet,4600,1
Jalen Nailor,Ben Yurosek,3000,9
Jalen Nailor,Blake Brandel,3000,11
Jalen Nailor,Brian O'Neill,3000,12
Jalen Nailor,Bryson Nesbit,3000,2
Jalen Nailor,C.J. Ham,3000,3
Jalen Nailor,Donovan Jackson,3000,12
Jalen Nailor,Giovanni Ricci,3000,4
Jalen Nailor,Henry Byrd,3000,11
Jalen Nailor,J.J. McCarthy,3000,12
Jalen Nailor,Joe Huber,3000,11
Jalen Nailor,Jordan Addison,3000,12
Jalen Nailor,Jordan Mason,3000,12
Jalen Nailor,Josh Oliver,3000,8
Jalen Nailor,Justin Skule,3000,12
Jalen Nailor,Lucky Jackson,3000,16
Jalen Nailor,Michael Jurgens,3000,11
Jalen Nailor,Ryan Kelly,3000,12
Jalen Nailor,Sam Howell,3000,11
Jalen Nailor,T.J. Hockenson,3000,8
Jalen Nailor,Tai Felton,3000,7
Jalen Nailor,Ty Chandler,3000,11
Jalen Nailor,Walter Rouse,3000,11
Jalen Nailor,Will Fries,3000,12
Jalen Pitre,Azeez Al-Shaair,2120,11
Jalen Pitre,Calen Bullock,2120,11
Jalen Pitre,Danielle Hunter,2120,9
Jalen Pitre,Darrell Taylor,2120,2
Jalen Pitre,Derek Stingley Jr.,2120,10
Jalen Pitre,Dylan Horton,2120,2
Jalen Pitre,E.J. Speed,2120,4
Jalen Pitre,Henry To'oTo'o,2120,9
Jalen Pitre,Jaylin Smith,2120,1
Jalen Pitre,Kamari Lassiter,2120,11
Jalen Pitre,M.J. Stewart,2120,9
Jalen Pitre,Mario Edwards,2120,3
Jalen Pitre,Sheldon Rankins,2120,9
Jalen Pitre,Tim Settle,2120,8
Jalen Pitre,Tommy Togiai,2120,2
Jalen Pitre,Will Anderson Jr.,2120,9
Jalen Ramsey,Chuck Clark,3900,6
Jalen Ramsey,Darius Slay,3900,7
Jalen Ramsey,DeMarvin Leal,3900,4
Jalen Ramsey,DeShon Elliott,3900,7
Jalen Ramsey,Derrick Harmon,3900,4
Jalen Ramsey,Eku Leota,3900,3
Jalen Ramsey,Isaiahh Loudermilk,3900,4
Jalen Ramsey,Jack Sawyer,3900,4
Jalen Ramsey,Joey Porter Jr.,3900,7
Jalen Ramsey,Julius Welschof,3900,3
Jalen Ramsey,Keeanu Benton,3900,4
Jalen Ramsey,Patrick Queen,3900,7
Jalen Ramsey,Payton Wilson,3900,7
Jalen Ramsey,Yahya Black,3900,3
Jalen Reagor,Branson Taylor,4400,3
Jalen Reagor,Corey Stewart,4400,6
Jalen Reagor,David Sharpe,4400,9
Jalen Reagor,Derius Davis,4400,9
Jalen Reagor,Hassan Haskins,4400,2
Jalen Reagor,Josh Kaltenberger,4400,9
Jalen Reagor,Karsen Barnhart,4400,6
Jalen Reagor,KeAndre Lambert-Smith,4400,5
Jalen Reagor,Nash Jones,4400,9
Jalen Reagor,Nyheim Hines,4400,3
Jalen Reagor,Oronde Gadsden II,4400,9
Jalen Reagor,Raheim Sanders,4400,4
Jalen Reagor,Ryan Nelson,4400,3
Jalen Reagor,Stevo Klotz,4400,2
Jalen Reagor,Trey Lance,4400,9
Jalen Reagor,Tucker Fisk,4400,2
Jalen Redmond,Bo Richter,3000,13
Jalen Redmond,Brian Asamoah,3000,12
Jalen Redmond,Chaz Chambliss,3000,4
Jalen Redmond,Dallas Turner,3000,8
Jalen Redmond,Dwight McGlothern,3000,11
Jalen Redmond,Eric Wilson,3000,8
Jalen Redmond,Gabriel Murphy,3000,21
Jalen Redmond,Isaiah Rodgers,3000,9
Jalen Redmond,Ivan Pace Jr.,3000,9
Jalen Redmond,Jay Ward,3000,21
Jalen Redmond,Jeff Okudah,3000,10
Jalen Redmond,Jonathan Harris,3000,1
Jalen Redmond,Kahlef Hailassie,3000,4
Jalen Redmond,Kobe King,3000,4
Jalen Redmond,Levi Drake Rodriguez,3000,18
Jalen Redmond,Mekhi Blackmon,3000,15
Jalen Redmond,Taki Taimani,3000,1
Jalen Redmond,Tavierre Thomas,3000,11
Jalen Redmond,Theo Jackson,3000,10
Jalen Redmond,Tyler Batty,3000,6
Jalen Redmond,Tyrion Ingram-Dawkins,3000,6
Jalen Redmond,Zemaiah Vaughn,3000,8
Jalen Rivers,Amarius Mims,0920,7
Jalen Rivers,Andrei Iosivas,0920,7
Jalen Rivers,Andrew Coker,0920,58
Jalen Rivers,Andrew Raym,0920,63
Jalen Rivers,Andrew Stueber,0920,41
Jalen Rivers,Caleb Etienne,0920,18
Jalen Rivers,Cam Grandy,0920,30
Jalen Rivers,Charlie Jones,0920,34
Jalen Rivers,Cody Ford,0920,16
Jalen Rivers,Cole Burgess,0920,8
Jalen Rivers,Cordell Volson,0920,22
Jalen Rivers,Desmond Ridder,0920,18
Jalen Rivers,Devin Cochran,0920,23
Jalen Rivers,Drew Sample,0920,1
Jalen Rivers,Dylan Fairchild,0920,7
Jalen Rivers,Gary Brightwell,0920,14
Jalen Rivers,Isaiah Williams,0920,48
Jalen Rivers,Jake Browning,0920,63
Jalen Rivers,Jamoi Mayes,0920,19
Jalen Rivers,Jaxson Kirkland,0920,65
Jalen Rivers,Jermaine Burton,0920,32
Jalen Rivers,Joe Burrow,0920,7
Jalen Rivers,Jordan Moore,0920,10
Jalen Rivers,Kendall Milton,0920,23
Jalen Rivers,Kendric Pryor,0920,45
Jalen Rivers,Matt Lee,0920,18
Jalen Rivers,Mitchell Tinsley,0920,35
Jalen Rivers,Noah Fant,0920,4
Jalen Rivers,Orlando Brown,0920,7
Jalen Rivers,Rashod Owens,0920,13
Jalen Rivers,Samaje Perine,0920,5
Jalen Rivers,Tahj Brooks,0920,47
Jalen Rivers,Tanner Hudson,0920,28
Jalen Rivers,Tanner McLachlan,0920,37
Jalen Rivers,Ted Karras,0920,7
Jalen Royals,Bailey Zappe,2310,7
Jalen Royals,C.J. Hanson,2310,15
Jalen Royals,Carson Steele,2310,13
Jalen Royals,Chukwuebuka Godrick,2310,7
Jalen Royals,Creed Humphrey,2310,14
Jalen Royals,Elijah Mitchell,2310,10
Jalen Royals,Gardner Minshew,2310,22
Jalen Royals,Geor'Quarius Spivey,2310,2
Jalen Royals,Hunter Nourzad,2310,15
Jalen Royals,Isiah Pacheco,2310,1
Jalen Royals,Jared Wiley,2310,10
Jalen Royals,Jason Brownlee,2310,8
Jalen Royals,Jaylon Moore,2310,22
Jalen Royals,Josh Simmons,2310,14
Jalen Royals,JuJu Smith-Schuster,2310,6
Jalen Royals,Kareem Hunt,2310,6
Jalen Royals,Kingsley Suamataia,2310,14
Jalen Royals,Mike Caliendo,2310,15
Jalen Royals,Noah Gray,2310,12
Jalen Royals,Robert Tonyan,2310,17
Jalen Royals,Skyy Moore,2310,16
Jalen Royals,Trey Smith,2310,14
Jalen Royals,Tyquan Thornton,2310,11
Jalen Royals,Wanya Morris,2310,15
Jalen Royals,Xavier Worthy,2310,4
Jalen Sundell,AJ Barner,4600,10
Jalen Sundell,Abraham Lucas,4600,37
Jalen Sundell,Amari Kight,4600,30
Jalen Sundell,Anthony Bradford,4600,37
Jalen Sundell,Brady Russell,4600,19
Jalen Sundell,Bryce Cabeldue,4600,7
Jalen Sundell,Christian Haynes,4600,30
Jalen Sundell,Cody White,4600,9
Jalen Sundell,Cooper Kupp,4600,7
Jalen Sundell,Damien Martinez,4600,29
Jalen Sundell,Dareke Young,4600,32
Jalen Sundell,Drew Lock,4600,57
Jalen Sundell,Elijah Arroyo,4600,39
Jalen Sundell,Eric Saubert,4600,34
Jalen Sundell,George Holani,4600,25
Jalen Sundell,Grey Zabel,4600,37
Jalen Sundell,Jacardia Wright,4600,2
Jalen Sundell,Jake Bobo,4600,33
Jalen Sundell,Jalen Milroe,4600,1
Jalen Sundell,Jaxon Smith-Njigba,4600,8
Jalen Sundell,Josh Jones,4600,67
Jalen Sundell,Marquez Valdes-Scantling,4600,10
Jalen Sundell,Mason Richman,4600,1
Jalen Sundell,Nick Kallerup,4600,10
Jalen Sundell,Robbie Ouzts,4600,12
Jalen Sundell,Sam Darnold,4600,10
Jalen Sundell,Sataoa Laumea,4600,23
Jalen Sundell,Tory Horton,4600,44
Jalen Sundell,Zach Charbonnet,4600,10
Jalen Thompson,Akeem Davis-Gaither,3800,8
Jalen Thompson,Baron Browning,3800,10
Jalen Thompson,Budda Baker,3800,10
Jalen Thompson,Dalvin Tomlinson,3800,5
Jalen Thompson,Dante Stills,3800,6
Jalen Thompson,Darius Robinson,3800,8
Jalen Thompson,Garrett Williams,3800,10
Jalen Thompson,L.J. Collier,3800,2
Jalen Thompson,Mack Wilson,3800,10
Jalen Thompson,Max Melton,3800,10
Jalen Thompson,PJ Mustipher,3800,1
Jalen Thompson,Will Johnson,3800,10
Jalen Thompson,Zaven Collins,3800,10
Jalen Tolbert,Asim Richards,1200,5
Jalen Tolbert,Brock Hoffman,1200,13
Jalen Tolbert,Cooper Beebe,1200,11
Jalen Tolbert,Deuce Vaughn,1200,9
Jalen Tolbert,Hakeem Adeniji,1200,24
Jalen Tolbert,Hunter Luepke,1200,5
Jalen Tolbert,Jalen Cropper,1200,16
Jalen Tolbert,Joe Milton III,1200,24
Jalen Tolbert,John Stephens Jr.,1200,1
Jalen Tolbert,Jonathan Mingo,1200,24
Jalen Tolbert,Luke Schoonmaker,1200,23
Jalen Tolbert,Miles Sanders,1200,10
Jalen Tolbert,Nathan Thomas,1200,19
Jalen Tolbert,Phil Mafah,1200,5
Jalen Tolbert,Rivaldo Fairweather,1200,2
Jalen Tolbert,Saahdiq Charles,1200,13
Jalen Tolbert,TJ Bass,1200,24
Jalen Tolbert,Tyler Booker,1200,11
Jalen Tolbert,Tyler Neville,1200,1
Jalen Travis,Adonai Mitchell,2200,79
Jalen Travis,Ajou Ajou,2200,11
Jalen Travis,Andrew Ogletree,2200,37
Jalen Travis,Anthony Gould,2200,77
Jalen Travis,Anthony Richardson,2200,24
Jalen Travis,Ashton Dulin,2200,53
Jalen Travis,Blake Freeland,2200,56
Jalen Travis,Blayne Taylor,2200,40
Jalen Travis,Braden Smith,2200,13
Jalen Travis,Coleman Owen,2200,29
Jalen Travis,D.J. Montgomery,2200,19
Jalen Travis,DJ Giddens,2200,53
Jalen Travis,Dalton Tucker,2200,110
Jalen Travis,Daniel Jones,2200,43
Jalen Travis,Danny Pinter,2200,32
Jalen Travis,Jelani Woods,2200,34
Jalen Travis,Jonathan Taylor,2200,10
Jalen Travis,Josh Sills,2200,52
Jalen Travis,Khalil Herbert,2200,15
Jalen Travis,Laquon Treadwell,2200,61
Jalen Travis,Luke Tenuta,2200,70
Jalen Travis,Marcellus Johnson,2200,4
Jalen Travis,Matt Goncalves,2200,81
Jalen Travis,Maximilian Mang,2200,3
Jalen Travis,Michael Pittman,2200,14
Jalen Travis,Mo Alie-Cox,2200,4
Jalen Travis,Mose Vavao,2200,27
Jalen Travis,Quenton Nelson,2200,14
Jalen Travis,Riley Leonard,2200,72
Jalen Travis,Sean McKeon,2200,1
Jalen Travis,Tanor Bortolini,2200,67
Jalen Travis,Tyler Goodson,2200,18
Jalen Travis,Tyler Warren,2200,30
Jalen Travis,Ulysses Bentley IV,2200,43
Jalen Travis,Wesley French,2200,30
Jalen Travis,Will Mallory,2200,64
Jalen Virgil,Chase Lundt,0610,22
Jalen Virgil,Dan Feeney,0610,8
Jalen Virgil,Darrynton Evans,0610,6
Jalen Virgil,Deon Cain,0610,11
Jalen Virgil,Frank Gore Jr.,0610,16
Jalen Virgil,Jackson Hawes,0610,5
Jalen Virgil,Jacob Bayer,0610,14
Jalen Virgil,KJ Hamler,0610,4
Jalen Virgil,Keleki Latu,0610,12
Jalen Virgil,Kendrick Green,0610,8
Jalen Virgil,Kristian Wilkerson,0610,2
Jalen Virgil,Laviska Shenault Jr.,0610,9
Jalen Virgil,Matt Sokol,0610,9
Jalen Virgil,Mike Edwards,0610,22
Jalen Virgil,Mike White,0610,8
Jalen Virgil,Richard Gouraige,0610,22
Jalen Virgil,Shane Buechele,0610,14
Jalen Virgil,Stephen Gosnell,0610,14
Jalen Virgil,Travis Clayton,0610,14
Jalen White,Anthony Belton,1800,2
Jalen White,Donovan Jennings,1800,2
Jalen White,Jacob Monk,1800,2
Jalen White,John FitzPatrick,1800,2
Jalen White,Jordan Morgan,1800,2
Jalen White,Julian Hicks,1800,2
Jalen White,Malik Heath,1800,2
Jalen White,Malik Willis,1800,2
Jalen White,Mecole Hardman,1800,2
Jalen White,Sean Rhyan,1800,2
Jalin Hyatt,Aaron Stinnie,3410,17
Jalin Hyatt,Austin Schlottmann,3410,25
Jalin Hyatt,Beaux Collins,3410,31
Jalin Hyatt,Cam Skattebo,3410,10
Jalin Hyatt,Dante Miller,3410,9
Jalin Hyatt,Darius Slayton,3410,3
Jalin Hyatt,Devin Singletary,3410,3
Jalin Hyatt,Elijah Chatman,3410,5
Jalin Hyatt,Evan Neal,3410,33
Jalin Hyatt,Greg Dulcich,3410,17
Jalin Hyatt,Greg Van Roten,3410,2
Jalin Hyatt,Gunner Olszewski,3410,14
Jalin Hyatt,Ihmir Smith-Marsette,3410,7
Jalin Hyatt,Jake Kubas,3410,8
Jalin Hyatt,Jameis Winston,3410,8
Jalin Hyatt,James Hudson,3410,10
Jalin Hyatt,Jaxson Dart,3410,19
Jalin Hyatt,Jermaine Eluemunor,3410,10
Jalin Hyatt,John Michael Schmitz,3410,10
Jalin Hyatt,Jon Runyan,3410,10
Jalin Hyatt,Jonathan Ward,3410,6
Jalin Hyatt,Marcus Mbow,3410,25
Jalin Hyatt,Russell Wilson,3410,7
Jalin Hyatt,Stone Forsythe,3410,25
Jalin Hyatt,Theo Johnson,3410,10
Jalin Hyatt,Thomas Fidone II,3410,15
Jalin Hyatt,Tyrone Tracy Jr.,3410,7
Jalin Hyatt,Wan'Dale Robinson,3410,4
Jalon Walker,Arnold Ebiketie,0200,7
Jalon Walker,Billy Bowman Jr.,0200,6
Jalon Walker,Brandon Dorlus,0200,5
Jalon Walker,Cobee Bryant,0200,4
Jalon Walker,DeAngelo Malone,0200,13
Jalon Walker,DeMarcco Hellams,0200,9
Jalon Walker,Dee Alford,0200,4
Jalon Walker,James Pearce Jr.,0200,8
Jalon Walker,Jordan Fuller,0200,11
Jalon Walker,Josh Woods,0200,16
Jalon Walker,Kentavius Street,0200,6
Jalon Walker,LaCale London,0200,4
Jalon Walker,Lamar Jackson,0200,16
Jalon Walker,Morgan Fox,0200,3
Jalon Walker,Natrone Brooks,0200,12
Jalon Walker,Ruke Orhorhoro,0200,9
Jalon Walker,Ta'Quon Graham,0200,8
Jalon Walker,Xavier Watts,0200,12
Jalon Walker,Zach Harrison,0200,7
Jalyn Armour-Davis,Adedayo Odeleye,0325,8
Jalyn Armour-Davis,Adisa Isaac,0325,21
Jalyn Armour-Davis,Aeneas Peebles,0325,32
Jalyn Armour-Davis,Basil Okoye,0325,21
Jalyn Armour-Davis,Beau Brade,0325,25
Jalyn Armour-Davis,Bilhal Kone,0325,6
Jalyn Armour-Davis,Brent Urban,0325,13
Jalyn Armour-Davis,C.J. Ravenell,0325,33
Jalyn Armour-Davis,David Ojabo,0325,43
Jalyn Armour-Davis,Jacob Hummel,0325,9
Jalyn Armour-Davis,Jayson Jones,0325,18
Jalyn Armour-Davis,John Jenkins,0325,9
Jalyn Armour-Davis,Kaimon Rucker,0325,11
Jalyn Armour-Davis,Keyon Martin,0325,43
Jalyn Armour-Davis,Malaki Starks,0325,11
Jalyn Armour-Davis,Malik Hamm,0325,10
Jalyn Armour-Davis,Mike Green,0325,37
Jalyn Armour-Davis,Reuben Lowery,0325,33
Jalyn Armour-Davis,Sanoussi Kane,0325,53
Jalyn Armour-Davis,T.J. Tampa,0325,61
Jalyn Armour-Davis,Teddye Buchanan,0325,55
Jalyn Armour-Davis,Trenton Simpson,0325,50
Jalyn Armour-Davis,William Kwenkeu,0325,8
Jalyn Holmes,Ale Kaho,5110,50
Jalyn Holmes,Allan George,5110,13
Jalyn Holmes,Andre Jones Jr.,5110,42
Jalyn Holmes,Antonio Hamilton,5110,27
Jalyn Holmes,Ben Nikkel,5110,46
Jalyn Holmes,Bobby Price,5110,35
Jalyn Holmes,Car'lin Vigers,5110,72
Jalyn Holmes,Carl Davis,5110,42
Jalyn Holmes,Clelin Ferrell,5110,39
Jalyn Holmes,Daron Payne,5110,4
Jalyn Holmes,Daryl Worley,5110,35
Jalyn Holmes,Deatrich Wise,5110,4
Jalyn Holmes,Dominique Hampton,5110,21
Jalyn Holmes,Duke Riley,5110,24
Jalyn Holmes,Eddie Goldman,5110,36
Jalyn Holmes,Essang Bassey,5110,14
Jalyn Holmes,Frankie Luvu,5110,3
Jalyn Holmes,Jacob Martin,5110,14
Jalyn Holmes,Javon Kinlaw,5110,3
Jalyn Holmes,Javontae Jean-Baptiste,5110,5
Jalyn Holmes,Jer'Zhan Newton,5110,19
Jalyn Holmes,Jeremy Reaves,5110,21
Jalyn Holmes,Jordan Magee,5110,11
Jalyn Holmes,Kain Medrano,5110,61
Jalyn Holmes,Kam Arnold,5110,14
Jalyn Holmes,Kevon Seymour,5110,2
Jalyn Holmes,Marshon Lattimore,5110,3
Jalyn Holmes,Mike Sainristil,5110,5
Jalyn Holmes,Noah Igbinoghene,5110,58
Jalyn Holmes,Norell Pollard,5110,11
Jalyn Holmes,Percy Butler,5110,28
Jalyn Holmes,Quan Martin,5110,5
Jalyn Holmes,Ricky Barber,5110,15
Jalyn Holmes,Robert McDaniel,5110,45
Jalyn Holmes,Sheldon Day,5110,54
Jalyn Holmes,T.J. Maguranyanga,5110,5
Jalyn Holmes,Trey Amos,5110,15
Jalyn Holmes,Tyler Owens,5110,30
Jalyn Holmes,Viliami Fehoko Jr.,5110,3
Jalyn Holmes,Will Harris,5110,5
Jamaal Pritchett,Adrian Martinez,3430,64
Jamaal Pritchett,Arian Smith,3430,36
Jamaal Pritchett,Armand Membou,3430,4
Jamaal Pritchett,Brady Cook,3430,2
Jamaal Pritchett,Braelon Allen,3430,4
Jamaal Pritchett,Brandon Smith,3430,30
Jamaal Pritchett,Carter Warren,3430,46
Jamaal Pritchett,Chukwuma Okorafor,3430,16
Jamaal Pritchett,Donovan Edwards,3430,30
Jamaal Pritchett,Dymere Miller,3430,12
Jamaal Pritchett,Jeremy Ruckert,3430,4
Jamaal Pritchett,Josh Myers,3430,21
Jamaal Pritchett,Kene Nwangwu,3430,17
Jamaal Pritchett,Kohl Levao,3430,66
Jamaal Pritchett,Lawrance Toafili,3430,15
Jamaal Pritchett,Liam Fornadel,3430,39
Jamaal Pritchett,Marquis Hayes,3430,42
Jamaal Pritchett,Max Mitchell,3430,30
Jamaal Pritchett,Neal Johnson,3430,17
Jamaal Pritchett,Pokey Wilson,3430,24
Jamaal Pritchett,Quentin Skinner,3430,30
Jamaal Pritchett,Samuel Jackson,3430,36
Jamaal Pritchett,Stone Smartt,3430,19
Jamaal Pritchett,Xavier Newman-Johnson,3430,30
Jamaal Pritchett,Zack Kuntz,3430,26
Jamal Adams,Adam Butler,2520,3
Jamal Adams,Andre Carter II,2520,4
Jamal Adams,Charles Snowden,2520,25
Jamal Adams,Chris Smith II,2520,31
Jamal Adams,Cody Lindenberg,2520,3
Jamal Adams,Darien Porter,2520,48
Jamal Adams,Darnay Holmes,2520,4
Jamal Adams,Decamerion Richardson,2520,29
Jamal Adams,Devin White,2520,4
Jamal Adams,Elandon Roberts,2520,4
Jamal Adams,Eric Stokes,2520,13
Jamal Adams,Greedy Vance,2520,4
Jamal Adams,Isaiah Pola-Mao,2520,41
Jamal Adams,JJ Pegues,2520,6
Jamal Adams,Jeremy Chinn,2520,4
Jamal Adams,Jonah Laulu,2520,28
Jamal Adams,Kyu Kelly,2520,10
Jamal Adams,Leki Fotu,2520,8
Jamal Adams,Malcolm Koonce,2520,26
Jamal Adams,Matt Jones,2520,18
Jamal Adams,Maxx Crosby,2520,2
Jamal Adams,Ovie Oghoufo,2520,1
Jamal Adams,Terrell Edmunds,2520,24
Jamal Adams,Thomas Booker,2520,20
Jamal Adams,Tommy Eichenberg,2520,46
Jamal Adams,Tonka Hemingway,2520,36
Jamal Adams,Tyree Wilson,2520,46
Jamal Adams,Zachary Carter,2520,12
Jamal Hill,Arthur Maulet,2120,21
Jamal Hill,Casey Toohill,2120,38
Jamal Hill,D'Angelo Ross,2120,15
Jamal Hill,Damon Arnette,2120,29
Jamal Hill,Darrell Taylor,2120,10
Jamal Hill,Dylan Horton,2120,11
Jamal Hill,E.J. Speed,2120,1
Jamal Hill,Haggai Ndubuisi,2120,28
Jamal Hill,Jackson Woodard,2120,23
Jamal Hill,Jake Hansen,2120,8
Jamal Hill,Jalen Mills,2120,18
Jamal Hill,Jaylin Smith,2120,17
Jamal Hill,Junior Tafuna,2120,41
Jamal Hill,K.C. Ossai,2120,23
Jamal Hill,M.J. Stewart,2120,18
Jamal Hill,Mario Edwards,2120,1
Jamal Hill,Marlon Davidson,2120,19
Jamal Hill,Myles Bryant,2120,40
Jamal Hill,Nick Niemann,2120,29
Jamal Hill,Russ Yeast,2120,43
Jamal Hill,Solomon Byrd,2120,37
Jamal Hill,Tim Settle,2120,3
Jamal Hill,Tommy Togiai,2120,19
Jamal Hill,Tremon Smith,2120,48
Jamarco Jones,Colby Sorsdal,1540,3
Jamarco Jones,Craig Reynolds,1540,29
Jamarco Jones,Dan Skipper,1540,57
Jamarco Jones,Dominic Lovett,1540,22
Jamarco Jones,Giovanni Manu,1540,3
Jamarco Jones,Isaac TeSlaa,1540,60
Jamarco Jones,Jabari Small,1540,9
Jamarco Jones,Jackson Meeks,1540,28
Jamarco Jones,Jacob Saylors,1540,4
Jamarco Jones,Kayode Awosika,1540,49
Jamarco Jones,Kenny Yeboah,1540,15
Jamarco Jones,Kingsley Eguakun,1540,60
Jamarco Jones,Kyle Allen,1540,60
Jamarco Jones,Michael Niese,1540,8
Jamarco Jones,Netane Muti,1540,60
Jamarco Jones,Shane Zylstra,1540,37
Jamarco Jones,Sione Vaki,1540,18
Jamarco Jones,Tom Kennedy,1540,54
Jamarco Jones,Zach Horton,1540,24
Jamaree Caldwell,Benjamin St-Juste,4400,2
Jamaree Caldwell,Caleb Murphy,4400,39
Jamaree Caldwell,Cam Hart,4400,3
Jamaree Caldwell,Christopher Hinton,4400,10
Jamaree Caldwell,Deane Leonard,4400,10
Jamaree Caldwell,Del'Shawn Phillips,4400,3
Jamaree Caldwell,Emany Johnson,4400,41
Jamaree Caldwell,Eric Rogers,4400,22
Jamaree Caldwell,Garmon Randolph,4400,17
Jamaree Caldwell,Harrison Hand,4400,1
Jamaree Caldwell,Ja'Sir Taylor,4400,45
Jamaree Caldwell,Jordan Oladokun,4400,15
Jamaree Caldwell,Josh Fuga,4400,5
Jamaree Caldwell,Junior Colson,4400,32
Jamaree Caldwell,Justin Eboigbe,4400,38
Jamaree Caldwell,Kana'i Mauga,4400,6
Jamaree Caldwell,Kendall Williamson,4400,45
Jamaree Caldwell,Kylan Guidry,4400,25
Jamaree Caldwell,Kyle Kennard,4400,14
Jamaree Caldwell,Marlowe Wax,4400,39
Jamaree Caldwell,Myles Purchase,4400,19
Jamaree Caldwell,Naquan Jones,4400,22
Jamaree Caldwell,Nehemiah Shelton,4400,1
Jamaree Caldwell,Nikko Reed,4400,31
Jamaree Caldwell,R.J. Mickens,4400,56
Jamaree Caldwell,Scott Matlock,4400,10
Jamaree Caldwell,Tarheeb Still,4400,2
Jamaree Caldwell,TeRah Edwards,4400,1
Jamaree Caldwell,Tony Jefferson,4400,28
Jamaree Caldwell,Tre'Mon Morris-Brash,4400,45
Jamaree Caldwell,Trikweze Bridges,4400,54
Jamaree Caldwell,Troy Dye,4400,19
Jamaree Salyer,Andre James,4400,10
Jamaree Salyer,Bradley Bozeman,4400,7
Jamaree Salyer,Corey Stewart,4400,21
Jamaree Salyer,Dalevon Campbell,4400,1
Jamaree Salyer,Derius Davis,4400,7
Jamaree Salyer,Hassan Haskins,4400,4
Jamaree Salyer,JaQuae Jackson,4400,1
Jamaree Salyer,Jaret Patterson,4400,4
Jamaree Salyer,Jaylen Johnson,4400,5
Jamaree Salyer,Joe Alt,4400,7
Jamaree Salyer,Justin Herbert,4400,7
Jamaree Salyer,Karsen Barnhart,4400,21
Jamaree Salyer,KeAndre Lambert-Smith,4400,23
Jamaree Salyer,Keenan Allen,4400,5
Jamaree Salyer,Kimani Vidal,4400,8
Jamaree Salyer,Ladd McConkey,4400,7
Jamaree Salyer,Omarion Hampton,4400,12
Jamaree Salyer,Oronde Gadsden II,4400,13
Jamaree Salyer,Quentin Johnston,4400,3
Jamaree Salyer,Scott Matlock,4400,9
Jamaree Salyer,Taylor Heinicke,4400,10
Jamaree Salyer,Tre Harris,4400,18
Jamaree Salyer,Trey Lance,4400,11
Jamaree Salyer,Trey Pipkins,4400,18
Jamaree Salyer,Tucker Fisk,4400,7
Jamaree Salyer,Tyler Conklin,4400,6
Jamaree Salyer,Will Dissly,4400,7
Jamaree Salyer,Zion Johnson,4400,28
Jamari Thrash,Ahmani Marshall,1050,11
Jamari Thrash,Blake Whiteheart,1050,16
Jamari Thrash,Brenden Bates,1050,26
Jamari Thrash,Bucky Williams,1050,11
Jamari Thrash,Cade McDonald,1050,2
Jamari Thrash,Cedric Tillman,1050,8
Jamari Thrash,Cornelius Lucas,1050,24
Jamari Thrash,David Njoku,1050,4
Jamari Thrash,Dawand Jones,1050,15
Jamari Thrash,Dillon Gabriel,1050,40
Jamari Thrash,Diontae Johnson,1050,50
Jamari Thrash,Dylan Sampson,1050,11
Jamari Thrash,Ethan Pocic,1050,4
Jamari Thrash,Gage Larvadain,1050,27
Jamari Thrash,Harold Fannin Jr.,1050,9
Jamari Thrash,Isaiah Bond,1050,2
Jamari Thrash,Jack Conklin,1050,4
Jamari Thrash,Jackson Barton,1050,61
Jamari Thrash,Jason Ivey,1050,26
Jamari Thrash,Javion Cohen,1050,18
Jamari Thrash,Jerome Ford,1050,1
Jamari Thrash,Jerry Jeudy,1050,2
Jamari Thrash,Joe Flacco,1050,7
Jamari Thrash,Kaden Davis,1050,40
Jamari Thrash,Luke Floriea,1050,4
Jamari Thrash,Luke Wypler,1050,50
Jamari Thrash,Pierre Strong,1050,24
Jamari Thrash,Sal Cannella,1050,8
Jamari Thrash,Shedeur Sanders,1050,18
Jamari Thrash,Teven Jenkins,1050,58
Jamari Thrash,Trayveon Williams,1050,15
Jamari Thrash,Wyatt Teller,1050,7
Jamari Thrash,Zak Zinter,1050,47
Jameis Winston,Aaron Stinnie,3410,34
Jameis Winston,Antwane Wells Jr.,3410,19
Jameis Winston,Austin Schlottmann,3410,46
Jameis Winston,Beaux Collins,3410,10
Jameis Winston,Bryan Hudson,3410,18
Jameis Winston,Da'Quan Felton,3410,11
Jameis Winston,Dalen Cambre,3410,14
Jameis Winston,Dante Miller,3410,28
Jameis Winston,Evan Neal,3410,12
Jameis Winston,Greg Dulcich,3410,8
Jameis Winston,Gunner Olszewski,3410,32
Jameis Winston,Ihmir Smith-Marsette,3410,11
Jameis Winston,Jake Kubas,3410,28
Jameis Winston,Jalin Hyatt,3410,8
Jameis Winston,Jermaine Terry,3410,17
Jameis Winston,Jimmy Morrissey,3410,1
Jameis Winston,Jonathan Ward,3410,18
Jameis Winston,Jordan Bly,3410,5
Jameis Winston,Joshua Ezeudu,3410,17
Jameis Winston,Lil'Jordan Humphrey,3410,11
Jameis Winston,Marcus Mbow,3410,45
Jameis Winston,Montrell Washington,3410,1
Jameis Winston,Stone Forsythe,3410,29
Jameis Winston,Thomas Fidone II,3410,30
Jameis Winston,Zach Pascal,3410,7
Jamel Dean,Calijah Kancey,4900,7
Jamel Dean,Christian Izien,4900,7
Jamel Dean,Deion Jones,4900,7
Jamel Dean,Haason Reddick,4900,7
Jamel Dean,Jacob Parrish,4900,5
Jamel Dean,Logan Hall,4900,2
Jamel Dean,SirVocea Dennis,4900,7
Jamel Dean,Tykee Smith,4900,7
Jamel Dean,Vita Vea,4900,7
Jamel Dean,Yaya Diaby,4900,7
Jamel Dean,Zyon McCollum,4900,7
James Carpenter,Antonio Johnson,2250,8
James Carpenter,Aydan White,2250,42
James Carpenter,BJ Green II,2250,28
James Carpenter,Branson Combs,2250,37
James Carpenter,Cam'Ron Silmon-Craig,2250,41
James Carpenter,Chad Muma,2250,16
James Carpenter,Christian Braswell,2250,4
James Carpenter,Daniel Thomas,2250,16
James Carpenter,Danny Striggow,2250,20
James Carpenter,Deantre Prince,2250,4
James Carpenter,Doneiko Slaughter,2250,35
James Carpenter,Eli Mostaert,2250,16
James Carpenter,Ethan Downs,2250,30
James Carpenter,Jabbar Muhammad,2250,29
James Carpenter,Jack Kiser,2250,52
James Carpenter,Keivie Rose,2250,35
James Carpenter,Keni-H Lovely,2250,19
James Carpenter,Maason Smith,2250,3
James Carpenter,Myles Cole,2250,30
James Carpenter,Rayuan Lane III,2250,43
James Carpenter,Ventrell Miller,2250,3
James Carpenter,Yasir Abdullah,2250,14
James Carpenter,Zech McPhearson,2250,15
James Conner,Elijah Higgins,3800,1
James Conner,Evan Brown,3800,7
James Conner,Hjalte Froholdt,3800,7
James Conner,Isaiah Adams,3800,7
James Conner,Jonah Williams,3800,7
James Conner,Kyler Murray,3800,7
James Conner,Marvin Harrison Jr.,3800,7
James Conner,Michael Wilson,3800,4
James Conner,Paris Johnson Jr.,3800,7
James Conner,Tip Reiman,3800,5
James Conner,Trey McBride,3800,7
James Conner,Zay Jones,3800,4
James Daniels,Aaron Brewer,2700,28
James Daniels,De'Von Achane,2700,8
James Daniels,Dee Eskridge,2700,21
James Daniels,Jaylen Waddle,2700,5
James Daniels,Jaylen Wright,2700,7
James Daniels,Jonah Savaiinaea,2700,28
James Daniels,Julian Hill,2700,11
James Daniels,Larry Borom,2700,28
James Daniels,Malik Washington,2700,17
James Daniels,Nick Westbrook-Ikhine,2700,25
James Daniels,Ollie Gordon II,2700,13
James Daniels,Patrick Paul,2700,28
James Daniels,Pharaoh Brown,2700,17
James Daniels,Tahj Washington,2700,1
James Daniels,Tanner Conner,2700,15
James Daniels,Tua Tagovailoa,2700,28
James Ester,Arron Mosby,1800,39
James Ester,Barryn Sorrell,1800,6
James Ester,Bo Melton,1800,7
James Ester,Corey Ballentine,1800,15
James Ester,Deslin Alexandre,1800,35
James Ester,Devonte O'Malley,1800,9
James Ester,Garnett Hollis Jr.,1800,13
James Ester,Isaiah Dunn,1800,10
James Ester,Isaiah Simmons,1800,21
James Ester,Jamon Johnson,1800,32
James Ester,Jared Bartlett,1800,9
James Ester,Jaylin Simpson,1800,10
James Ester,Johnathan Baldwin,1800,45
James Ester,Kalen King,1800,21
James Ester,Kamal Hadden,1800,14
James Ester,Keith Randolph Jr.,1800,13
James Ester,Kitan Oladapo,1800,17
James Ester,Kristian Welch,1800,33
James Ester,Micah Robinson,1800,30
James Ester,Nazir Stackhouse,1800,10
James Ester,Omar Brown,1800,5
James Ester,Ty'Ron Hopper,1800,9
James Ester,Tyron Herring,1800,24
James Ester,Warren Brinson,1800,23
James Houston,Alijah Clark,1200,44
James Houston,Andrew Booth,1200,30
James Houston,Bruce Harmon,1200,19
James Houston,Buddy Johnson,1200,37
James Houston,Christian Matthew,1200,40
James Houston,Damone Clark,1200,12
James Houston,Darius Harris,1200,67
James Houston,Denzel Daxon,1200,31
James Houston,Donovan Ezeiruaku,1200,18
James Houston,Earnest Brown IV,1200,42
James Houston,Israel Mukuamu,1200,89
James Houston,Jack Sanborn,1200,3
James Houston,Jay Toia,1200,52
James Houston,Juanyeh Thomas,1200,9
James Houston,Justin Barron,1200,48
James Houston,Kaiir Elam,1200,2
James Houston,Kemon Hall,1200,37
James Houston,Marist Liufau,1200,11
James Houston,Markquese Bell,1200,11
James Houston,Marshawn Kneeland,1200,4
James Houston,Mazi Smith,1200,14
James Houston,Michael Ojemudia,1200,27
James Houston,Mike Smith Jr.,1200,100
James Houston,Payton Turner,1200,14
James Houston,Perrion Winfrey,1200,45
James Houston,Robert Rochell,1200,25
James Houston,Sam Williams,1200,2
James Houston,Shemar James,1200,82
James Houston,Tommy Akingbesote,1200,48
James Houston,Troy Pride,1200,76
James Houston,Tyrus Wheat,1200,84
James Houston,Zion Childress,1200,57
James Hudson,Beaux Collins,3410,14
James Hudson,Chris Manhertz,3410,5
James Hudson,Dalen Cambre,3410,2
James Hudson,Daniel Bellinger,3410,3
James Hudson,Darius Slayton,3410,10
James Hudson,Devin Singletary,3410,11
James Hudson,Elijah Chatman,3410,2
James Hudson,Evan Neal,3410,9
James Hudson,Greg Dulcich,3410,9
James Hudson,Greg Van Roten,3410,19
James Hudson,Jalin Hyatt,3410,10
James Hudson,Jaxson Dart,3410,3
James Hudson,Jermaine Eluemunor,3410,28
James Hudson,John Michael Schmitz,3410,28
James Hudson,Jon Runyan,3410,28
James Hudson,Lil'Jordan Humphrey,3410,9
James Hudson,Montrell Washington,3410,1
James Hudson,Russell Wilson,3410,25
James Hudson,Theo Johnson,3410,24
James Hudson,Tyrone Tracy Jr.,3410,17
James Hudson,Wan'Dale Robinson,3410,15
James Hudson,Zach Pascal,3410,8
James Lynch,Ali Gaye,2100,27
James Lynch,Amani Hooker,2100,14
James Lynch,Amani Oruwariye,2100,41
James Lynch,Amari Burney,2100,11
James Lynch,Arden Key,2100,9
James Lynch,Blake Lynch,2100,12
James Lynch,Brian Asamoah II,2100,7
James Lynch,Cam Horsley,2100,1
James Lynch,Carlos Watkins,2100,51
James Lynch,Cedric Gray,2100,47
James Lynch,Cody Barton,2100,14
James Lynch,Curtis Jacobs,2100,5
James Lynch,Darrell Baker Jr.,2100,14
James Lynch,Desmond Evans,2100,1
James Lynch,Dre'Mont Jones,2100,11
James Lynch,Gabe Jeudy-Lally,2100,62
James Lynch,Isaiah Raikes,2100,4
James Lynch,Jalen Kimber,2100,11
James Lynch,James Williams,2100,56
James Lynch,Jarvis Brownlee Jr.,2100,14
James Lynch,Jaylen Harrell,2100,14
James Lynch,Jihad Ward,2100,51
James Lynch,Joe Gaziano,2100,3
James Lynch,Julius Wood,2100,7
James Lynch,Kendell Brooks,2100,49
James Lynch,Marcus Harris,2100,62
James Lynch,Mike Brown,2100,56
James Lynch,Oluwafemi Oladejo,2100,44
James Lynch,Quandre Diggs,2100,6
James Lynch,Roger McCreary,2100,6
James Lynch,Sebastian Joseph-Day,2100,6
James Lynch,Timmy Horne,2100,24
James Lynch,Xavier Woods,2100,20
James Mitchell,Andy Dalton,0750,17
James Mitchell,Brady Christensen,0750,38
James Mitchell,Brandon Walton,0750,35
James Mitchell,Bryce Pierre,0750,1
James Mitchell,Brycen Tremayne,0750,14
James Mitchell,Cade Mays,0750,23
James Mitchell,Chandler Zavala,0750,13
James Mitchell,David Moore,0750,38
James Mitchell,Dominique Dafney,0750,9
James Mitchell,Hunter Renfrow,0750,22
James Mitchell,Ja'Tyre Carter,0750,27
James Mitchell,Jack Plummer,0750,32
James Mitchell,Jacolby George,0750,1
James Mitchell,Jalen Coker,0750,21
James Mitchell,Jarrett Kingston,0750,42
James Mitchell,Jimmy Horn Jr.,0750,11
James Mitchell,Kobe Hudson,0750,6
James Mitchell,Luke Kandra,0750,12
James Mitchell,Michael Tarquin,0750,11
James Mitchell,Mitchell Evans,0750,6
James Mitchell,Raheem Blackshear,0750,19
James Mitchell,Rico Dowdle,0750,6
James Mitchell,Steven Losoya,0750,6
James Mitchell,T.J. Luther,0750,5
James Mitchell,Tetairoa McMillan,0750,10
James Mitchell,Trevor Etienne,0750,24
James Mitchell,Xavier Legette,0750,3
James Mitchell,Yosh Nijman,0750,38
James Pearce Jr.,Arnold Ebiketie,0200,11
James Pearce Jr.,Billy Bowman Jr.,0200,15
James Pearce Jr.,Bralen Trice,0200,16
James Pearce Jr.,Brandon Dorlus,0200,25
James Pearce Jr.,Caleb Johnson,0200,35
James Pearce Jr.,Cobee Bryant,0200,2
James Pearce Jr.,DeAngelo Malone,0200,37
James Pearce Jr.,DeMarcco Hellams,0200,8
James Pearce Jr.,Dee Alford,0200,19
James Pearce Jr.,Dontae Manning,0200,22
James Pearce Jr.,Henry Black,0200,19
James Pearce Jr.,JD Bertrand,0200,9
James Pearce Jr.,Jalon Walker,0200,8
James Pearce Jr.,Jordan Fuller,0200,32
James Pearce Jr.,Josh Thompson,0200,23
James Pearce Jr.,Josh Woods,0200,25
James Pearce Jr.,Kentavius Street,0200,19
James Pearce Jr.,Khalid Kareem,0200,2
James Pearce Jr.,LaCale London,0200,23
James Pearce Jr.,Lamar Jackson,0200,48
James Pearce Jr.,Mike Ford,0200,21
James Pearce Jr.,Morgan Fox,0200,15
James Pearce Jr.,Natrone Brooks,0200,43
James Pearce Jr.,Nick Kubitz,0200,3
James Pearce Jr.,Ronnie Harrison,0200,23
James Pearce Jr.,Ruke Orhorhoro,0200,23
James Pearce Jr.,Simeon Barrow Jr.,0200,15
James Pearce Jr.,Ta'Quon Graham,0200,6
James Pearce Jr.,Xavier Watts,0200,38
James Pearce Jr.,Zach Harrison,0200,15
James Pierre,Beanie Bishop Jr.,3900,41
James Pierre,Brandin Echols,3900,86
James Pierre,Cameron McCutcheon,3900,9
James Pierre,Chuck Clark,3900,80
James Pierre,Cole Holcomb,3900,78
James Pierre,Daniel Ekuale,3900,39
James Pierre,Daryl Porter,3900,43
James Pierre,DeMarvin Leal,3900,62
James Pierre,Derrick Harmon,3900,57
James Pierre,Domenique Davis,3900,1
James Pierre,Eku Leota,3900,38
James Pierre,Esezi Otomewo,3900,7
James Pierre,Isaiahh Loudermilk,3900,43
James Pierre,Jack Sawyer,3900,63
James Pierre,Juan Thornhill,3900,30
James Pierre,Julius Welschof,3900,38
James Pierre,Keeanu Benton,3900,25
James Pierre,Logan Lee,3900,20
James Pierre,Malik Harrison,3900,72
James Pierre,Mark Robinson,3900,21
James Pierre,Miles Killebrew,3900,62
James Pierre,Nick Herbig,3900,3
James Pierre,Payton Wilson,3900,33
James Pierre,Quindell Johnson,3900,10
James Pierre,Sebastian Castro,3900,22
James Pierre,Yahya Black,3900,37
James Proche,Andrew Rupcich,2100,42
James Proche,Arlington Hambright,2100,1
James Proche,Blake Hance,2100,15
James Proche,Brandon Allen,2100,24
James Proche,Brandon Crenshaw-Dickson,2100,16
James Proche,Brenden Jaimes,2100,29
James Proche,Bryce Oliver,2100,38
James Proche,Chimere Dike,2100,12
James Proche,David Martin-Robinson,2100,13
James Proche,Drake Dabney,2100,1
James Proche,Gunnar Helm,2100,12
James Proche,Jackson Slater,2100,36
James Proche,Jaelyn Duncan,2100,17
James Proche,Jermar Jefferson,2100,11
James Proche,Jha'Quan Jackson,2100,16
James Proche,John Ojukwu,2100,31
James Proche,Jordan Mims,2100,18
James Proche,Josh Whyle,2100,15
James Proche,Julius Chestnut,2100,8
James Proche,Kalel Mullings,2100,10
James Proche,Mason Kinsey,2100,18
James Proche,Olisaemeka Udoh,2100,30
James Proche,Sam Mustipher,2100,18
James Proche,Thomas Odukoya,2100,15
James Proche,Tim Boyle,2100,8
James Proche,Trevor Siemian,2100,15
James Proche,Xavier Restrepo,2100,1
James Williams,Ali Gaye,2100,41
James Williams,Amani Hooker,2100,6
James Williams,Amani Oruwariye,2100,43
James Williams,Amari Burney,2100,19
James Williams,Arden Key,2100,3
James Williams,Cam Horsley,2100,20
James Williams,Carlos Watkins,2100,33
James Williams,Cedric Gray,2100,62
James Williams,Cody Barton,2100,6
James Williams,Darrell Baker Jr.,2100,6
James Williams,Desmond Evans,2100,9
James Williams,Dre'Mont Jones,2100,4
James Williams,Gabe Jeudy-Lally,2100,81
James Williams,Isaiah Raikes,2100,16
James Williams,Jalen Kimber,2100,28
James Williams,James Lynch,2100,56
James Williams,Jarvis Brownlee Jr.,2100,6
James Williams,Jaylen Harrell,2100,16
James Williams,Jihad Ward,2100,59
James Williams,Joe Gaziano,2100,9
James Williams,Joshuah Bledsoe,2100,3
James Williams,Josiah Bronson,2100,3
James Williams,Kendell Brooks,2100,72
James Williams,Marcus Harris,2100,81
James Williams,Mike Brown,2100,75
James Williams,Oluwafemi Oladejo,2100,43
James Williams,Philip Blidi,2100,2
James Williams,Quandre Diggs,2100,6
James Williams,Roger McCreary,2100,1
James Williams,Sebastian Joseph-Day,2100,6
James Williams,Timmy Horne,2100,43
James Williams,Xavier Woods,2100,12
Jamie Sheriff,Alphonzo Tuputala,4600,5
Jamie Sheriff,Anthony Campbell,4600,7
Jamie Sheriff,Connor O'Toole,4600,28
Jamie Sheriff,D'Anthony Bell,4600,45
Jamie Sheriff,D'Eryk Jackson,4600,15
Jamie Sheriff,Damarion Williams,4600,48
Jamie Sheriff,Drake Thomas,4600,39
Jamie Sheriff,Isas Waxter,4600,6
Jamie Sheriff,J.R. Singleton,4600,32
Jamie Sheriff,Jared Ivey,4600,33
Jamie Sheriff,Jerrick Reed II,4600,26
Jamie Sheriff,Keydrain Calligan,4600,28
Jamie Sheriff,Mike Morris,4600,9
Jamie Sheriff,Nehemiah Pritchett,4600,13
Jamie Sheriff,Patrick O'Connell,4600,28
Jamie Sheriff,Quinton Bohanna,4600,20
Jamie Sheriff,Seth Coleman,4600,13
Jamie Sheriff,Shaquill Griffin,4600,11
Jamie Sheriff,Ty Okada,4600,49
Jamie Sheriff,Tyler Hall,4600,19
Jamie Sheriff,Tyreke Smith,4600,14
Jamie Sheriff,Wy'Kevious Thomas,4600,22
Jamien Sherwood,Andre Cisco,3430,22
Jamien Sherwood,Braiden McGregor,3430,9
Jamien Sherwood,Brandon Stephens,3430,22
Jamien Sherwood,Derrick Nnadi,3430,14
Jamien Sherwood,Eric Watts,3430,3
Jamien Sherwood,Jamin Davis,3430,13
Jamien Sherwood,Jay Tufele,3430,16
Jamien Sherwood,Leonard Taylor III,3430,8
Jamien Sherwood,Michael Carter II,3430,9
Jamien Sherwood,Micheal Clemons,3430,20
Jamien Sherwood,Phidarian Mathis,3430,6
Jamien Sherwood,Quincy Williams,3430,22
Jamien Sherwood,Qwan'tez Stiggers,3430,12
Jamien Sherwood,Rashad Weaver,3430,1
Jamien Sherwood,Sauce Gardner,3430,10
Jamien Sherwood,Tony Adams,3430,22
Jamien Sherwood,Tyler Baron,3430,3
Jamien Sherwood,Will McDonald IV,3430,8
Jamil Muhammad,A.J. Green,2510,16
Jamil Muhammad,Bill Norton,2510,32
Jamil Muhammad,Brennan Jackson,2510,13
Jamil Muhammad,Cam Lampkin,2510,41
Jamil Muhammad,Charles Woods,2510,33
Jamil Muhammad,Da'Jon Terry,2510,20
Jamil Muhammad,Decarius Hawthorne,2510,13
Jamil Muhammad,Derion Kendrick,2510,38
Jamil Muhammad,Desjuan Johnson,2510,32
Jamil Muhammad,Elias Neal,2510,32
Jamil Muhammad,Jack Heflin,2510,31
Jamil Muhammad,Josh Pearcy,2510,21
Jamil Muhammad,Larrell Murchison,2510,2
Jamil Muhammad,Malik Dixon-Williams,2510,47
Jamil Muhammad,Nate Valcarcel,2510,45
Jamil Muhammad,Pooh Paul Jr.,2510,20
Jamil Muhammad,Shaun Dolac,2510,8
Jamil Muhammad,Shaun Jolly,2510,20
Jamil Muhammad,Tanner Ingle,2510,15
Jamil Muhammad,Tony Fields II,2510,41
Jamin Davis,Aaron Smith,3430,2
Jamin Davis,Andre Cisco,3430,13
Jamin Davis,Braiden McGregor,3430,14
Jamin Davis,Brandon Stephens,3430,13
Jamin Davis,Dean Clark,3430,11
Jamin Davis,Derrick Nnadi,3430,23
Jamin Davis,Eric Watts,3430,12
Jamin Davis,Fatorma Mulbah,3430,6
Jamin Davis,Francisco Mauigoa,3430,18
Jamin Davis,Isaiah Oliver,3430,9
Jamin Davis,Jamien Sherwood,3430,13
Jamin Davis,Jarius Monroe,3430,9
Jamin Davis,Jarrick Bernard-Converse,3430,12
Jamin Davis,Jay Tufele,3430,14
Jamin Davis,Kingsley Jonathan,3430,5
Jamin Davis,Leonard Taylor III,3430,11
Jamin Davis,Malachi Moore,3430,15
Jamin Davis,Marcelino McCrary-Ball,3430,6
Jamin Davis,Mario Goodrich,3430,3
Jamin Davis,Michael Fletcher,3430,5
Jamin Davis,Micheal Clemons,3430,12
Jamin Davis,Payton Page,3430,7
Jamin Davis,Phidarian Mathis,3430,5
Jamin Davis,Quincy Williams,3430,13
Jamin Davis,Qwan'tez Stiggers,3430,18
Jamin Davis,Rashad Weaver,3430,7
Jamin Davis,Ryan Cooper Jr.,3430,6
Jamin Davis,Sauce Gardner,3430,5
Jamin Davis,Tanner McCalister,3430,3
Jamin Davis,Tony Adams,3430,15
Jamin Davis,Tyler Baron,3430,8
Jamin Davis,Will McDonald IV,3430,3
Jamin Davis,Zaire Barnes,3430,14
Jammie Robinson,Anthony Goodlow,3800,58
Jammie Robinson,Benton Whitley,3800,60
Jammie Robinson,Cody Simon,3800,41
Jammie Robinson,Darren Hall,3800,86
Jammie Robinson,Denzel Burke,3800,24
Jammie Robinson,Ekow Boye-Doe,3800,59
Jammie Robinson,Elijah Jones,3800,74
Jammie Robinson,Elijah Simmons,3800,47
Jammie Robinson,Elliott Brown,3800,77
Jammie Robinson,Jaylon Jones,3800,65
Jammie Robinson,Jordan Burch,3800,6
Jammie Robinson,Kei'Trel Clark,3800,44
Jammie Robinson,Kitan Crawford,3800,24
Jammie Robinson,Kyon Barrs,3800,54
Jammie Robinson,L.J. Collier,3800,5
Jammie Robinson,Mykal Walker,3800,56
Jammie Robinson,Owen Pappoe,3800,42
Jammie Robinson,PJ Mustipher,3800,30
Jammie Robinson,Patrick Jenkins,3800,45
Jammie Robinson,Steven Gilmore,3800,33
Jammie Robinson,Vi Jones,3800,69
Jammie Robinson,Xavier Thomas,3800,61
Jamoi Mayes,Andrew Coker,0920,44
Jamoi Mayes,Andrew Raym,0920,30
Jamoi Mayes,Andrew Stueber,0920,42
Jamoi Mayes,Caleb Etienne,0920,27
Jamoi Mayes,Cam Grandy,0920,11
Jamoi Mayes,Cole Burgess,0920,9
Jamoi Mayes,Desmond Ridder,0920,27
Jamoi Mayes,Gary Brightwell,0920,18
Jamoi Mayes,Isaiah Williams,0920,20
Jamoi Mayes,Jake Browning,0920,17
Jamoi Mayes,Jalen Rivers,0920,19
Jamoi Mayes,Jaxson Kirkland,0920,44
Jamoi Mayes,Jordan Moore,0920,12
Jamoi Mayes,Kendall Milton,0920,18
Jamoi Mayes,Kendric Pryor,0920,25
Jamoi Mayes,Matt Lee,0920,13
Jamoi Mayes,Mitchell Tinsley,0920,2
Jamoi Mayes,Rashod Owens,0920,19
Jamoi Mayes,Seth McLaughlin,0920,1
Jamoi Mayes,Tahj Brooks,0920,8
Jamoi Mayes,Tanner Hudson,0920,16
Jamoi Mayes,Tanner McLachlan,0920,18
Jamon Johnson,Arron Mosby,1800,56
Jamon Johnson,Barryn Sorrell,1800,18
Jamon Johnson,Bo Melton,1800,4
Jamon Johnson,Corey Ballentine,1800,30
Jamon Johnson,Deslin Alexandre,1800,46
Jamon Johnson,Devonte O'Malley,1800,7
Jamon Johnson,Garnett Hollis Jr.,1800,27
Jamon Johnson,Isaiah Dunn,1800,22
Jamon Johnson,Isaiah Simmons,1800,15
Jamon Johnson,James Ester,1800,32
Jamon Johnson,Jared Bartlett,1800,19
Jamon Johnson,Jaylin Simpson,1800,15
Jamon Johnson,Johnathan Baldwin,1800,64
Jamon Johnson,Kalen King,1800,15
Jamon Johnson,Kamal Hadden,1800,6
Jamon Johnson,Keith Randolph Jr.,1800,20
Jamon Johnson,Kitan Oladapo,1800,14
Jamon Johnson,Kristian Welch,1800,59
Jamon Johnson,Micah Robinson,1800,46
Jamon Johnson,Nazir Stackhouse,1800,34
Jamon Johnson,Omar Brown,1800,8
Jamon Johnson,Tyron Herring,1800,40
Jamon Johnson,Warren Brinson,1800,43
Jamree Kromah,Alex Cook,0810,54
Jamree Kromah,Amen Ogbongbemiga,0810,5
Jamree Kromah,Carl Jones,0810,40
Jamree Kromah,Daniel Hardy,0810,39
Jamree Kromah,Jeremiah Walker,0810,48
Jamree Kromah,Jonathan Ford,0810,47
Jamree Kromah,Jonathan Owens,0810,11
Jamree Kromah,Josh Blackwell,0810,12
Jamree Kromah,Kaleb Hayes,0810,15
Jamree Kromah,Mark Perry,0810,21
Jamree Kromah,Mekhi Garner,0810,21
Jamree Kromah,Nick McCloud,0810,9
Jamree Kromah,Noah Sewell,0810,3
Jamree Kromah,Power Echols,0810,30
Jamree Kromah,Ruben Hyppolite II,0810,12
Jamree Kromah,Swayze Bozeman,0810,33
Jamree Kromah,Terell Smith,0810,5
Jamree Kromah,Tre Flowers,0810,37
Jamree Kromah,Tysheem Johnson,0810,22
Jamree Kromah,Xavier Carlton,0810,34
Jamree Kromah,Zacch Pickens,0810,42
Janarius Robinson,Ajani Carter,2310,4
Janarius Robinson,Azizi Hearn,2310,4
Janarius Robinson,Brandon George,2310,7
Janarius Robinson,Cooper McDonald,2310,5
Janarius Robinson,Coziah Izzard,2310,4
Janarius Robinson,Fabien Lovett Sr.,2310,4
Janarius Robinson,Glendon Miller,2310,3
Janarius Robinson,Jacobe Covington,2310,4
Janarius Robinson,Jeffrey Bassa,2310,7
Janarius Robinson,Joshua Williams,2310,3
Janarius Robinson,Kevin Knowles,2310,2
Janarius Robinson,Major Williams,2310,7
Janarius Robinson,Malik Herring,2310,7
Janarius Robinson,Marlon Tuipulotu,2310,6
Janarius Robinson,Melvin Smith Jr.,2310,3
Jaquan Brisker,Andrew Billings,0810,11
Jaquan Brisker,Chris Williams,0810,15
Jaquan Brisker,Dayo Odeyingbo,0810,22
Jaquan Brisker,Dominique Robinson,0810,3
Jaquan Brisker,Gervon Dexter Sr.,0810,20
Jaquan Brisker,Kevin Byard,0810,23
Jaquan Brisker,Montez Sweat,0810,18
Jaquan Brisker,Nahshon Wright,0810,23
Jaquan Brisker,Nick McCloud,0810,15
Jaquan Brisker,Noah Sewell,0810,17
Jaquan Brisker,Ruben Hyppolite II,0810,10
Jaquan Brisker,Swayze Bozeman,0810,1
Jaquan Brisker,T.J. Edwards,0810,23
Jaquan Brisker,Tanoh Kpassagnon,0810,3
Jaquan Brisker,Tremaine Edmunds,0810,3
Jaquan Brisker,Tyrique Stevenson,0810,23
Jared Bartlett,Arron Mosby,1800,15
Jared Bartlett,Barryn Sorrell,1800,12
Jared Bartlett,Corey Ballentine,1800,3
Jared Bartlett,Deslin Alexandre,1800,10
Jared Bartlett,Garnett Hollis Jr.,1800,9
Jared Bartlett,Isaiah Dunn,1800,15
Jared Bartlett,James Ester,1800,9
Jared Bartlett,Jamon Johnson,1800,19
Jared Bartlett,Johnathan Baldwin,1800,19
Jared Bartlett,Kalen King,1800,5
Jared Bartlett,Keith Randolph Jr.,1800,7
Jared Bartlett,Kitan Oladapo,1800,4
Jared Bartlett,Kristian Welch,1800,14
Jared Bartlett,Micah Robinson,1800,15
Jared Bartlett,Nazir Stackhouse,1800,12
Jared Bartlett,Omar Brown,1800,6
Jared Bartlett,Tyron Herring,1800,5
Jared Bartlett,Warren Brinson,1800,11
Jared Harrison-Hunte,Akayleb Evans,0750,26
Jared Harrison-Hunte,Bam Martin-Scott,0750,33
Jared Harrison-Hunte,Cam Jackson,0750,29
Jared Harrison-Hunte,Carlos Basham,0750,44
Jared Harrison-Hunte,Claudin Cherelus,0750,5
Jared Harrison-Hunte,Corey Thornton,0750,8
Jared Harrison-Hunte,DJ Johnson,0750,4
Jared Harrison-Hunte,Demani Richardson,0750,28
Jared Harrison-Hunte,Isaac Gifford,0750,42
Jared Harrison-Hunte,J.J. Weaver,0750,24
Jared Harrison-Hunte,JaTravis Broughton,0750,27
Jared Harrison-Hunte,Jack Henderson,0750,35
Jared Harrison-Hunte,Jacoby Windmon,0750,38
Jared Harrison-Hunte,Jaden Crumedy,0750,31
Jared Harrison-Hunte,Jon Rhattigan,0750,19
Jared Harrison-Hunte,Krys Barnes,0750,29
Jared Harrison-Hunte,Lathan Ransom,0750,34
Jared Harrison-Hunte,Mapalo Mwansa,0750,5
Jared Harrison-Hunte,Mello Dotson,0750,29
Jared Harrison-Hunte,Michael Reid,0750,12
Jared Harrison-Hunte,Princely Umanmielen,0750,23
Jared Harrison-Hunte,Sam Roberts,0750,37
Jared Harrison-Hunte,Shemar Bartholomew,0750,7
Jared Harrison-Hunte,Shy Tuttle,0750,2
Jared Harrison-Hunte,Thomas Incoom,0750,39
Jared Harrison-Hunte,Tre Swilling,0750,42
Jared Harrison-Hunte,Trevian Thomas,0750,18
Jared Ivey,Alphonzo Tuputala,4600,17
Jared Ivey,Anthony Campbell,4600,12
Jared Ivey,Brandon Pili,4600,4
Jared Ivey,Connor O'Toole,4600,53
Jared Ivey,D'Anthony Bell,4600,57
Jared Ivey,D'Eryk Jackson,4600,51
Jared Ivey,Damarion Williams,4600,83
Jared Ivey,Drake Thomas,4600,55
Jared Ivey,Isas Waxter,4600,25
Jared Ivey,J.R. Singleton,4600,54
Jared Ivey,Jalan Gaines,4600,12
Jared Ivey,Jamie Sheriff,4600,33
Jared Ivey,Jerrick Reed II,4600,56
Jared Ivey,Josh Jobe,4600,3
Jared Ivey,Kam Alexander,4600,1
Jared Ivey,Keydrain Calligan,4600,51
Jared Ivey,Michael Dowell,4600,11
Jared Ivey,Mike Morris,4600,8
Jared Ivey,Nehemiah Pritchett,4600,23
Jared Ivey,Patrick O'Connell,4600,36
Jared Ivey,Quinton Bohanna,4600,24
Jared Ivey,Seth Coleman,4600,33
Jared Ivey,Shaquill Griffin,4600,9
Jared Ivey,Ty Okada,4600,77
Jared Ivey,Tyler Hall,4600,47
Jared Ivey,Tyreke Smith,4600,23
Jared Ivey,Wy'Kevious Thomas,4600,42
Jared Penning,Anthony Miller,0325,33
Jared Penning,Baylor Cupp,0325,16
Jared Penning,Carson Vinson,0325,80
Jared Penning,D'Ernest Johnson,0325,43
Jared Penning,Devin Leary,0325,80
Jared Penning,Devontez Walker,0325,18
Jared Penning,Garrett Dellinger,0325,80
Jared Penning,Gerad Lichtenhan,0325,80
Jared Penning,Jahmal Banks,0325,51
Jared Penning,Keith Kirkwood,0325,8
Jared Penning,LaJohntay Wester,0325,16
Jared Penning,Lucas Scott,0325,28
Jared Penning,Malik Cunningham,0325,24
Jared Penning,Myles Gaskin,0325,21
Jared Penning,Nick Samac,0325,41
Jared Penning,Rasheen Ali,0325,16
Jared Penning,Reid Holskey,0325,39
Jared Penning,Scotty Washington,0325,37
Jared Penning,Xavier Guillory,0325,46
Jared Penning,Zaire Mitchell-Paden,0325,43
Jared Wiley,Bailey Zappe,2310,12
Jared Wiley,Brashard Smith,2310,19
Jared Wiley,C.J. Hanson,2310,41
Jared Wiley,Carson Steele,2310,17
Jared Wiley,Chris Oladokun,2310,9
Jared Wiley,Chukwuebuka Godrick,2310,19
Jared Wiley,Creed Humphrey,2310,5
Jared Wiley,Dalton Cooper,2310,8
Jared Wiley,Elijah Mitchell,2310,10
Jared Wiley,Elijah Young,2310,2
Jared Wiley,Elijhah Badger,2310,2
Jared Wiley,Esa Pole,2310,13
Jared Wiley,Gardner Minshew,2310,25
Jared Wiley,Geor'Quarius Spivey,2310,7
Jared Wiley,Hal Presley,2310,8
Jared Wiley,Hunter Nourzad,2310,33
Jared Wiley,Isiah Pacheco,2310,1
Jared Wiley,Jalen Royals,2310,10
Jared Wiley,Jason Brownlee,2310,18
Jared Wiley,Jaylon Moore,2310,24
Jared Wiley,Jimmy Holiday,2310,8
Jared Wiley,Joey Lombard,2310,8
Jared Wiley,Josh Simmons,2310,5
Jared Wiley,JuJu Smith-Schuster,2310,2
Jared Wiley,Key'Shawn Smith,2310,5
Jared Wiley,Kingsley Suamataia,2310,5
Jared Wiley,Mac Dalena,2310,3
Jared Wiley,Mike Caliendo,2310,33
Jared Wiley,Nikko Remigio,2310,18
Jared Wiley,Noah Gray,2310,3
Jared Wiley,Rashee Rice,2310,1
Jared Wiley,Robert Tonyan,2310,16
Jared Wiley,Skyy Moore,2310,10
Jared Wiley,Tre Watson,2310,12
Jared Wiley,Trey Smith,2310,5
Jared Wiley,Tyquan Thornton,2310,11
Jared Wiley,Wanya Morris,2310,31
Jared Wiley,Xavier Worthy,2310,1
Jared Wilson,Antonio Gibson,3200,6
Jared Wilson,Austin Hooper,3200,9
Jared Wilson,Ben Brown,3200,30
Jared Wilson,Ben Wooldridge,3200,12
Jared Wilson,CJ Dippre,3200,4
Jared Wilson,Cole Fotheringham,3200,24
Jared Wilson,Cole Strange,3200,23
Jared Wilson,DeMario Douglas,3200,10
Jared Wilson,Demontrey Jacobs,3200,16
Jared Wilson,Drake Maye,3200,13
Jared Wilson,Efton Chism III,3200,25
Jared Wilson,Garrett Bradbury,3200,5
Jared Wilson,Gee Scott Jr.,3200,7
Jared Wilson,Hunter Henry,3200,5
Jared Wilson,JaMycal Hasty,3200,30
Jared Wilson,Jack Westover,3200,24
Jared Wilson,Jaheim Bell,3200,2
Jared Wilson,Javon Baker,3200,32
Jared Wilson,Jeremiah Webb,3200,5
Jared Wilson,John Jiles,3200,15
Jared Wilson,Joshua Dobbs,3200,26
Jared Wilson,Kayshon Boutte,3200,10
Jared Wilson,Kyle Williams,3200,15
Jared Wilson,Mack Hollins,3200,11
Jared Wilson,Marcus Bryant,3200,35
Jared Wilson,Mike Onwenu,3200,13
Jared Wilson,Phil Lutz,3200,5
Jared Wilson,Rhamondre Stevenson,3200,8
Jared Wilson,Shane Watts,3200,2
Jared Wilson,Sidy Sow,3200,31
Jared Wilson,TreVeyon Henderson,3200,6
Jared Wilson,Vederian Lowe,3200,38
Jared Wilson,Will Campbell,3200,13
Jaret Patterson,Andre James,4400,1
Jaret Patterson,Branson Taylor,4400,5
Jaret Patterson,Corey Stewart,4400,9
Jaret Patterson,DJ Uiagalelei,4400,1
Jaret Patterson,Dalevon Campbell,4400,1
Jaret Patterson,Derius Davis,4400,3
Jaret Patterson,Dez Fitzpatrick,4400,3
Jaret Patterson,JaQuae Jackson,4400,3
Jaret Patterson,Jamaree Salyer,4400,4
Jaret Patterson,Jaylen Johnson,4400,1
Jaret Patterson,Josh Kaltenberger,4400,4
Jaret Patterson,Karsen Barnhart,4400,6
Jaret Patterson,KeAndre Lambert-Smith,4400,5
Jaret Patterson,Nash Jones,4400,4
Jaret Patterson,Oronde Gadsden II,4400,7
Jaret Patterson,Ryan Nelson,4400,5
Jaret Patterson,Scott Matlock,4400,2
Jaret Patterson,Stevo Klotz,4400,1
Jaret Patterson,Tre Harris,4400,5
Jaret Patterson,Trey Lance,4400,8
Jaret Patterson,Trey Pipkins,4400,4
Jaret Patterson,Tucker Fisk,4400,4
Jaret Patterson,Zion Johnson,4400,4
Jarius Monroe,Aaron Smith,3430,19
Jarius Monroe,Braiden McGregor,3430,24
Jarius Monroe,Dean Clark,3430,64
Jarius Monroe,Derrick Nnadi,3430,15
Jarius Monroe,Eric Watts,3430,32
Jarius Monroe,Fatorma Mulbah,3430,34
Jarius Monroe,Francisco Mauigoa,3430,26
Jarius Monroe,Ja'Markis Weston n,3430,29
Jarius Monroe,Jackson Sirmon,3430,32
Jarius Monroe,Jamin Davis,3430,9
Jarius Monroe,Jarrick Bernard-Converse,3430,18
Jarius Monroe,Jordan Clark,3430,43
Jarius Monroe,Kingsley Jonathan,3430,17
Jarius Monroe,Leonard Taylor III,3430,21
Jarius Monroe,Malachi Moore,3430,21
Jarius Monroe,Mario Goodrich,3430,43
Jarius Monroe,Michael Fletcher,3430,26
Jarius Monroe,Payton Page,3430,41
Jarius Monroe,Phidarian Mathis,3430,13
Jarius Monroe,Rashad Weaver,3430,3
Jarius Monroe,Ryan Cooper Jr.,3430,3
Jarius Monroe,Tanner McCalister,3430,44
Jarius Monroe,Tyler Baron,3430,30
Jarius Monroe,Zaire Barnes,3430,33
Jarquez Hunter,A.J. Arcuri,2510,48
Jarquez Hunter,Anthony Torres,2510,18
Jarquez Hunter,Beaux Limmer,2510,44
Jarquez Hunter,Ben Dooley,2510,11
Jarquez Hunter,Brennan Presley,2510,26
Jarquez Hunter,Britain Covey,2510,28
Jarquez Hunter,David Quessenberry,2510,25
Jarquez Hunter,Davis Allen,2510,17
Jarquez Hunter,Drake Stoops,2510,46
Jarquez Hunter,Dresser Winn,2510,10
Jarquez Hunter,Justin Dedich,2510,53
Jarquez Hunter,KT Leveston,2510,39
Jarquez Hunter,Konata Mumpfield,2510,35
Jarquez Hunter,Mario Williams,2510,19
Jarquez Hunter,Mark Redman,2510,22
Jarquez Hunter,McCallan Castles,2510,1
Jarquez Hunter,Stetson Bennett,2510,54
Jarquez Hunter,Terrance Ferguson,2510,8
Jarquez Hunter,Trey Wedig,2510,10
Jarquez Hunter,Tru Edwards,2510,10
Jarquez Hunter,Warren McClendon Jr.,2510,16
Jarquez Hunter,Willie Lampkin,2510,22
Jarquez Hunter,Wyatt Bowles,2510,52
Jarquez Hunter,Xavier Smith,2510,26
Jarrett Kingston,Andy Dalton,0750,14
Jarrett Kingston,Brady Christensen,0750,51
Jarrett Kingston,Brandon Walton,0750,74
Jarrett Kingston,Bryce Perkins,0750,29
Jarrett Kingston,Bryce Pierre,0750,30
Jarrett Kingston,Brycen Tremayne,0750,29
Jarrett Kingston,Cade Mays,0750,30
Jarrett Kingston,Chandler Zavala,0750,18
Jarrett Kingston,David Moore,0750,61
Jarrett Kingston,Dominique Dafney,0750,40
Jarrett Kingston,Emani Bailey,0750,19
Jarrett Kingston,Hunter Renfrow,0750,44
Jarrett Kingston,Ja'Seem Reed,0750,11
Jarrett Kingston,Ja'Tyre Carter,0750,34
Jarrett Kingston,Jack Plummer,0750,65
Jarrett Kingston,Jacolby George,0750,28
Jarrett Kingston,Jalen Coker,0750,16
Jarrett Kingston,James Mitchell,0750,42
Jarrett Kingston,Jimmy Horn Jr.,0750,34
Jarrett Kingston,Kayron Lynch-Adams,0750,18
Jarrett Kingston,Kobe Hudson,0750,39
Jarrett Kingston,Luke Kandra,0750,60
Jarrett Kingston,Michael Tarquin,0750,59
Jarrett Kingston,Mitchell Evans,0750,14
Jarrett Kingston,Raheem Blackshear,0750,28
Jarrett Kingston,Rico Dowdle,0750,6
Jarrett Kingston,Steven Losoya,0750,49
Jarrett Kingston,T.J. Luther,0750,29
Jarrett Kingston,Tetairoa McMillan,0750,6
Jarrett Kingston,Trevor Etienne,0750,38
Jarrett Kingston,Tyler Mabry,0750,2
Jarrett Kingston,Xavier Legette,0750,6
Jarrett Kingston,Yosh Nijman,0750,57
Jarrett Patterson,Austin Deculus,2120,58
Jarrett Patterson,Blake Fisher,2120,19
Jarrett Patterson,Braxton Berrios,2120,21
Jarrett Patterson,Brevin Jordan,2120,7
Jarrett Patterson,British Brooks,2120,1
Jarrett Patterson,Cade Stover,2120,8
Jarrett Patterson,Dameon Pierce,2120,10
Jarrett Patterson,Daniel Jackson,2120,8
Jarrett Patterson,Dare Ogunbowale,2120,2
Jarrett Patterson,Davis Mills,2120,9
Jarrett Patterson,Ed Ingram,2120,10
Jarrett Patterson,Graham Mertz,2120,19
Jarrett Patterson,Harrison Bryant,2120,7
Jarrett Patterson,Irv Smith,2120,26
Jarrett Patterson,J.J. Taylor,2120,2
Jarrett Patterson,Jakob Johnson,2120,9
Jarrett Patterson,Jawhar Jordan,2120,21
Jarrett Patterson,Jayden Higgins,2120,33
Jarrett Patterson,Jaylin Noel,2120,23
Jarrett Patterson,Jaylon Thomas,2120,53
Jarrett Patterson,John Metchie III,2120,25
Jarrett Patterson,Juice Scruggs,2120,59
Jarrett Patterson,Justin Watson,2120,25
Jarrett Patterson,Kedon Slovis,2120,40
Jarrett Patterson,LaDarius Henderson,2120,14
Jarrett Patterson,Luke Lachey,2120,35
Jarrett Patterson,Quintez Cephus,2120,12
Jarrett Patterson,Tre' McKitty,2120,3
Jarrett Patterson,Woody Marks,2120,32
Jarrett Patterson,Xavier Hutchinson,2120,18
Jarrett Patterson,Xavier Johnson,2120,12
Jarrett Patterson,Zach Thomas,2120,59
Jarrett Stidham,Adam Trautman,1400,5
Jarrett Stidham,Alex Forsyth,1400,64
Jarrett Stidham,Alex Palczewski,1400,52
Jarrett Stidham,Audric EstimÃ©,1400,6
Jarrett Stidham,Blake Watson,1400,10
Jarrett Stidham,Caden Prieskorn,1400,13
Jarrett Stidham,Caleb Lohner,1400,6
Jarrett Stidham,Calvin Throckmorton,1400,50
Jarrett Stidham,Devaughn Vele,1400,10
Jarrett Stidham,Evan Engram,1400,8
Jarrett Stidham,Frank Crum,1400,22
Jarrett Stidham,Jaleel McLaughlin,1400,13
Jarrett Stidham,Jerjuan Newton,1400,5
Jarrett Stidham,Kyrese Rowan,1400,4
Jarrett Stidham,Lucas Krull,1400,45
Jarrett Stidham,Matt Peart,1400,64
Jarrett Stidham,Michael Bandy,1400,20
Jarrett Stidham,Nick Gargiulo,1400,34
Jarrett Stidham,Pat Bryant,1400,56
Jarrett Stidham,RJ Harvey,1400,10
Jarrett Stidham,Trent Sherfield,1400,38
Jarrett Stidham,Troy Franklin,1400,46
Jarrett Stidham,Tyler Badie,1400,25
Jarrett Stidham,Will Sherman,1400,34
Jarrian Jones,Andrew Wingard,2250,15
Jarrian Jones,Antonio Johnson,2250,3
Jarrian Jones,Austin Johnson,2250,5
Jarrian Jones,Chad Muma,2250,4
Jarrian Jones,Christian Braswell,2250,5
Jarrian Jones,DaVon Hamilton,2250,11
Jarrian Jones,Daniel Thomas,2250,1
Jarrian Jones,Danny Striggow,2250,1
Jarrian Jones,Darnell Savage,2250,8
Jarrian Jones,Dawuane Smoot,2250,7
Jarrian Jones,Devin Lloyd,2250,12
Jarrian Jones,Emmanuel Ogbah,2250,6
Jarrian Jones,Eric Murray,2250,13
Jarrian Jones,Foye Oluokun,2250,13
Jarrian Jones,Jordan Jefferson,2250,2
Jarrian Jones,Josh Hines-Allen,2250,13
Jarrian Jones,Jourdan Lewis,2250,13
Jarrian Jones,Travis Hunter,2250,4
Jarrian Jones,Travon Walker,2250,11
Jarrian Jones,Tyler Lacy,2250,11
Jarrian Jones,Tyson Campbell,2250,6
Jarrian Jones,Ventrell Miller,2250,2
Jarrian Jones,Yasir Abdullah,2250,3
Jarrick Bernard-Converse,Aaron Smith,3430,38
Jarrick Bernard-Converse,Braiden McGregor,3430,25
Jarrick Bernard-Converse,Dean Clark,3430,56
Jarrick Bernard-Converse,Derrick Nnadi,3430,27
Jarrick Bernard-Converse,Eric Watts,3430,25
Jarrick Bernard-Converse,Fatorma Mulbah,3430,19
Jarrick Bernard-Converse,Francisco Mauigoa,3430,29
Jarrick Bernard-Converse,Isaiah Oliver,3430,32
Jarrick Bernard-Converse,Jackson Sirmon,3430,14
Jarrick Bernard-Converse,Jamin Davis,3430,12
Jarrick Bernard-Converse,Jarius Monroe,3430,18
Jarrick Bernard-Converse,Jay Tufele,3430,7
Jarrick Bernard-Converse,Jordan Clark,3430,26
Jarrick Bernard-Converse,Kingsley Jonathan,3430,33
Jarrick Bernard-Converse,Leonard Taylor III,3430,33
Jarrick Bernard-Converse,Malachi Moore,3430,50
Jarrick Bernard-Converse,Marcelino McCrary-Ball,3430,9
Jarrick Bernard-Converse,Mario Goodrich,3430,17
Jarrick Bernard-Converse,Michael Fletcher,3430,13
Jarrick Bernard-Converse,Payton Page,3430,36
Jarrick Bernard-Converse,Phidarian Mathis,3430,8
Jarrick Bernard-Converse,Qwan'tez Stiggers,3430,11
Jarrick Bernard-Converse,Rashad Weaver,3430,8
Jarrick Bernard-Converse,Ryan Cooper Jr.,3430,21
Jarrick Bernard-Converse,Tanner McCalister,3430,17
Jarrick Bernard-Converse,Tyler Baron,3430,34
Jarrick Bernard-Converse,Zaire Barnes,3430,52
Jarrod Hufford,Albert Okwuegbunam,2520,25
Jarrod Hufford,Atonio Mafi,2520,31
Jarrod Hufford,Cam Miller,2520,47
Jarrod Hufford,Carter Runyon,2520,11
Jarrod Hufford,Chris Collier,2520,27
Jarrod Hufford,Collin Johnson,2520,4
Jarrod Hufford,Dalton Wagner,2520,47
Jarrod Hufford,Dylan Laube,2520,19
Jarrod Hufford,Gottlieb Ayedze,2520,32
Jarrod Hufford,Justin Shorter,2520,26
Jarrod Hufford,Kawaan Baker,2520,3
Jarrod Hufford,Ketron Jackson Jr.,2520,31
Jarrod Hufford,Laki Tasi,2520,27
Jarrod Hufford,Marquez Callaway,2520,17
Jarrod Hufford,Parker Clements,2520,47
Jarrod Hufford,Phillip Dorsett,2520,15
Jarrod Hufford,Qadir Ismail,2520,11
Jarrod Hufford,Shedrick Jackson,2520,21
Jarrod Hufford,Sincere McCormick,2520,1
Jarrod Hufford,Tommy Mellott,2520,24
Jarrod Hufford,Will Putnam,2520,4
Jarvis Brownlee Jr.,Amani Hooker,2100,27
Jarvis Brownlee Jr.,Arden Key,2100,20
Jarvis Brownlee Jr.,Carlos Watkins,2100,6
Jarvis Brownlee Jr.,Cedric Gray,2100,21
Jarvis Brownlee Jr.,Cody Barton,2100,27
Jarvis Brownlee Jr.,Darrell Baker Jr.,2100,27
Jarvis Brownlee Jr.,Dre'Mont Jones,2100,22
Jarvis Brownlee Jr.,James Lynch,2100,14
Jarvis Brownlee Jr.,James Williams,2100,6
Jarvis Brownlee Jr.,Jeffery Simmons,2100,13
Jarvis Brownlee Jr.,Jihad Ward,2100,2
Jarvis Brownlee Jr.,Oluwafemi Oladejo,2100,16
Jarvis Brownlee Jr.,Roger McCreary,2100,17
Jarvis Brownlee Jr.,Sebastian Joseph-Day,2100,15
Jarvis Brownlee Jr.,Timmy Horne,2100,10
Jarvis Brownlee Jr.,Xavier Woods,2100,27
Jase McClellan,Ben Scott,4900,9
Jase McClellan,Benjamin Chukwuma,4900,2
Jase McClellan,Connor Bazelak,4900,9
Jase McClellan,Elijah Klein,4900,7
Jase McClellan,Garrett Greene,4900,9
Jase McClellan,Jacob Harris,4900,2
Jase McClellan,Kameron Johnson,4900,7
Jase McClellan,Lorenz Metz,4900,9
Jase McClellan,Mike Jordan,4900,2
Jase McClellan,Rakim Jarrett,4900,9
Jase McClellan,Sua Opeta,4900,9
Jase McClellan,Tanner Taula,4900,9
Jase McClellan,Tyler McLellan,4900,7
Jashaun Corbin,Ben DiNucci,0200,1
Jashaun Corbin,Brandon Parker,0200,48
Jashaun Corbin,Chris Blair,0200,36
Jashaun Corbin,DJ Chark,0200,18
Jashaun Corbin,Dylan Drummond,0200,19
Jashaun Corbin,Easton Stick,0200,39
Jashaun Corbin,Elijah Wilkinson,0200,20
Jashaun Corbin,Emory Jones,0200,18
Jashaun Corbin,Feleipe Franks,0200,13
Jashaun Corbin,Jack Nelson,0200,47
Jashaun Corbin,Jake Hanson,0200,14
Jashaun Corbin,Jesse Matthews,0200,33
Jashaun Corbin,Jordan Williams,0200,14
Jashaun Corbin,Joshua Gray,0200,45
Jashaun Corbin,Joshua Simon,0200,40
Jashaun Corbin,Jovaughn Gwyn,0200,44
Jashaun Corbin,Kyle Hinton,0200,44
Jashaun Corbin,Matthew Cindric,0200,14
Jashaun Corbin,Nick Nash,0200,41
Jashaun Corbin,Nikola Kalinic,0200,17
Jashaun Corbin,Quincy Skinner Jr.,0200,15
Jasheen Davis,D'Marco Jackson,3300,12
Jasheen Davis,Dalys Beanum,3300,9
Jasheen Davis,Danny Stutsman,3300,5
Jasheen Davis,Elliott Davison,3300,9
Jasheen Davis,Fadil Diggs,3300,7
Jasheen Davis,Isaiah Foskey,3300,16
Jasheen Davis,Isaiah Stalbird,3300,5
Jasheen Davis,Jayden Peevy,3300,12
Jasheen Davis,Jayden Price,3300,5
Jasheen Davis,Jaylan Ford,3300,9
Jasheen Davis,Jonah Williams,3300,13
Jasheen Davis,Jonas Sanker,3300,23
Jasheen Davis,Jonathan Bullard,3300,2
Jasheen Davis,Jordan Howden,3300,14
Jasheen Davis,Khristian Boyd,3300,2
Jasheen Davis,Nephi Sewell,3300,6
Jasheen Davis,Omari Thomas,3300,14
Jasheen Davis,Quincy Riley,3300,14
Jasheen Davis,Rejzohn Wright,3300,23
Jasheen Davis,Tyreem Powell,3300,9
Jasheen Davis,Ugo Amadi,3300,5
Jasheen Davis,Vernon Broughton,3300,16
Jason Bean,Ajou Ajou,2200,17
Jason Bean,Blayne Taylor,2200,19
Jason Bean,Coleman Owen,2200,35
Jason Bean,Jelani Woods,2200,26
Jason Bean,Josh Sills,2200,31
Jason Bean,Landon Parker,2200,25
Jason Bean,Luke Tenuta,2200,13
Jason Bean,Marcellus Johnson,2200,44
Jason Bean,Marshall Foerner,2200,44
Jason Bean,Maximilian Mang,2200,6
Jason Bean,Mose Vavao,2200,44
Jason Bean,Nate Noel,2200,16
Jason Bean,Nay'Quan Wright,2200,15
Jason Bean,Sean McKeon,2200,21
Jason Bean,Tyler Kahmann,2200,27
Jason Bean,Ulysses Bentley IV,2200,13
Jason Bean,Wesley French,2200,44
Jason Brownlee,Bailey Zappe,2310,12
Jason Brownlee,Brashard Smith,2310,23
Jason Brownlee,C.J. Hanson,2310,51
Jason Brownlee,Carson Steele,2310,10
Jason Brownlee,Chris Oladokun,2310,17
Jason Brownlee,Chukwuebuka Godrick,2310,25
Jason Brownlee,Creed Humphrey,2310,1
Jason Brownlee,Dalton Cooper,2310,5
Jason Brownlee,Elijah Mitchell,2310,20
Jason Brownlee,Esa Pole,2310,13
Jason Brownlee,Gardner Minshew,2310,22
Jason Brownlee,Geor'Quarius Spivey,2310,3
Jason Brownlee,Hunter Nourzad,2310,46
Jason Brownlee,Isiah Pacheco,2310,1
Jason Brownlee,Jalen Royals,2310,8
Jason Brownlee,Jared Wiley,2310,18
Jason Brownlee,Jawaan Taylor,2310,1
Jason Brownlee,Jaylon Moore,2310,20
Jason Brownlee,Jimmy Holiday,2310,7
Jason Brownlee,Joey Lombard,2310,5
Jason Brownlee,Josh Simmons,2310,1
Jason Brownlee,JuJu Smith-Schuster,2310,1
Jason Brownlee,Kingsley Suamataia,2310,1
Jason Brownlee,Mac Dalena,2310,5
Jason Brownlee,Mike Caliendo,2310,46
Jason Brownlee,Nikko Remigio,2310,29
Jason Brownlee,Noah Gray,2310,1
Jason Brownlee,Patrick Mahomes,2310,1
Jason Brownlee,Robert Tonyan,2310,24
Jason Brownlee,Skyy Moore,2310,27
Jason Brownlee,Travis Kelce,2310,1
Jason Brownlee,Tre Watson,2310,17
Jason Brownlee,Trey Smith,2310,1
Jason Brownlee,Tyquan Thornton,2310,13
Jason Brownlee,Wanya Morris,2310,44
Jason Ivey,Ahmani Marshall,1050,37
Jason Ivey,Blake Whiteheart,1050,13
Jason Ivey,Brenden Bates,1050,38
Jason Ivey,Bucky Williams,1050,63
Jason Ivey,Cade McDonald,1050,56
Jason Ivey,Chase Cota,1050,25
Jason Ivey,Dartanyan Tinsley,1050,23
Jason Ivey,Dillon Gabriel,1050,30
Jason Ivey,Diontae Johnson,1050,23
Jason Ivey,Gage Larvadain,1050,63
Jason Ivey,Isaiah Bond,1050,3
Jason Ivey,Jackson Barton,1050,44
Jason Ivey,Jamari Thrash,1050,26
Jason Ivey,Javion Cohen,1050,41
Jason Ivey,Kaden Davis,1050,37
Jason Ivey,Kilian Zierer,1050,28
Jason Ivey,Kisean Johnson,1050,34
Jason Ivey,Lorenzo Thompson,1050,66
Jason Ivey,Luke Floriea,1050,8
Jason Ivey,Luke Wypler,1050,33
Jason Ivey,Mitch Van Vooren,1050,1
Jason Ivey,Mitchell Van Vooren,1050,1
Jason Ivey,Pierre Strong,1050,23
Jason Ivey,Sal Cannella,1050,57
Jason Ivey,Sebastian Gutierrez,1050,24
Jason Ivey,Shedeur Sanders,1050,32
Jason Ivey,Teven Jenkins,1050,32
Jason Ivey,Toa Taua,1050,12
Jason Ivey,Trayveon Williams,1050,23
Jason Ivey,Tyler Huntley,1050,34
Jason Ivey,Zak Zinter,1050,30
Jason Marshall Jr.,Alex Huntley,2700,7
Jason Marshall Jr.,BJ Adams,2700,11
Jason Marshall Jr.,Ben Stille,2700,20
Jason Marshall Jr.,Benito Jones,2700,5
Jason Marshall Jr.,Bradley Chubb,2700,6
Jason Marshall Jr.,Cam Smith,2700,14
Jason Marshall Jr.,Cameron Goode,2700,29
Jason Marshall Jr.,Channing Tindall,2700,48
Jason Marshall Jr.,Chop Robinson,2700,6
Jason Marshall Jr.,Cornell Armstrong,2700,9
Jason Marshall Jr.,Dequan Jackson,2700,19
Jason Marshall Jr.,Derrick McLendon,2700,19
Jason Marshall Jr.,Elijah Campbell,2700,11
Jason Marshall Jr.,Ethan Robinson,2700,11
Jason Marshall Jr.,Eugene Asante,2700,23
Jason Marshall Jr.,Grayson Murphy,2700,34
Jason Marshall Jr.,Ifeatu Melifonwu,2700,12
Jason Marshall Jr.,Isaiah Johnson,2700,19
Jason Marshall Jr.,Jack Jones,2700,27
Jason Marshall Jr.,Jaelan Phillips,2700,6
Jason Marshall Jr.,John Saunders Jr.,2700,29
Jason Marshall Jr.,Jordan Colbert,2700,31
Jason Marshall Jr.,Jordan Phillips,2700,30
Jason Marshall Jr.,K.J. Britt,2700,11
Jason Marshall Jr.,Kendall Sheffield,2700,1
Jason Marshall Jr.,Kenneth Grant,2700,3
Jason Marshall Jr.,Matt Dickerson,2700,11
Jason Marshall Jr.,Matthew Butler,2700,17
Jason Marshall Jr.,Matthew Judon,2700,6
Jason Marshall Jr.,Minkah Fitzpatrick,2700,4
Jason Marshall Jr.,Patrick McMorris,2700,27
Jason Marshall Jr.,Quinton Bell,2700,8
Jason Marshall Jr.,Storm Duck,2700,18
Jason Marshall Jr.,Tyrel Dodson,2700,4
Jason Marshall Jr.,Willie Gay Jr.,2700,9
Jason Marshall Jr.,Zach Sieler,2700,4
Jason Marshall Jr.,Zeek Biggers,2700,21
Jason Pinnock,Alfred Collins,4500,6
Jason Pinnock,Bradlee Anae,4500,2
Jason Pinnock,Bryce Huff,4500,8
Jason Pinnock,CJ West,4500,4
Jason Pinnock,Chase Lucas,4500,9
Jason Pinnock,Dallis Flowers,4500,10
Jason Pinnock,Darrell Luter Jr.,4500,10
Jason Pinnock,Dee Winters,4500,10
Jason Pinnock,Jonathan Garvin,4500,7
Jason Pinnock,Kalia Davis,4500,7
Jason Pinnock,Luke Gifford,4500,1
Jason Pinnock,Marques Sigle,4500,10
Jason Pinnock,Robert Beal Jr.,4500,3
Jason Pinnock,Sebastian Valdez,4500,3
Jason Pinnock,Tatum Bethune,4500,10
Javion Cohen,Ahmani Marshall,1050,31
Javion Cohen,Brenden Bates,1050,30
Javion Cohen,Bucky Williams,1050,42
Javion Cohen,Cade McDonald,1050,46
Javion Cohen,Chase Cota,1050,20
Javion Cohen,Cornelius Lucas,1050,18
Javion Cohen,Dartanyan Tinsley,1050,15
Javion Cohen,Diontae Johnson,1050,16
Javion Cohen,Dylan Sampson,1050,8
Javion Cohen,Gage Larvadain,1050,39
Javion Cohen,Harold Fannin Jr.,1050,6
Javion Cohen,Jackson Barton,1050,32
Javion Cohen,Jamari Thrash,1050,18
Javion Cohen,Jason Ivey,1050,41
Javion Cohen,Kaden Davis,1050,47
Javion Cohen,Kilian Zierer,1050,20
Javion Cohen,Kisean Johnson,1050,18
Javion Cohen,Lorenzo Thompson,1050,41
Javion Cohen,Luke Floriea,1050,12
Javion Cohen,Luke Wypler,1050,32
Javion Cohen,Mitch Van Vooren,1050,6
Javion Cohen,Pierre Strong,1050,13
Javion Cohen,Sal Cannella,1050,42
Javion Cohen,Sebastian Gutierrez,1050,37
Javion Cohen,Shedeur Sanders,1050,47
Javion Cohen,Teven Jenkins,1050,18
Javion Cohen,Toa Taua,1050,5
Javion Cohen,Trayveon Williams,1050,13
Javion Cohen,Tyler Huntley,1050,27
Javon Baker,Alec Lindstrom,3200,25
Javon Baker,Antonio Gibson,3200,12
Javon Baker,Ben Brown,3200,35
Javon Baker,Ben Wooldridge,3200,51
Javon Baker,CJ Dippre,3200,27
Javon Baker,Caedan Wallace,3200,28
Javon Baker,Cole Fotheringham,3200,28
Javon Baker,Cole Strange,3200,54
Javon Baker,Demontrey Jacobs,3200,70
Javon Baker,Efton Chism III,3200,44
Javon Baker,Garrett Bradbury,3200,1
Javon Baker,Gee Scott Jr.,3200,26
Javon Baker,Ja'Lynn Polk,3200,8
Javon Baker,JaMycal Hasty,3200,43
Javon Baker,Jack Conley,3200,27
Javon Baker,Jack Westover,3200,31
Javon Baker,Jaheim Bell,3200,14
Javon Baker,Jared Wilson,3200,32
Javon Baker,Jeremiah Webb,3200,15
Javon Baker,John Jiles,3200,39
Javon Baker,Joshua Dobbs,3200,41
Javon Baker,Kyle Williams,3200,25
Javon Baker,Lan Larison,3200,9
Javon Baker,Layden Robinson,3200,11
Javon Baker,Marcus Bryant,3200,39
Javon Baker,Mehki Butler,3200,15
Javon Baker,Micah Bernard,3200,6
Javon Baker,Phil Lutz,3200,19
Javon Baker,Shane Watts,3200,15
Javon Baker,Sidy Sow,3200,43
Javon Baker,Terrell Jennings,3200,7
Javon Baker,Tyrese Robinson,3200,32
Javon Baker,Vederian Lowe,3200,48
Javon Bullard,Brenton Cox Jr.,1800,2
Javon Bullard,Carrington Valentine,1800,14
Javon Bullard,Colby Wooden,1800,5
Javon Bullard,Devonte Wyatt,1800,9
Javon Bullard,Edgerrin Cooper,1800,14
Javon Bullard,Evan Williams,1800,14
Javon Bullard,Isaiah McDuffie,1800,13
Javon Bullard,Isaiah Simmons,1800,4
Javon Bullard,Karl Brooks,1800,5
Javon Bullard,Keisean Nixon,1800,14
Javon Bullard,Kenny Clark,1800,9
Javon Bullard,Kingsley Enagbare,1800,1
Javon Bullard,Kitan Oladapo,1800,3
Javon Bullard,Lukas Van Ness,1800,13
Javon Bullard,Quay Walker,1800,4
Javon Bullard,Rashan Gary,1800,12
Javon Bullard,Zayne Anderson,1800,4
Javon Foster,Austin Trammell,2250,25
Javon Foster,Cam Camper,2250,41
Javon Foster,Chandler Brayboy,2250,39
Javon Foster,Darius Lassiter,2250,18
Javon Foster,Dorian Singer,2250,63
Javon Foster,Eli Pancol,2250,9
Javon Foster,Ja'Quinden Jackson,2250,39
Javon Foster,Jerome Carvin,2250,49
Javon Foster,John Copenhaver,2250,21
Javon Foster,John Wolford,2250,26
Javon Foster,Jonah Monheim,2250,29
Javon Foster,Kevin Harris,2250,21
Javon Foster,LeQuint Allen Jr.,2250,18
Javon Foster,Patrick Herbert,2250,25
Javon Foster,Quintin Morris,2250,34
Javon Foster,Ricky Lee,2250,78
Javon Foster,Sal Wormley,2250,78
Javon Foster,Seth Henigan,2250,52
Javon Foster,Shawn Bowman,2250,18
Javon Foster,Tremayne Anchrum,2250,78
Javon Foster,Trenton Irwin,2250,19
Javon Kinlaw,Daron Payne,5110,8
Javon Kinlaw,Deatrich Wise,5110,8
Javon Kinlaw,Dorance Armstrong,5110,4
Javon Kinlaw,Eddie Goldman,5110,1
Javon Kinlaw,Frankie Luvu,5110,8
Javon Kinlaw,Jacob Martin,5110,1
Javon Kinlaw,Jalyn Holmes,5110,3
Javon Kinlaw,Kain Medrano,5110,8
Javon Kinlaw,Marshon Lattimore,5110,8
Javon Kinlaw,Mike Sainristil,5110,8
Javon Kinlaw,Noah Igbinoghene,5110,4
Javon Kinlaw,Quan Martin,5110,8
Javon Kinlaw,Tyler Owens,5110,3
Javon Kinlaw,Will Harris,5110,8
Javon Solomon,A.J. Epenesa,0610,7
Javon Solomon,Brandon Codrington,0610,25
Javon Solomon,Cam Lewis,0610,1
Javon Solomon,Casey Rogers,0610,12
Javon Solomon,Cole Bishop,0610,7
Javon Solomon,Daequan Hardy,0610,28
Javon Solomon,Damar Hamlin,0610,17
Javon Solomon,Dane Jackson,0610,49
Javon Solomon,Darrick Forrest,0610,38
Javon Solomon,DeWayne Carter,0610,23
Javon Solomon,Deone Walker,0610,30
Javon Solomon,Dorian Strong,0610,48
Javon Solomon,Dorian Williams,0610,32
Javon Solomon,Edefuan Ulofoshio,0610,26
Javon Solomon,Ja'Marcus Ingram,0610,23
Javon Solomon,Jimmy Ciarlo,0610,16
Javon Solomon,Joe Andreessen,0610,47
Javon Solomon,Jordan Hancock,0610,36
Javon Solomon,Keonta Jenkins,0610,21
Javon Solomon,Landon Jackson,0610,26
Javon Solomon,Larry Ogunjobi,0610,7
Javon Solomon,Marcus Harris,0610,19
Javon Solomon,Michael Hoecht,0610,15
Javon Solomon,Nelson Ceaser,0610,3
Javon Solomon,Paris Shand,0610,16
Javon Solomon,T.J. Sanders,0610,28
Javon Solomon,Te'Cory Couch,0610,17
Javon Solomon,Tre Herndon,0610,27
Javon Solomon,Wande Owens,0610,8
Javon Solomon,Zion Logue,0610,15
Javon Solomon,Zy Alexander,0610,3
Javontae Jean-Baptiste,Andre Jones Jr.,5110,2
Javontae Jean-Baptiste,Antonio Hamilton,5110,5
Javontae Jean-Baptiste,Ben Nikkel,5110,2
Javontae Jean-Baptiste,Carl Davis,5110,4
Javontae Jean-Baptiste,Daryl Worley,5110,7
Javontae Jean-Baptiste,Duke Riley,5110,2
Javontae Jean-Baptiste,Eddie Goldman,5110,4
Javontae Jean-Baptiste,Jalyn Holmes,5110,5
Javontae Jean-Baptiste,Jer'Zhan Newton,5110,3
Javontae Jean-Baptiste,Jordan Magee,5110,7
Javontae Jean-Baptiste,Kain Medrano,5110,7
Javontae Jean-Baptiste,Noah Igbinoghene,5110,5
Javontae Jean-Baptiste,Robert McDaniel,5110,7
Javontae Jean-Baptiste,Sheldon Day,5110,3
Javontae Jean-Baptiste,Trey Amos,5110,7
Jawaan Taylor,Brashard Smith,2310,2
Jawaan Taylor,Creed Humphrey,2310,22
Jawaan Taylor,Isiah Pacheco,2310,13
Jawaan Taylor,Jason Brownlee,2310,1
Jawaan Taylor,Josh Simmons,2310,22
Jawaan Taylor,JuJu Smith-Schuster,2310,13
Jawaan Taylor,Kareem Hunt,2310,7
Jawaan Taylor,Kingsley Suamataia,2310,22
Jawaan Taylor,Nikko Remigio,2310,1
Jawaan Taylor,Noah Gray,2310,11
Jawaan Taylor,Patrick Mahomes,2310,22
Jawaan Taylor,Rashee Rice,2310,18
Jawaan Taylor,Robert Tonyan,2310,6
Jawaan Taylor,Travis Kelce,2310,15
Jawaan Taylor,Trey Smith,2310,22
Jawaan Taylor,Tyquan Thornton,2310,4
Jawaan Taylor,Xavier Worthy,2310,19
Jawhar Jordan,Aireontae Ersery,2120,2
Jawhar Jordan,Austin Deculus,2120,51
Jawhar Jordan,Blake Fisher,2120,6
Jawhar Jordan,Braxton Berrios,2120,8
Jawhar Jordan,Conor McDermott,2120,7
Jawhar Jordan,Cornell Powell,2120,8
Jawhar Jordan,Dalton Keene,2120,4
Jawhar Jordan,Dalton Schultz,2120,2
Jawhar Jordan,Daniel Jackson,2120,23
Jawhar Jordan,Davis Mills,2120,8
Jawhar Jordan,Ed Ingram,2120,2
Jawhar Jordan,Eli Cox,2120,30
Jawhar Jordan,Graham Mertz,2120,10
Jawhar Jordan,Harrison Bryant,2120,11
Jawhar Jordan,Irv Smith,2120,12
Jawhar Jordan,Jake Andrews,2120,2
Jawhar Jordan,Jakob Johnson,2120,14
Jawhar Jordan,Jarrett Patterson,2120,21
Jawhar Jordan,Jayden Higgins,2120,7
Jawhar Jordan,Jaylin Noel,2120,5
Jawhar Jordan,Jaylon Thomas,2120,46
Jawhar Jordan,John Metchie III,2120,16
Jawhar Jordan,Juice Scruggs,2120,17
Jawhar Jordan,Justin Watson,2120,15
Jawhar Jordan,Juwann Winfree,2120,14
Jawhar Jordan,Kedon Slovis,2120,35
Jawhar Jordan,LaDarius Henderson,2120,39
Jawhar Jordan,Laken Tomlinson,2120,2
Jawhar Jordan,Luke Lachey,2120,33
Jawhar Jordan,Quintez Cephus,2120,26
Jawhar Jordan,Xavier Hutchinson,2120,3
Jawhar Jordan,Xavier Johnson,2120,11
Jawhar Jordan,Zach Thomas,2120,40
Jaxon Smith-Njigba,AJ Barner,4600,6
Jaxon Smith-Njigba,Abraham Lucas,4600,8
Jaxon Smith-Njigba,Anthony Bradford,4600,8
Jaxon Smith-Njigba,Cooper Kupp,4600,7
Jaxon Smith-Njigba,Dareke Young,4600,1
Jaxon Smith-Njigba,Elijah Arroyo,4600,1
Jaxon Smith-Njigba,Eric Saubert,4600,2
Jaxon Smith-Njigba,Grey Zabel,4600,8
Jaxon Smith-Njigba,Jake Bobo,4600,1
Jaxon Smith-Njigba,Jalen Sundell,4600,8
Jaxon Smith-Njigba,Josh Jones,4600,8
Jaxon Smith-Njigba,Marquez Valdes-Scantling,4600,2
Jaxon Smith-Njigba,Robbie Ouzts,4600,4
Jaxon Smith-Njigba,Sam Darnold,4600,8
Jaxon Smith-Njigba,Zach Charbonnet,4600,8
Jaxson Dart,Aaron Stinnie,3410,48
Jaxson Dart,Antwane Wells Jr.,3410,12
Jaxson Dart,Austin Schlottmann,3410,58
Jaxson Dart,Beaux Collins,3410,20
Jaxson Dart,Bryan Hudson,3410,11
Jaxson Dart,Cam Skattebo,3410,10
Jaxson Dart,Chris Manhertz,3410,2
Jaxson Dart,Da'Quan Felton,3410,3
Jaxson Dart,Dalen Cambre,3410,14
Jaxson Dart,Daniel Bellinger,3410,3
Jaxson Dart,Dante Miller,3410,43
Jaxson Dart,Devin Singletary,3410,6
Jaxson Dart,Elijah Chatman,3410,3
Jaxson Dart,Evan Neal,3410,42
Jaxson Dart,Greg Dulcich,3410,37
Jaxson Dart,Gunner Olszewski,3410,31
Jaxson Dart,Ihmir Smith-Marsette,3410,6
Jaxson Dart,Jake Kubas,3410,30
Jaxson Dart,Jalin Hyatt,3410,19
Jaxson Dart,James Hudson,3410,3
Jaxson Dart,Jermaine Eluemunor,3410,3
Jaxson Dart,Jermaine Terry,3410,5
Jaxson Dart,John Michael Schmitz,3410,3
Jaxson Dart,Jon Runyan,3410,3
Jaxson Dart,Jonathan Ward,3410,12
Jaxson Dart,Joshua Ezeudu,3410,45
Jaxson Dart,Lil'Jordan Humphrey,3410,50
Jaxson Dart,Marcus Mbow,3410,69
Jaxson Dart,Montrell Washington,3410,33
Jaxson Dart,Stone Forsythe,3410,45
Jaxson Dart,Theo Johnson,3410,3
Jaxson Dart,Thomas Fidone II,3410,28
Jaxson Dart,Tyrone Tracy Jr.,3410,1
Jaxson Dart,Wan'Dale Robinson,3410,3
Jaxson Dart,Zach Pascal,3410,16
Jaxson Kirkland,Andrew Coker,0920,114
Jaxson Kirkland,Andrew Raym,0920,78
Jaxson Kirkland,Andrew Stueber,0920,97
Jaxson Kirkland,Caleb Etienne,0920,63
Jaxson Kirkland,Cam Grandy,0920,39
Jaxson Kirkland,Charlie Jones,0920,11
Jaxson Kirkland,Cole Burgess,0920,43
Jaxson Kirkland,Cordell Volson,0920,6
Jaxson Kirkland,Desmond Ridder,0920,59
Jaxson Kirkland,Devin Cochran,0920,7
Jaxson Kirkland,Gary Brightwell,0920,35
Jaxson Kirkland,Isaiah Williams,0920,53
Jaxson Kirkland,Jake Browning,0920,47
Jaxson Kirkland,Jalen Rivers,0920,65
Jaxson Kirkland,Jamoi Mayes,0920,44
Jaxson Kirkland,Jermaine Burton,0920,18
Jaxson Kirkland,Jordan Moore,0920,46
Jaxson Kirkland,Kendall Milton,0920,38
Jaxson Kirkland,Kendric Pryor,0920,64
Jaxson Kirkland,Matt Lee,0920,29
Jaxson Kirkland,Mitchell Tinsley,0920,18
Jaxson Kirkland,Payton Thorne,0920,15
Jaxson Kirkland,Quali Conley,0920,14
Jaxson Kirkland,Rashod Owens,0920,50
Jaxson Kirkland,Seth McLaughlin,0920,25
Jaxson Kirkland,Tahj Brooks,0920,34
Jaxson Kirkland,Tanner Hudson,0920,30
Jaxson Kirkland,Tanner McLachlan,0920,68
Jay Higgins,Adedayo Odeleye,0325,25
Jay Higgins,Adisa Isaac,0325,3
Jay Higgins,Aeneas Peebles,0325,36
Jay Higgins,Basil Okoye,0325,37
Jay Higgins,Beau Brade,0325,42
Jay Higgins,C.J. Ravenell,0325,40
Jay Higgins,Chandler Martin,0325,83
Jay Higgins,David Ojabo,0325,12
Jay Higgins,Desmond Igbinosun,0325,36
Jay Higgins,Jayson Jones,0325,34
Jay Higgins,Kaimon Rucker,0325,71
Jay Higgins,Keondre Jackson,0325,68
Jay Higgins,Keyon Martin,0325,34
Jay Higgins,MJ Devonshire,0325,26
Jay Higgins,Malik Hamm,0325,74
Jay Higgins,Marquise Robinson,0325,82
Jay Higgins,Mike Green,0325,2
Jay Higgins,Reuben Lowery,0325,59
Jay Higgins,T.J. Tampa,0325,47
Jay Higgins,Thomas Graham Jr.,0325,15
Jay Toia,Alijah Clark,1200,35
Jay Toia,Andrew Booth,1200,34
Jay Toia,Bruce Harmon,1200,16
Jay Toia,Buddy Johnson,1200,23
Jay Toia,Christian Matthew,1200,28
Jay Toia,Damone Clark,1200,20
Jay Toia,Darius Harris,1200,49
Jay Toia,Denzel Daxon,1200,12
Jay Toia,Donovan Ezeiruaku,1200,8
Jay Toia,Earnest Brown IV,1200,50
Jay Toia,Israel Mukuamu,1200,52
Jay Toia,Jack Sanborn,1200,6
Jay Toia,James Houston,1200,52
Jay Toia,Juanyeh Thomas,1200,12
Jay Toia,Justin Barron,1200,18
Jay Toia,Kaiir Elam,1200,5
Jay Toia,Kemon Hall,1200,22
Jay Toia,Marist Liufau,1200,16
Jay Toia,Markquese Bell,1200,15
Jay Toia,Mazi Smith,1200,7
Jay Toia,Michael Ojemudia,1200,3
Jay Toia,Mike Smith Jr.,1200,63
Jay Toia,Payton Turner,1200,15
Jay Toia,Perrion Winfrey,1200,9
Jay Toia,Robert Rochell,1200,12
Jay Toia,Sam Williams,1200,2
Jay Toia,Shemar James,1200,53
Jay Toia,Tommy Akingbesote,1200,23
Jay Toia,Troy Pride,1200,51
Jay Toia,Tyrus Wheat,1200,64
Jay Toia,Zion Childress,1200,34
Jay Tufele,Aaron Smith,3430,10
Jay Tufele,Andre Cisco,3430,16
Jay Tufele,Braiden McGregor,3430,9
Jay Tufele,Brandon Stephens,3430,16
Jay Tufele,Dean Clark,3430,9
Jay Tufele,Derrick Nnadi,3430,29
Jay Tufele,Eric Watts,3430,13
Jay Tufele,Francisco Mauigoa,3430,7
Jay Tufele,Isaiah Oliver,3430,17
Jay Tufele,Jamien Sherwood,3430,16
Jay Tufele,Jamin Davis,3430,14
Jay Tufele,Jarrick Bernard-Converse,3430,7
Jay Tufele,Kingsley Jonathan,3430,4
Jay Tufele,Leonard Taylor III,3430,4
Jay Tufele,Malachi Moore,3430,14
Jay Tufele,Marcelino McCrary-Ball,3430,12
Jay Tufele,Michael Carter II,3430,8
Jay Tufele,Micheal Clemons,3430,15
Jay Tufele,Quincy Williams,3430,16
Jay Tufele,Qwan'tez Stiggers,3430,18
Jay Tufele,Rashad Weaver,3430,10
Jay Tufele,Ryan Cooper Jr.,3430,17
Jay Tufele,Sauce Gardner,3430,8
Jay Tufele,Tony Adams,3430,19
Jay Tufele,Tyler Baron,3430,7
Jay Tufele,Will McDonald IV,3430,8
Jay Tufele,Zaire Barnes,3430,7
Jay Ward,Austin Keys,3000,44
Jay Ward,Bo Richter,3000,78
Jay Ward,Brian Asamoah,3000,19
Jay Ward,Cam Gill,3000,18
Jay Ward,Chaz Chambliss,3000,49
Jay Ward,Dallas Turner,3000,9
Jay Ward,Dorian Mausi,3000,24
Jay Ward,Dwight McGlothern,3000,80
Jay Ward,Elijah Williams,3000,39
Jay Ward,Eric Wilson,3000,10
Jay Ward,Gabriel Murphy,3000,66
Jay Ward,Isaiah Rodgers,3000,10
Jay Ward,Ivan Pace Jr.,3000,10
Jay Ward,Jalen Redmond,3000,21
Jay Ward,Jeff Okudah,3000,12
Jay Ward,Jonathan Harris,3000,45
Jay Ward,Kahlef Hailassie,3000,15
Jay Ward,Kobe King,3000,81
Jay Ward,Levi Drake Rodriguez,3000,30
Jay Ward,Mekhi Blackmon,3000,103
Jay Ward,Taki Taimani,3000,40
Jay Ward,Tavierre Thomas,3000,98
Jay Ward,Theo Jackson,3000,12
Jay Ward,Travis Bell,3000,25
Jay Ward,Tyler Batty,3000,34
Jay Ward,Tyrion Ingram-Dawkins,3000,56
Jay Ward,Zemaiah Vaughn,3000,72
JayVian Farr,Adam Gotsis,4900,9
JayVian Farr,Antonio Grier Jr.,4900,20
JayVian Farr,C.J. Brewer,4900,8
JayVian Farr,Chris Braswell,4900,4
JayVian Farr,Dvon J-Thomas,4900,6
JayVian Farr,Elijah Roberts,4900,15
JayVian Farr,Eric Banks,4900,10
JayVian Farr,Greg Gaines,4900,8
JayVian Farr,John Bullock,4900,25
JayVian Farr,Jose Ramirez,4900,29
JayVian Farr,Kaevon Merriweather,4900,20
JayVian Farr,Kindle Vildor,4900,29
JayVian Farr,Markees Watts,4900,13
JayVian Farr,Mike Greene,4900,14
JayVian Farr,Nash Hutmacher,4900,4
JayVian Farr,Nick Jackson,4900,13
JayVian Farr,Rashad Wisdom,4900,22
JayVian Farr,Shilo Sanders,4900,29
JayVian Farr,Warren Peeples,4900,12
Jayden Daniels,Andrew Wylie,5110,4
Jayden Daniels,Ben Sinnott,5110,1
Jayden Daniels,Chris Paul,5110,4
Jayden Daniels,Chris Rodriguez Jr.,5110,4
Jayden Daniels,Deebo Samuel Sr.,5110,4
Jayden Daniels,Jaylin Lane,5110,3
Jayden Daniels,John Bates,5110,4
Jayden Daniels,Josh Conerly Jr.,5110,4
Jayden Daniels,Luke McCaffrey,5110,4
Jayden Daniels,Nick Allegretti,5110,4
Jayden Daniels,Tyler Biadasz,5110,4
Jayden Higgins,Aireontae Ersery,2120,17
Jayden Higgins,Austin Deculus,2120,24
Jayden Higgins,Blake Fisher,2120,26
Jayden Higgins,Braxton Berrios,2120,3
Jayden Higgins,Brevin Jordan,2120,11
Jayden Higgins,C.J. Stroud,2120,2
Jayden Higgins,Cade Stover,2120,19
Jayden Higgins,Dalton Schultz,2120,8
Jayden Higgins,Dameon Pierce,2120,8
Jayden Higgins,Dare Ogunbowale,2120,8
Jayden Higgins,Davis Mills,2120,23
Jayden Higgins,Ed Ingram,2120,26
Jayden Higgins,Graham Mertz,2120,11
Jayden Higgins,Harrison Bryant,2120,5
Jayden Higgins,Irv Smith,2120,13
Jayden Higgins,Jake Andrews,2120,17
Jayden Higgins,Jakob Johnson,2120,9
Jayden Higgins,Jarrett Patterson,2120,33
Jayden Higgins,Jawhar Jordan,2120,7
Jayden Higgins,Jaylin Noel,2120,26
Jayden Higgins,Jaylon Thomas,2120,24
Jayden Higgins,John Metchie III,2120,10
Jayden Higgins,Juice Scruggs,2120,40
Jayden Higgins,Justin Watson,2120,3
Jayden Higgins,Kedon Slovis,2120,14
Jayden Higgins,Laken Tomlinson,2120,10
Jayden Higgins,Luke Lachey,2120,11
Jayden Higgins,Nick Chubb,2120,2
Jayden Higgins,Woody Marks,2120,25
Jayden Higgins,Xavier Hutchinson,2120,32
Jayden Higgins,Zach Thomas,2120,33
Jayden Peevy,Chris Rumph II,3300,15
Jayden Peevy,D'Marco Jackson,3300,17
Jayden Peevy,Dalys Beanum,3300,21
Jayden Peevy,Danny Stutsman,3300,4
Jayden Peevy,Elliott Davison,3300,28
Jayden Peevy,Fadil Diggs,3300,15
Jayden Peevy,Isaiah Foskey,3300,21
Jayden Peevy,Isaiah Stalbird,3300,16
Jayden Peevy,Jasheen Davis,3300,12
Jayden Peevy,Jayden Price,3300,11
Jayden Peevy,Jaylan Ford,3300,20
Jayden Peevy,Jeremiah Martin,3300,11
Jayden Peevy,John Ridgeway,3300,8
Jayden Peevy,Jonah Williams,3300,7
Jayden Peevy,Jonas Sanker,3300,37
Jayden Peevy,Jordan Howden,3300,9
Jayden Peevy,Khristian Boyd,3300,7
Jayden Peevy,Nephi Sewell,3300,6
Jayden Peevy,Omari Thomas,3300,20
Jayden Peevy,Quincy Riley,3300,16
Jayden Peevy,Rejzohn Wright,3300,28
Jayden Peevy,Rico Payton,3300,9
Jayden Peevy,Tyreem Powell,3300,9
Jayden Peevy,Ugo Amadi,3300,7
Jayden Peevy,Vernon Broughton,3300,15
Jayden Price,Chris Rumph II,3300,20
Jayden Price,D'Marco Jackson,3300,10
Jayden Price,Dalys Beanum,3300,26
Jayden Price,Elliott Davison,3300,27
Jayden Price,Fadil Diggs,3300,23
Jayden Price,Isaiah Foskey,3300,27
Jayden Price,Isaiah Stalbird,3300,30
Jayden Price,Jasheen Davis,3300,5
Jayden Price,Jayden Peevy,3300,11
Jayden Price,Jaylan Ford,3300,37
Jayden Price,Jeremiah Martin,3300,17
Jayden Price,John Ridgeway,3300,15
Jayden Price,Jonah Williams,3300,20
Jayden Price,Jonas Sanker,3300,46
Jayden Price,Jonathan Bullard,3300,4
Jayden Price,Jordan Howden,3300,6
Jayden Price,Khristian Boyd,3300,8
Jayden Price,Nephi Sewell,3300,5
Jayden Price,Omari Thomas,3300,12
Jayden Price,Quincy Riley,3300,20
Jayden Price,Rejzohn Wright,3300,33
Jayden Price,Terrell Burgess,3300,9
Jayden Price,Tyreem Powell,3300,8
Jayden Price,Ugo Amadi,3300,12
Jayden Price,Vernon Broughton,3300,29
Jaydon Blue,Ajani Cornelius,1200,17
Jaydon Blue,Asim Richards,1200,12
Jaydon Blue,Brock Hoffman,1200,21
Jaydon Blue,Geron Christian,1200,13
Jaydon Blue,Jalen Brooks,1200,16
Jaydon Blue,Jalen Cropper,1200,8
Jaydon Blue,Joe Milton III,1200,17
Jaydon Blue,Josh Kelly,1200,4
Jaydon Blue,La'el Collins,1200,4
Jaydon Blue,Nick Broeker,1200,21
Jaydon Blue,Princeton Fant,1200,10
Jaydon Blue,Rivaldo Fairweather,1200,14
Jaydon Blue,Ryan Flournoy,1200,14
Jaydon Blue,TJ Bass,1200,17
Jaydon Blue,Traeshon Holden,1200,14
Jaydon Blue,Tyler Neville,1200,4
Jaydon Blue,Will Grier,1200,4
Jaylan Ford,Chris Rumph II,3300,30
Jaylan Ford,D'Marco Jackson,3300,9
Jaylan Ford,Dalys Beanum,3300,31
Jaylan Ford,Elliott Davison,3300,42
Jaylan Ford,Fadil Diggs,3300,43
Jaylan Ford,Isaiah Foskey,3300,41
Jaylan Ford,Isaiah Stalbird,3300,45
Jaylan Ford,Jasheen Davis,3300,9
Jaylan Ford,Jayden Peevy,3300,20
Jaylan Ford,Jayden Price,3300,37
Jaylan Ford,Jeremiah Martin,3300,21
Jaylan Ford,John Ridgeway,3300,23
Jaylan Ford,Jonah Williams,3300,25
Jaylan Ford,Jonas Sanker,3300,72
Jaylan Ford,Jonathan Bullard,3300,10
Jaylan Ford,Jordan Howden,3300,17
Jaylan Ford,Khristian Boyd,3300,27
Jaylan Ford,Nephi Sewell,3300,13
Jaylan Ford,Omari Thomas,3300,22
Jaylan Ford,Quincy Riley,3300,41
Jaylan Ford,Rejzohn Wright,3300,49
Jaylan Ford,Rico Payton,3300,10
Jaylan Ford,Terrell Burgess,3300,9
Jaylan Ford,Tyreem Powell,3300,4
Jaylan Ford,Ugo Amadi,3300,19
Jaylan Ford,Vernon Broughton,3300,50
Jaylen Harrell,Ali Gaye,2100,39
Jaylen Harrell,Amani Oruwariye,2100,26
Jaylen Harrell,Amari Burney,2100,7
Jaylen Harrell,Blake Lynch,2100,22
Jaylen Harrell,Brian Asamoah II,2100,17
Jaylen Harrell,Cam Horsley,2100,23
Jaylen Harrell,Carlos Watkins,2100,12
Jaylen Harrell,Cedric Gray,2100,21
Jaylen Harrell,Clarence Lewis,2100,12
Jaylen Harrell,Curtis Jacobs,2100,16
Jaylen Harrell,David Gbenda,2100,13
Jaylen Harrell,Davion Ross,2100,15
Jaylen Harrell,Desmond Evans,2100,8
Jaylen Harrell,Gabe Jeudy-Lally,2100,37
Jaylen Harrell,Isaiah Raikes,2100,20
Jaylen Harrell,Jalen Kimber,2100,20
Jaylen Harrell,James Lynch,2100,14
Jaylen Harrell,James Williams,2100,16
Jaylen Harrell,Jermari Harris,2100,7
Jaylen Harrell,Jihad Ward,2100,9
Jaylen Harrell,Joe Gaziano,2100,10
Jaylen Harrell,Joshuah Bledsoe,2100,22
Jaylen Harrell,Josiah Bronson,2100,3
Jaylen Harrell,Julius Wood,2100,35
Jaylen Harrell,Kendell Brooks,2100,21
Jaylen Harrell,Marcus Harris,2100,37
Jaylen Harrell,Mike Brown,2100,34
Jaylen Harrell,Philip Blidi,2100,8
Jaylen Harrell,Timmy Horne,2100,36
Jaylen Johnson,Andre James,4400,37
Jaylen Johnson,Branson Taylor,4400,34
Jaylen Johnson,Brenden Rice,4400,10
Jaylen Johnson,Corey Stewart,4400,67
Jaylen Johnson,DJ Uiagalelei,4400,10
Jaylen Johnson,Dalevon Campbell,4400,22
Jaylen Johnson,David Sharpe,4400,34
Jaylen Johnson,Dez Fitzpatrick,4400,6
Jaylen Johnson,Hassan Haskins,4400,7
Jaylen Johnson,JaQuae Jackson,4400,25
Jaylen Johnson,Jamaree Salyer,4400,5
Jaylen Johnson,Jaret Patterson,4400,1
Jaylen Johnson,Josh Kaltenberger,4400,33
Jaylen Johnson,Karsen Barnhart,4400,52
Jaylen Johnson,KeAndre Lambert-Smith,4400,30
Jaylen Johnson,Kimani Vidal,4400,26
Jaylen Johnson,Luke Grimm,4400,3
Jaylen Johnson,Nash Jones,4400,42
Jaylen Johnson,Nyheim Hines,4400,29
Jaylen Johnson,Oronde Gadsden II,4400,57
Jaylen Johnson,Raheim Sanders,4400,7
Jaylen Johnson,Ryan Nelson,4400,41
Jaylen Johnson,Scott Matlock,4400,4
Jaylen Johnson,Stevo Klotz,4400,5
Jaylen Johnson,Taylor Heinicke,4400,20
Jaylen Johnson,Tre Harris,4400,39
Jaylen Johnson,Trey Lance,4400,40
Jaylen Johnson,Tucker Fisk,4400,9
Jaylen Johnson,Zion Johnson,4400,5
Jaylen Jones,Caleb Murphy,4400,2
Jaylen Jones,Christopher Hinton,4400,14
Jaylen Jones,Emany Johnson,4400,23
Jaylen Jones,Garmon Randolph,4400,18
Jaylen Jones,Harrison Hand,4400,3
Jaylen Jones,Ja'Sir Taylor,4400,14
Jaylen Jones,Justin Eboigbe,4400,9
Jaylen Jones,Kana'i Mauga,4400,12
Jaylen Jones,Kendall Williamson,4400,24
Jaylen Jones,Kylan Guidry,4400,18
Jaylen Jones,Kyle Kennard,4400,7
Jaylen Jones,Marlowe Wax,4400,19
Jaylen Jones,Myles Purchase,4400,23
Jaylen Jones,Naquan Jones,4400,14
Jaylen Jones,Nesta Jade Silvera,4400,15
Jaylen Jones,Nikko Reed,4400,6
Jaylen Jones,R.J. Mickens,4400,3
Jaylen Jones,TeRah Edwards,4400,11
Jaylen Jones,Tre'Mon Morris-Brash,4400,9
Jaylen Jones,Trikweze Bridges,4400,26
Jaylen Key,Bralyn Lux,0920,73
Jaylen Key,Craig Young,0920,55
Jaylen Key,D.J. Ivey,0920,23
Jaylen Key,Eric Gregory,0920,51
Jaylen Key,Howard Cross III,0920,34
Jaylen Key,Isaiah Thomas,0920,74
Jaylen Key,Joe Giles-Harris,0920,35
Jaylen Key,Lance Robinson,0920,60
Jaylen Key,Maema Njongmeta,0920,63
Jaylen Key,McKinnley Jackson,0920,55
Jaylen Key,McTelvin Agim,0920,29
Jaylen Key,Nate Brooks,0920,83
Jaylen Key,PJ Jules,0920,29
Jaylen Key,Raymond Johnson III,0920,64
Jaylen Key,Shaka Heyward,0920,23
Jaylen Key,Shaquan Loyal,0920,54
Jaylen Key,Taven Bryan,0920,25
Jaylen Mahoney,Alfred Collins,4500,6
Jaylen Mahoney,Bradlee Anae,4500,28
Jaylen Mahoney,Bruce Hector,4500,70
Jaylen Mahoney,CJ West,4500,6
Jaylen Mahoney,Chase Lucas,4500,88
Jaylen Mahoney,Chazz Surratt,4500,26
Jaylen Mahoney,Curtis Robinson,4500,22
Jaylen Mahoney,Dallis Flowers,4500,8
Jaylen Mahoney,Darrell Luter Jr.,4500,25
Jaylen Mahoney,Demone Harris,4500,17
Jaylen Mahoney,Derrick Canteen,4500,100
Jaylen Mahoney,Evan Anderson,4500,12
Jaylen Mahoney,Jakob Robinson,4500,81
Jaylen Mahoney,Jalen Graham,4500,58
Jaylen Mahoney,Jaylon Allen,4500,62
Jaylen Mahoney,Jonathan Garvin,4500,18
Jaylen Mahoney,Kalia Davis,4500,2
Jaylen Mahoney,Luke Gifford,4500,1
Jaylen Mahoney,Michael Dwumfour,4500,22
Jaylen Mahoney,Nick Martin,4500,72
Jaylen Mahoney,Robert Beal Jr.,4500,20
Jaylen Mahoney,Sebastian Valdez,4500,49
Jaylen Mahoney,Shakel Brown,4500,33
Jaylen Mahoney,Siran Neal,4500,60
Jaylen Mahoney,Stone Blanton,4500,32
Jaylen Mahoney,Tatum Bethune,4500,8
Jaylen Mahoney,Tre Brown,4500,19
Jaylen Mahoney,Trevis Gipson,4500,20
Jaylen Mahoney,Will Bradley-King,4500,35
Jaylen Waddle,Aaron Brewer,2700,5
Jaylen Waddle,James Daniels,2700,5
Jaylen Waddle,Jonah Savaiinaea,2700,5
Jaylen Waddle,Larry Borom,2700,5
Jaylen Waddle,Malik Washington,2700,4
Jaylen Waddle,Nick Westbrook-Ikhine,2700,3
Jaylen Waddle,Ollie Gordon II,2700,5
Jaylen Waddle,Patrick Paul,2700,5
Jaylen Waddle,Pharaoh Brown,2700,5
Jaylen Waddle,Tanner Conner,2700,3
Jaylen Waddle,Tua Tagovailoa,2700,5
Jaylen Warren,Brandon Johnson,3900,2
Jaylen Warren,Broderick Jones,3900,7
Jaylen Warren,Connor Heyward,3900,1
Jaylen Warren,Darnell Washington,3900,2
Jaylen Warren,Lance McCutcheon,3900,3
Jaylen Warren,Mason McCormick,3900,7
Jaylen Warren,Mason Rudolph,3900,7
Jaylen Warren,Max Hurleman,3900,3
Jaylen Warren,Pat Freiermuth,3900,5
Jaylen Warren,Robert Woods,3900,2
Jaylen Warren,Roman Wilson,3900,5
Jaylen Warren,Scott Miller,3900,5
Jaylen Warren,Spencer Anderson,3900,7
Jaylen Warren,Troy Fautanu,3900,7
Jaylen Warren,Zach Frazier,3900,7
Jaylen Watson,Ashton Gillotte,2310,18
Jaylen Watson,Bryan Cook,2310,29
Jaylen Watson,Cam Jones,2310,10
Jaylen Watson,Chamarri Conner,2310,15
Jaylen Watson,Charles Omenihu,2310,20
Jaylen Watson,Chris Jones,2310,10
Jaylen Watson,Christian Roland-Wallace,2310,9
Jaylen Watson,Cole Christiansen,2310,7
Jaylen Watson,Cooper McDonald,2310,1
Jaylen Watson,George Karlaftis,2310,14
Jaylen Watson,Jack Cochrane,2310,12
Jaylen Watson,Jaden Hicks,2310,23
Jaylen Watson,Jeffrey Bassa,2310,9
Jaylen Watson,Jerry Tillery,2310,21
Jaylen Watson,Kristian Fulton,2310,9
Jaylen Watson,Leo Chenal,2310,14
Jaylen Watson,Malik Herring,2310,5
Jaylen Watson,Michael Danna,2310,9
Jaylen Watson,Mike Pennel,2310,13
Jaylen Watson,Nazeeh Johnson,2310,7
Jaylen Watson,Nick Bolton,2310,15
Jaylen Watson,Omarr Norman-Lott,2310,5
Jaylen Watson,Trent McDuffie,2310,15
Jaylen Wright,Aaron Brewer,2700,7
Jaylen Wright,Andrew Armstrong,2700,1
Jaylen Wright,Daniel Brunskill,2700,32
Jaylen Wright,Dee Eskridge,2700,22
Jaylen Wright,Erik Ezukanma,2700,27
Jaylen Wright,Germain Ifedi,2700,10
Jaylen Wright,Hayden Rucci,2700,2
Jaylen Wright,Jackson Carman,2700,22
Jaylen Wright,James Daniels,2700,7
Jaylen Wright,Jonah Savaiinaea,2700,37
Jaylen Wright,Julian Hill,2700,12
Jaylen Wright,Kion Smith,2700,32
Jaylen Wright,Larry Borom,2700,35
Jaylen Wright,Malik Washington,2700,1
Jaylen Wright,Nick Westbrook-Ikhine,2700,11
Jaylen Wright,Patrick Paul,2700,11
Jaylen Wright,Pharaoh Brown,2700,21
Jaylen Wright,Ryan Hayes,2700,2
Jaylen Wright,Tahj Washington,2700,21
Jaylen Wright,Tanner Conner,2700,22
Jaylen Wright,Tarik Black,2700,16
Jaylen Wright,Tua Tagovailoa,2700,7
Jaylen Wright,Zach Wilson,2700,32
Jaylin Lane,Andrew Wylie,5110,6
Jaylin Lane,Ben Sinnott,5110,15
Jaylin Lane,Bobby Hart,5110,21
Jaylin Lane,Chris Moore,5110,1
Jaylin Lane,Chris Paul,5110,30
Jaylin Lane,Chris Rodriguez Jr.,5110,10
Jaylin Lane,Cole Turner,5110,1
Jaylin Lane,Colson Yankoff,5110,13
Jaylin Lane,Deebo Samuel Sr.,5110,3
Jaylin Lane,Foster Sarell,5110,9
Jaylin Lane,Ja'Corey Brooks,5110,9
Jaylin Lane,Jacory Croskey-Merritt,5110,9
Jaylin Lane,Jayden Daniels,5110,3
Jaylin Lane,Jeremy McNichols,5110,20
Jaylin Lane,John Bates,5110,6
Jaylin Lane,Josh Conerly Jr.,5110,18
Jaylin Lane,Josh Johnson,5110,20
Jaylin Lane,Julian Good-Jones,5110,26
Jaylin Lane,K.J. Osborn,5110,19
Jaylin Lane,Lawrence Cager,5110,5
Jaylin Lane,Luke McCaffrey,5110,20
Jaylin Lane,Michael Deiter,5110,32
Jaylin Lane,Michael Gallup,5110,4
Jaylin Lane,Mike Strachan,5110,2
Jaylin Lane,Nick Allegretti,5110,6
Jaylin Lane,Noah Brown,5110,3
Jaylin Lane,Sam Hartman,5110,16
Jaylin Lane,Tay Martin,5110,16
Jaylin Lane,Trent Scott,5110,33
Jaylin Lane,Tyler Biadasz,5110,6
Jaylin Lane,Tyre Phillips,5110,8
Jaylin Noel,Aireontae Ersery,2120,10
Jaylin Noel,Austin Deculus,2120,16
Jaylin Noel,Blake Fisher,2120,17
Jaylin Noel,Braxton Berrios,2120,4
Jaylin Noel,Brevin Jordan,2120,9
Jaylin Noel,C.J. Stroud,2120,2
Jaylin Noel,Cade Stover,2120,5
Jaylin Noel,Dalton Schultz,2120,5
Jaylin Noel,Dameon Pierce,2120,3
Jaylin Noel,Dare Ogunbowale,2120,5
Jaylin Noel,Davis Mills,2120,13
Jaylin Noel,Ed Ingram,2120,17
Jaylin Noel,Graham Mertz,2120,8
Jaylin Noel,Harrison Bryant,2120,5
Jaylin Noel,Irv Smith,2120,9
Jaylin Noel,Jake Andrews,2120,10
Jaylin Noel,Jakob Johnson,2120,2
Jaylin Noel,Jarrett Patterson,2120,23
Jaylin Noel,Jawhar Jordan,2120,5
Jaylin Noel,Jayden Higgins,2120,26
Jaylin Noel,Jaylon Thomas,2120,16
Jaylin Noel,John Metchie III,2120,9
Jaylin Noel,Juice Scruggs,2120,26
Jaylin Noel,Justin Watson,2120,9
Jaylin Noel,Kedon Slovis,2120,10
Jaylin Noel,Laken Tomlinson,2120,7
Jaylin Noel,Luke Lachey,2120,3
Jaylin Noel,Nick Chubb,2120,2
Jaylin Noel,Woody Marks,2120,18
Jaylin Noel,Xavier Hutchinson,2120,13
Jaylin Noel,Zach Thomas,2120,23
Jaylin Simpson,Arron Mosby,1800,16
Jaylin Simpson,Corey Ballentine,1800,12
Jaylin Simpson,Deslin Alexandre,1800,15
Jaylin Simpson,Devonte O'Malley,1800,6
Jaylin Simpson,Isaiah Simmons,1800,11
Jaylin Simpson,James Ester,1800,10
Jaylin Simpson,Jamon Johnson,1800,15
Jaylin Simpson,Johnathan Baldwin,1800,18
Jaylin Simpson,Kalen King,1800,1
Jaylin Simpson,Kamal Hadden,1800,6
Jaylin Simpson,Kristian Welch,1800,18
Jaylin Simpson,Micah Robinson,1800,15
Jaylin Simpson,Nazir Stackhouse,1800,12
Jaylin Simpson,Tyron Herring,1800,12
Jaylin Simpson,Warren Brinson,1800,13
Jaylin Smith,Arthur Maulet,2120,14
Jaylin Smith,Azeez Al-Shaair,2120,1
Jaylin Smith,Calen Bullock,2120,1
Jaylin Smith,Casey Toohill,2120,22
Jaylin Smith,Christian Harris,2120,8
Jaylin Smith,D'Angelo Ross,2120,42
Jaylin Smith,Danielle Hunter,2120,1
Jaylin Smith,Darrell Taylor,2120,36
Jaylin Smith,Derek Barnett,2120,10
Jaylin Smith,Dylan Horton,2120,19
Jaylin Smith,E.J. Speed,2120,37
Jaylin Smith,Foley Fatukasi,2120,9
Jaylin Smith,Haggai Ndubuisi,2120,4
Jaylin Smith,Henry To'oTo'o,2120,9
Jaylin Smith,Jackson Woodard,2120,2
Jaylin Smith,Jake Hansen,2120,40
Jaylin Smith,Jalen Mills,2120,14
Jaylin Smith,Jalen Pitre,2120,1
Jaylin Smith,Jamal Hill,2120,17
Jaylin Smith,Junior Tafuna,2120,24
Jaylin Smith,K.C. Ossai,2120,3
Jaylin Smith,Kamari Lassiter,2120,1
Jaylin Smith,M.J. Stewart,2120,48
Jaylin Smith,Mario Edwards,2120,8
Jaylin Smith,Marlon Davidson,2120,13
Jaylin Smith,Myles Bryant,2120,23
Jaylin Smith,Nick Niemann,2120,22
Jaylin Smith,Russ Yeast,2120,55
Jaylin Smith,Sheldon Rankins,2120,1
Jaylin Smith,Solomon Byrd,2120,25
Jaylin Smith,Tim Settle,2120,25
Jaylin Smith,Tommy Togiai,2120,36
Jaylin Smith,Tremon Smith,2120,16
Jaylin Smith,Will Anderson Jr.,2120,1
Jaylinn Hawkins,Alex Austin,3200,23
Jaylinn Hawkins,Anfernee Jennings,3200,9
Jaylinn Hawkins,Bradyn Swinson,3200,2
Jaylinn Hawkins,Carlton Davis III,3200,6
Jaylinn Hawkins,Christian Elliss,3200,21
Jaylinn Hawkins,Craig Woodson,3200,18
Jaylinn Hawkins,DJ James,3200,22
Jaylinn Hawkins,David Olajiga,3200,3
Jaylinn Hawkins,Elijah Ponder,3200,9
Jaylinn Hawkins,Harold Landry III,3200,6
Jaylinn Hawkins,Isaiah Iton,3200,11
Jaylinn Hawkins,Jabrill Peppers,3200,13
Jaylinn Hawkins,Jack Gibbens,3200,11
Jaylinn Hawkins,Jeremiah Pharms Jr.,3200,8
Jaylinn Hawkins,Joshua Farmer,3200,13
Jaylinn Hawkins,K'Lavon Chaisson,3200,1
Jaylinn Hawkins,Keion White,3200,21
Jaylinn Hawkins,Khyiris Tonga,3200,19
Jaylinn Hawkins,Kyle Dugger,3200,15
Jaylinn Hawkins,Marcus Jones,3200,19
Jaylinn Hawkins,Marte Mapu,3200,11
Jaylinn Hawkins,Miles Battle,3200,12
Jaylinn Hawkins,Milton Williams,3200,17
Jaylinn Hawkins,Robert Spillane,3200,22
Jaylinn Hawkins,Truman Jones,3200,18
Jaylon Allen,Alfred Collins,4500,4
Jaylon Allen,Bradlee Anae,4500,19
Jaylon Allen,Bruce Hector,4500,54
Jaylon Allen,Chase Lucas,4500,63
Jaylon Allen,Chazz Surratt,4500,15
Jaylon Allen,Curtis Robinson,4500,10
Jaylon Allen,Dallis Flowers,4500,10
Jaylon Allen,Darrell Luter Jr.,4500,19
Jaylon Allen,Demone Harris,4500,5
Jaylon Allen,Derrick Canteen,4500,67
Jaylon Allen,Evan Anderson,4500,7
Jaylon Allen,Jakob Robinson,4500,61
Jaylon Allen,Jalen Graham,4500,42
Jaylon Allen,Jaylen Mahoney,4500,62
Jaylon Allen,Ji'Ayir Brown,4500,6
Jaylon Allen,Jonathan Garvin,4500,5
Jaylon Allen,Kalia Davis,4500,4
Jaylon Allen,Luke Gifford,4500,1
Jaylon Allen,Marques Sigle,4500,10
Jaylon Allen,Michael Dwumfour,4500,18
Jaylon Allen,Nick Martin,4500,50
Jaylon Allen,Robert Beal Jr.,4500,9
Jaylon Allen,Sebastian Valdez,4500,30
Jaylon Allen,Shakel Brown,4500,27
Jaylon Allen,Siran Neal,4500,36
Jaylon Allen,Stone Blanton,4500,27
Jaylon Allen,Tatum Bethune,4500,8
Jaylon Allen,Tre Brown,4500,17
Jaylon Allen,Trevis Gipson,4500,3
Jaylon Allen,Will Bradley-King,4500,31
Jaylon Jones,Anthony Goodlow,3800,52
Jaylon Jones,Benton Whitley,3800,61
Jaylon Jones,Cody Simon,3800,71
Jaylon Jones,Darren Hall,3800,51
Jaylon Jones,Denzel Burke,3800,56
Jaylon Jones,Ekow Boye-Doe,3800,24
Jaylon Jones,Elijah Jones,3800,38
Jaylon Jones,Elijah Simmons,3800,42
Jaylon Jones,Elliott Brown,3800,66
Jaylon Jones,Jammie Robinson,3800,65
Jaylon Jones,Joey Blount,3800,37
Jaylon Jones,Jordan Burch,3800,15
Jaylon Jones,Kei'Trel Clark,3800,59
Jaylon Jones,Kitan Crawford,3800,51
Jaylon Jones,Kyon Barrs,3800,46
Jaylon Jones,L.J. Collier,3800,4
Jaylon Jones,Mykal Walker,3800,50
Jaylon Jones,Owen Pappoe,3800,40
Jaylon Jones,PJ Mustipher,3800,36
Jaylon Jones,Patrick Jenkins,3800,47
Jaylon Jones,Steven Gilmore,3800,4
Jaylon Jones,Vi Jones,3800,34
Jaylon Jones,Will Johnson,3800,16
Jaylon Jones,Xavier Thomas,3800,55
Jaylon Moore,Brashard Smith,2310,13
Jaylon Moore,C.J. Hanson,2310,26
Jaylon Moore,Carson Steele,2310,15
Jaylon Moore,Chris Oladokun,2310,4
Jaylon Moore,Creed Humphrey,2310,18
Jaylon Moore,Elijah Mitchell,2310,9
Jaylon Moore,Gardner Minshew,2310,40
Jaylon Moore,Geor'Quarius Spivey,2310,2
Jaylon Moore,Hunter Nourzad,2310,26
Jaylon Moore,Isiah Pacheco,2310,3
Jaylon Moore,Jalen Royals,2310,22
Jaylon Moore,Jared Wiley,2310,24
Jaylon Moore,Jason Brownlee,2310,20
Jaylon Moore,Jimmy Holiday,2310,4
Jaylon Moore,Josh Simmons,2310,18
Jaylon Moore,JuJu Smith-Schuster,2310,7
Jaylon Moore,Kareem Hunt,2310,6
Jaylon Moore,Kingsley Suamataia,2310,18
Jaylon Moore,Mac Dalena,2310,2
Jaylon Moore,Mike Caliendo,2310,26
Jaylon Moore,Nikko Remigio,2310,12
Jaylon Moore,Noah Gray,2310,16
Jaylon Moore,Rashee Rice,2310,2
Jaylon Moore,Robert Tonyan,2310,14
Jaylon Moore,Skyy Moore,2310,13
Jaylon Moore,Tre Watson,2310,7
Jaylon Moore,Trey Smith,2310,18
Jaylon Moore,Tyquan Thornton,2310,23
Jaylon Moore,Wanya Morris,2310,26
Jaylon Moore,Xavier Worthy,2310,6
Jaylon Smith,Andre Carter II,2520,11
Jaylon Smith,Anthony Booker,2520,1
Jaylon Smith,Charles Snowden,2520,24
Jaylon Smith,Chris Smith II,2520,26
Jaylon Smith,Cody Lindenberg,2520,5
Jaylon Smith,Darien Porter,2520,3
Jaylon Smith,Darnay Holmes,2520,7
Jaylon Smith,Decamerion Richardson,2520,24
Jaylon Smith,Greedy Vance,2520,8
Jaylon Smith,Isaiah Pola-Mao,2520,7
Jaylon Smith,JJ Pegues,2520,9
Jaylon Smith,JT Woods,2520,18
Jaylon Smith,Jahfari Harvey,2520,2
Jaylon Smith,Jonah Laulu,2520,11
Jaylon Smith,Kyu Kelly,2520,7
Jaylon Smith,Leki Fotu,2520,1
Jaylon Smith,Matt Jones,2520,21
Jaylon Smith,Ovie Oghoufo,2520,6
Jaylon Smith,Terrell Edmunds,2520,19
Jaylon Smith,Thomas Booker,2520,4
Jaylon Smith,Tonka Hemingway,2520,21
Jaylon Smith,Treven Ma'ae,2520,4
Jaylon Smith,Tyree Wilson,2520,12
Jaylon Smith,Zachary Carter,2520,9
Jaylon Thomas,Austin Deculus,2120,133
Jaylon Thomas,Blake Fisher,2120,9
Jaylon Thomas,Braxton Berrios,2120,19
Jaylon Thomas,British Brooks,2120,24
Jaylon Thomas,Cade Stover,2120,3
Jaylon Thomas,Conor McDermott,2120,42
Jaylon Thomas,Cornell Powell,2120,30
Jaylon Thomas,Dalton Keene,2120,6
Jaylon Thomas,Dameon Pierce,2120,10
Jaylon Thomas,Daniel Jackson,2120,40
Jaylon Thomas,Dare Ogunbowale,2120,6
Jaylon Thomas,Davis Mills,2120,9
Jaylon Thomas,Eli Cox,2120,80
Jaylon Thomas,Graham Mertz,2120,62
Jaylon Thomas,Harrison Bryant,2120,32
Jaylon Thomas,Irv Smith,2120,30
Jaylon Thomas,J.J. Taylor,2120,13
Jaylon Thomas,Jakob Johnson,2120,33
Jaylon Thomas,Jarrett Patterson,2120,53
Jaylon Thomas,Jawhar Jordan,2120,46
Jaylon Thomas,Jayden Higgins,2120,24
Jaylon Thomas,Jaylin Noel,2120,16
Jaylon Thomas,John Metchie III,2120,37
Jaylon Thomas,Juice Scruggs,2120,44
Jaylon Thomas,Justin Watson,2120,37
Jaylon Thomas,Juwann Winfree,2120,40
Jaylon Thomas,Kedon Slovis,2120,62
Jaylon Thomas,LaDarius Henderson,2120,89
Jaylon Thomas,Luke Lachey,2120,83
Jaylon Thomas,Quintez Cephus,2120,60
Jaylon Thomas,Tre' McKitty,2120,9
Jaylon Thomas,Woody Marks,2120,34
Jaylon Thomas,Xavier Hutchinson,2120,10
Jaylon Thomas,Xavier Johnson,2120,23
Jaylon Thomas,Zach Thomas,2120,82
Jayson Jones,Adedayo Odeleye,0325,20
Jayson Jones,Adisa Isaac,0325,12
Jayson Jones,Aeneas Peebles,0325,16
Jayson Jones,Basil Okoye,0325,10
Jayson Jones,Beau Brade,0325,29
Jayson Jones,Bilhal Kone,0325,2
Jayson Jones,C.J. Ravenell,0325,23
Jayson Jones,Chandler Martin,0325,35
Jayson Jones,David Ojabo,0325,19
Jayson Jones,Desmond Igbinosun,0325,16
Jayson Jones,Jacob Hummel,0325,1
Jayson Jones,Jalyn Armour-Davis,0325,18
Jayson Jones,Jay Higgins,0325,34
Jayson Jones,Kaimon Rucker,0325,35
Jayson Jones,Keondre Jackson,0325,26
Jayson Jones,Keyon Martin,0325,38
Jayson Jones,MJ Devonshire,0325,11
Jayson Jones,Malik Hamm,0325,41
Jayson Jones,Marquise Robinson,0325,34
Jayson Jones,Mike Green,0325,10
Jayson Jones,Reuben Lowery,0325,39
Jayson Jones,Sanoussi Kane,0325,19
Jayson Jones,T.J. Tampa,0325,44
Jayson Jones,Teddye Buchanan,0325,24
Jayson Jones,Thomas Graham Jr.,0325,9
Jayson Jones,Trenton Simpson,0325,18
Jayson Jones,William Kwenkeu,0325,6
Jeff Okudah,Bo Richter,3000,4
Jeff Okudah,Brian Asamoah,3000,2
Jeff Okudah,Dallas Turner,3000,9
Jeff Okudah,Dwight McGlothern,3000,1
Jeff Okudah,Eric Wilson,3000,10
Jeff Okudah,Gabriel Murphy,3000,11
Jeff Okudah,Isaiah Rodgers,3000,10
Jeff Okudah,Ivan Pace Jr.,3000,10
Jeff Okudah,Jalen Redmond,3000,10
Jeff Okudah,Jay Ward,3000,12
Jeff Okudah,Jonathan Harris,3000,2
Jeff Okudah,Kahlef Hailassie,3000,1
Jeff Okudah,Levi Drake Rodriguez,3000,10
Jeff Okudah,Mekhi Blackmon,3000,5
Jeff Okudah,Taki Taimani,3000,2
Jeff Okudah,Theo Jackson,3000,12
Jeff Okudah,Tyler Batty,3000,2
Jeff Okudah,Tyrion Ingram-Dawkins,3000,7
Jeff Wilson,Austen Pleasants,4500,14
Jeff Wilson,Brayden Willis,4500,26
Jeff Wilson,Carter Bradley,4500,22
Jeff Wilson,Connor Colby,4500,14
Jeff Wilson,Demarcus Robinson,4500,7
Jeff Wilson,Drake Nugent,4500,32
Jeff Wilson,Drew Moss,4500,32
Jeff Wilson,Isaac Alarcon,4500,32
Jeff Wilson,Isaiah Hodgins,4500,8
Jeff Wilson,Isaiah Prince,4500,32
Jeff Wilson,Jake Tonges,4500,34
Jeff Wilson,Junior Bergen,4500,8
Jeff Wilson,Ke'Shawn Vaughn,4500,2
Jeff Wilson,Luke Farrell,4500,12
Jeff Wilson,Mac Jones,4500,10
Jeff Wilson,Malik Turner,4500,17
Jeff Wilson,Matt Hennessy,4500,14
Jeff Wilson,Michael Dunn,4500,10
Jeff Wilson,Nick Zakelj,4500,36
Jeff Wilson,Robbie Chosen,4500,37
Jeff Wilson,Russell Gage,4500,8
Jeff Wilson,Skyy Moore,4500,11
Jeff Wilson,Spencer Burford,4500,14
Jeff Wilson,Tanner Mordecai,4500,14
Jeff Wilson,Terique Owens,4500,14
Jeffery Simmons,Amani Hooker,2100,13
Jeffery Simmons,Arden Key,2100,11
Jeffery Simmons,Cedric Gray,2100,13
Jeffery Simmons,Cody Barton,2100,13
Jeffery Simmons,Darrell Baker Jr.,2100,13
Jeffery Simmons,Dre'Mont Jones,2100,11
Jeffery Simmons,Jarvis Brownlee Jr.,2100,13
Jeffery Simmons,Jihad Ward,2100,2
Jeffery Simmons,Oluwafemi Oladejo,2100,6
Jeffery Simmons,Roger McCreary,2100,11
Jeffery Simmons,Sebastian Joseph-Day,2100,9
Jeffery Simmons,Timmy Horne,2100,2
Jeffery Simmons,Xavier Woods,2100,13
Jeffrey Bassa,Ajani Carter,2310,21
Jeffrey Bassa,Ashton Gillotte,2310,42
Jeffrey Bassa,Azizi Hearn,2310,14
Jeffrey Bassa,Brandon George,2310,37
Jeffrey Bassa,Bryan Cook,2310,34
Jeffrey Bassa,Cam Jones,2310,25
Jeffrey Bassa,Chamarri Conner,2310,8
Jeffrey Bassa,Charles Omenihu,2310,26
Jeffrey Bassa,Chris Jones,2310,3
Jeffrey Bassa,Christian Roland-Wallace,2310,38
Jeffrey Bassa,Cole Christiansen,2310,21
Jeffrey Bassa,Cooper McDonald,2310,44
Jeffrey Bassa,Coziah Izzard,2310,29
Jeffrey Bassa,Deon Bush,2310,3
Jeffrey Bassa,Fabien Lovett Sr.,2310,43
Jeffrey Bassa,Felix Anudike-Uzomah,2310,52
Jeffrey Bassa,George Karlaftis,2310,4
Jeffrey Bassa,Glendon Miller,2310,38
Jeffrey Bassa,Jack Cochrane,2310,20
Jeffrey Bassa,Jacobe Covington,2310,8
Jeffrey Bassa,Jaden Hicks,2310,41
Jeffrey Bassa,Janarius Robinson,2310,7
Jeffrey Bassa,Jaylen Watson,2310,9
Jeffrey Bassa,Jerry Tillery,2310,35
Jeffrey Bassa,Joshua Williams,2310,36
Jeffrey Bassa,Kevin Knowles,2310,9
Jeffrey Bassa,Kristian Fulton,2310,18
Jeffrey Bassa,Leo Chenal,2310,8
Jeffrey Bassa,Major Williams,2310,38
Jeffrey Bassa,Malik Herring,2310,64
Jeffrey Bassa,Marlon Tuipulotu,2310,51
Jeffrey Bassa,Melvin Smith Jr.,2310,24
Jeffrey Bassa,Michael Danna,2310,3
Jeffrey Bassa,Mike Edwards,2310,20
Jeffrey Bassa,Mike Pennel,2310,12
Jeffrey Bassa,Nate Matlack,2310,18
Jeffrey Bassa,Nazeeh Johnson,2310,33
Jeffrey Bassa,Nick Bolton,2310,4
Jeffrey Bassa,Nohl Williams,2310,37
Jeffrey Bassa,Omarr Norman-Lott,2310,19
Jeffrey Bassa,Trent McDuffie,2310,4
Jelani Woods,Ajou Ajou,2200,25
Jelani Woods,Anthony Gould,2200,3
Jelani Woods,Blake Freeland,2200,28
Jelani Woods,Blayne Taylor,2200,32
Jelani Woods,Coleman Owen,2200,52
Jelani Woods,D.J. Montgomery,2200,19
Jelani Woods,Dalton Tucker,2200,24
Jelani Woods,Danny Pinter,2200,13
Jelani Woods,Jalen Travis,2200,34
Jelani Woods,Jason Bean,2200,26
Jelani Woods,Josh Sills,2200,61
Jelani Woods,Khalil Herbert,2200,16
Jelani Woods,Landon Parker,2200,24
Jelani Woods,Laquon Treadwell,2200,29
Jelani Woods,Luke Tenuta,2200,48
Jelani Woods,Marcellus Johnson,2200,26
Jelani Woods,Marshall Foerner,2200,26
Jelani Woods,Maximilian Mang,2200,3
Jelani Woods,Mose Vavao,2200,57
Jelani Woods,Nate Noel,2200,4
Jelani Woods,Nay'Quan Wright,2200,10
Jelani Woods,Riley Leonard,2200,49
Jelani Woods,Sean McKeon,2200,6
Jelani Woods,Tyler Kahmann,2200,20
Jelani Woods,Ulysses Bentley IV,2200,45
Jelani Woods,Wesley French,2200,58
Jelani Woods,Will Mallory,2200,12
Jer'Zhan Newton,Ale Kaho,5110,26
Jer'Zhan Newton,Andre Jones Jr.,5110,20
Jer'Zhan Newton,Antonio Hamilton,5110,15
Jer'Zhan Newton,Ben Nikkel,5110,13
Jer'Zhan Newton,Bobby Price,5110,17
Jer'Zhan Newton,Car'lin Vigers,5110,36
Jer'Zhan Newton,Carl Davis,5110,3
Jer'Zhan Newton,Clelin Ferrell,5110,29
Jer'Zhan Newton,Daryl Worley,5110,9
Jer'Zhan Newton,Deatrich Wise,5110,6
Jer'Zhan Newton,Dominique Hampton,5110,14
Jer'Zhan Newton,Duke Riley,5110,5
Jer'Zhan Newton,Eddie Goldman,5110,22
Jer'Zhan Newton,Jacob Martin,5110,18
Jer'Zhan Newton,Jalyn Holmes,5110,19
Jer'Zhan Newton,Javontae Jean-Baptiste,5110,3
Jer'Zhan Newton,Jeremy Reaves,5110,21
Jer'Zhan Newton,Jordan Magee,5110,6
Jer'Zhan Newton,Kain Medrano,5110,39
Jer'Zhan Newton,Mike Sainristil,5110,1
Jer'Zhan Newton,Noah Igbinoghene,5110,47
Jer'Zhan Newton,Percy Butler,5110,25
Jer'Zhan Newton,Quan Martin,5110,1
Jer'Zhan Newton,Robert McDaniel,5110,18
Jer'Zhan Newton,Sheldon Day,5110,15
Jer'Zhan Newton,Trey Amos,5110,14
Jer'Zhan Newton,Tyler Owens,5110,20
Jer'Zhan Newton,Viliami Fehoko Jr.,5110,6
Jer'Zhan Newton,Will Harris,5110,1
Jereme Robinson,Andre' Sam,3700,4
Jereme Robinson,Antwaun Powell-Ryland,3700,3
Jereme Robinson,Brandon Johnson,3700,1
Jereme Robinson,Chance Campbell,3700,5
Jereme Robinson,Dallas Gant,3700,5
Jereme Robinson,Eli Ricks,3700,2
Jereme Robinson,Jacob Sykes,3700,2
Jereme Robinson,Joe Evans,3700,5
Jereme Robinson,Justin Rogers,3700,5
Jereme Robinson,Lewis Cine,3700,1
Jereme Robinson,Mac McWilliams,3700,5
Jereme Robinson,Maxen Hook,3700,5
Jereme Robinson,Ochaun Mathis,3700,2
Jereme Robinson,Parry Nickerson,3700,5
Jeremiah Byers,Andre Baccellia,3800,36
Jeremiah Byers,Bam Knight,3800,28
Jeremiah Byers,Bryson Green,3800,49
Jeremiah Byers,Clayton Tune,3800,91
Jeremiah Byers,DeeJay Dallas,3800,13
Jeremiah Byers,Elijah Higgins,3800,15
Jeremiah Byers,Emari Demercado,3800,30
Jeremiah Byers,Hayden Conner,3800,17
Jeremiah Byers,Jacoby Brissett,3800,16
Jeremiah Byers,Jake Curhan,3800,63
Jeremiah Byers,Jon Gaines II,3800,32
Jeremiah Byers,Josh Fryar,3800,44
Jeremiah Byers,Josiah Deguara,3800,68
Jeremiah Byers,McClendon Curtis,3800,34
Jeremiah Byers,Michael Carter,3800,36
Jeremiah Byers,Nate McCollum,3800,30
Jeremiah Byers,Nick Leverett,3800,73
Jeremiah Byers,Oscar Cardenas,3800,37
Jeremiah Byers,Royce Newman,3800,61
Jeremiah Byers,Simi Fehoko,3800,38
Jeremiah Byers,Sincere Haynesworth,3800,104
Jeremiah Byers,Tejhaun Palmer,3800,61
Jeremiah Byers,Travis Vokolek,3800,37
Jeremiah Byers,Trishton Jackson,3800,5
Jeremiah Byers,Xavier Weaver,3800,52
Jeremiah Ledbetter,Art Green,3410,5
Jeremiah Ledbetter,Chauncey Golston,3410,4
Jeremiah Ledbetter,Chris Board,3410,11
Jeremiah Ledbetter,Cory Durden,3410,31
Jeremiah Ledbetter,DJ Davidson,3410,4
Jeremiah Ledbetter,Dane Belton,3410,7
Jeremiah Ledbetter,Darius Alexander,3410,6
Jeremiah Ledbetter,Darius Muasau,3410,6
Jeremiah Ledbetter,Dee Williams,3410,40
Jeremiah Ledbetter,Deonte Banks,3410,6
Jeremiah Ledbetter,Dyontae Johnson,3410,50
Jeremiah Ledbetter,Elijah Chatman,3410,5
Jeremiah Ledbetter,Elijah Garcia,3410,32
Jeremiah Ledbetter,Jordon Riley,3410,20
Jeremiah Ledbetter,K'Von Wallace,3410,12
Jeremiah Ledbetter,K.J. Cloyd,3410,45
Jeremiah Ledbetter,Makari Paige,3410,49
Jeremiah Ledbetter,Nic Jones,3410,41
Jeremiah Ledbetter,O'Donnell Fortune,3410,31
Jeremiah Ledbetter,Raheem Layne,3410,24
Jeremiah Ledbetter,TJ Moore,3410,34
Jeremiah Ledbetter,Tomon Fox,3410,47
Jeremiah Ledbetter,Trace Ford,3410,50
Jeremiah Martin,Chris Rumph II,3300,8
Jeremiah Martin,D'Marco Jackson,3300,10
Jeremiah Martin,Dalys Beanum,3300,16
Jeremiah Martin,Elliott Davison,3300,21
Jeremiah Martin,Fadil Diggs,3300,17
Jeremiah Martin,Isaiah Foskey,3300,3
Jeremiah Martin,Isaiah Stalbird,3300,11
Jeremiah Martin,Jayden Peevy,3300,11
Jeremiah Martin,Jayden Price,3300,17
Jeremiah Martin,Jaylan Ford,3300,21
Jeremiah Martin,John Ridgeway,3300,5
Jeremiah Martin,Jonah Williams,3300,11
Jeremiah Martin,Jonas Sanker,3300,28
Jeremiah Martin,Jonathan Bullard,3300,5
Jeremiah Martin,Jordan Howden,3300,7
Jeremiah Martin,Khristian Boyd,3300,7
Jeremiah Martin,Nephi Sewell,3300,7
Jeremiah Martin,Omari Thomas,3300,7
Jeremiah Martin,Quincy Riley,3300,12
Jeremiah Martin,Rejzohn Wright,3300,24
Jeremiah Martin,Rico Payton,3300,4
Jeremiah Martin,Tyreem Powell,3300,5
Jeremiah Martin,Ugo Amadi,3300,2
Jeremiah Martin,Vernon Broughton,3300,20
Jeremiah Pharms Jr.,Alex Austin,3200,22
Jeremiah Pharms Jr.,Anfernee Jennings,3200,26
Jeremiah Pharms Jr.,Bradyn Swinson,3200,31
Jeremiah Pharms Jr.,Brandon Crossley,3200,30
Jeremiah Pharms Jr.,Brenden Schooler,3200,4
Jeremiah Pharms Jr.,Cam Riley,3200,13
Jeremiah Pharms Jr.,Carlton Davis III,3200,2
Jeremiah Pharms Jr.,Christian Elliss,3200,4
Jeremiah Pharms Jr.,Craig Woodson,3200,37
Jeremiah Pharms Jr.,DJ James,3200,13
Jeremiah Pharms Jr.,David Olajiga,3200,11
Jeremiah Pharms Jr.,Dell Pettus,3200,37
Jeremiah Pharms Jr.,Elijah Ponder,3200,32
Jeremiah Pharms Jr.,Harold Landry III,3200,2
Jeremiah Pharms Jr.,Isaiah Bolden,3200,5
Jeremiah Pharms Jr.,Isaiah Iton,3200,16
Jeremiah Pharms Jr.,Jabrill Peppers,3200,9
Jeremiah Pharms Jr.,Jack Gibbens,3200,25
Jeremiah Pharms Jr.,Jahvaree Ritzie,3200,9
Jeremiah Pharms Jr.,Jaylinn Hawkins,3200,8
Jeremiah Pharms Jr.,Jordan Polk,3200,28
Jeremiah Pharms Jr.,Josh Minkins,3200,1
Jeremiah Pharms Jr.,Joshua Farmer,3200,27
Jeremiah Pharms Jr.,K'Lavon Chaisson,3200,3
Jeremiah Pharms Jr.,Keion White,3200,15
Jeremiah Pharms Jr.,Khyiris Tonga,3200,3
Jeremiah Pharms Jr.,Kobee Minor,3200,41
Jeremiah Pharms Jr.,Kyle Dugger,3200,30
Jeremiah Pharms Jr.,Kyle Peko,3200,30
Jeremiah Pharms Jr.,Marcus Epps,3200,47
Jeremiah Pharms Jr.,Marcus Jones,3200,1
Jeremiah Pharms Jr.,Marte Mapu,3200,30
Jeremiah Pharms Jr.,Miles Battle,3200,40
Jeremiah Pharms Jr.,Milton Williams,3200,4
Jeremiah Pharms Jr.,Monty Rice,3200,46
Jeremiah Pharms Jr.,Philip Blidi,3200,2
Jeremiah Pharms Jr.,R.J. Moten,3200,8
Jeremiah Pharms Jr.,Robert Spillane,3200,4
Jeremiah Pharms Jr.,Tre Avery,3200,13
Jeremiah Pharms Jr.,Truman Jones,3200,41
Jeremiah Trotter Jr.,Adoree' Jackson,3700,33
Jeremiah Trotter Jr.,Andre' Sam,3700,30
Jeremiah Trotter Jr.,Andrew Mukuba,3700,23
Jeremiah Trotter Jr.,Azeez Ojulari,3700,40
Jeremiah Trotter Jr.,Brandon Johnson,3700,28
Jeremiah Trotter Jr.,Byron Young,3700,31
Jeremiah Trotter Jr.,Eli Ricks,3700,14
Jeremiah Trotter Jr.,Gabe Hall,3700,52
Jeremiah Trotter Jr.,Jacob Sykes,3700,14
Jeremiah Trotter Jr.,Jakorian Bennett,3700,27
Jeremiah Trotter Jr.,Jihaad Campbell,3700,23
Jeremiah Trotter Jr.,Joe Evans,3700,13
Jeremiah Trotter Jr.,Joshua Uche,3700,28
Jeremiah Trotter Jr.,Justin Rogers,3700,4
Jeremiah Trotter Jr.,Kelee Ringo,3700,38
Jeremiah Trotter Jr.,Mac McWilliams,3700,31
Jeremiah Trotter Jr.,Ochaun Mathis,3700,6
Jeremiah Trotter Jr.,Ogbo Okoronkwo,3700,34
Jeremiah Trotter Jr.,Parry Nickerson,3700,8
Jeremiah Trotter Jr.,Patrick Johnson,3700,34
Jeremiah Trotter Jr.,Smael Mondon Jr.,3700,48
Jeremiah Trotter Jr.,Sydney Brown,3700,43
Jeremiah Trotter Jr.,Tariq Castro-Fields,3700,7
Jeremiah Trotter Jr.,Tristin McCollum,3700,46
Jeremiah Trotter Jr.,Ty Robinson,3700,55
Jeremiah Walker,Alex Cook,0810,61
Jeremiah Walker,Amen Ogbongbemiga,0810,12
Jeremiah Walker,Andrew Billings,0810,2
Jeremiah Walker,Austin Booker,0810,2
Jeremiah Walker,Carl Jones,0810,37
Jeremiah Walker,Daniel Hardy,0810,49
Jeremiah Walker,Dominique Robinson,0810,4
Jeremiah Walker,Elijah Hicks,0810,2
Jeremiah Walker,Jamree Kromah,0810,48
Jeremiah Walker,Jonathan Ford,0810,54
Jeremiah Walker,Jonathan Owens,0810,18
Jeremiah Walker,Josh Blackwell,0810,12
Jeremiah Walker,Kaleb Hayes,0810,19
Jeremiah Walker,Mark Perry,0810,23
Jeremiah Walker,Mekhi Garner,0810,28
Jeremiah Walker,Nick McCloud,0810,9
Jeremiah Walker,Noah Sewell,0810,3
Jeremiah Walker,Power Echols,0810,39
Jeremiah Walker,Ruben Hyppolite II,0810,16
Jeremiah Walker,Swayze Bozeman,0810,28
Jeremiah Walker,Tanoh Kpassagnon,0810,2
Jeremiah Walker,Terell Smith,0810,7
Jeremiah Walker,Tre Flowers,0810,42
Jeremiah Walker,Tysheem Johnson,0810,22
Jeremiah Walker,Xavier Carlton,0810,40
Jeremiah Walker,Zacch Pickens,0810,51
Jeremiah Webb,Alec Lindstrom,3200,53
Jeremiah Webb,Ben Brown,3200,2
Jeremiah Webb,Ben Wooldridge,3200,71
Jeremiah Webb,CJ Dippre,3200,34
Jeremiah Webb,Caedan Wallace,3200,33
Jeremiah Webb,Cole Fotheringham,3200,34
Jeremiah Webb,Cole Strange,3200,16
Jeremiah Webb,Demontrey Jacobs,3200,69
Jeremiah Webb,Efton Chism III,3200,6
Jeremiah Webb,Gee Scott Jr.,3200,22
Jeremiah Webb,JaMycal Hasty,3200,27
Jeremiah Webb,Jack Conley,3200,57
Jeremiah Webb,Jack Westover,3200,11
Jeremiah Webb,Jaheim Bell,3200,12
Jeremiah Webb,Jared Wilson,3200,5
Jeremiah Webb,Javon Baker,3200,15
Jeremiah Webb,John Jiles,3200,58
Jeremiah Webb,Lan Larison,3200,11
Jeremiah Webb,Layden Robinson,3200,27
Jeremiah Webb,Marcus Bryant,3200,2
Jeremiah Webb,Mehki Butler,3200,43
Jeremiah Webb,Micah Bernard,3200,2
Jeremiah Webb,Phil Lutz,3200,21
Jeremiah Webb,Shane Watts,3200,25
Jeremiah Webb,Sidy Sow,3200,14
Jeremiah Webb,Terrell Jennings,3200,6
Jeremiah Webb,Tyrese Robinson,3200,20
Jeremiah Webb,Vederian Lowe,3200,14
Jeremy Chinn,Adam Butler,2520,22
Jeremy Chinn,Chris Smith II,2520,7
Jeremy Chinn,Darien Porter,2520,12
Jeremy Chinn,Devin White,2520,23
Jeremy Chinn,Elandon Roberts,2520,14
Jeremy Chinn,Eric Stokes,2520,23
Jeremy Chinn,Germaine Pratt,2520,19
Jeremy Chinn,Isaiah Pola-Mao,2520,23
Jeremy Chinn,JJ Pegues,2520,4
Jeremy Chinn,Jamal Adams,2520,4
Jeremy Chinn,Jonah Laulu,2520,11
Jeremy Chinn,Kyu Kelly,2520,11
Jeremy Chinn,Malcolm Koonce,2520,11
Jeremy Chinn,Maxx Crosby,2520,20
Jeremy Chinn,Terrell Edmunds,2520,2
Jeremy Chinn,Thomas Booker,2520,12
Jeremy Chinn,Tonka Hemingway,2520,3
Jeremy Chinn,Tyree Wilson,2520,9
Jeremy McNichols,Ben Sinnott,5110,15
Jeremy McNichols,Bobby Hart,5110,23
Jeremy McNichols,Brandon Coleman,5110,2
Jeremy McNichols,Chris Moore,5110,7
Jeremy McNichols,Chris Paul,5110,27
Jeremy McNichols,Cole Turner,5110,5
Jeremy McNichols,Colson Yankoff,5110,15
Jeremy McNichols,Foster Sarell,5110,17
Jeremy McNichols,George Fant,5110,8
Jeremy McNichols,Ja'Corey Brooks,5110,17
Jeremy McNichols,Jaylin Lane,5110,20
Jeremy McNichols,Josh Conerly Jr.,5110,10
Jeremy McNichols,Josh Johnson,5110,13
Jeremy McNichols,Julian Good-Jones,5110,20
Jeremy McNichols,K.J. Osborn,5110,22
Jeremy McNichols,Lawrence Cager,5110,12
Jeremy McNichols,Luke McCaffrey,5110,24
Jeremy McNichols,Michael Deiter,5110,38
Jeremy McNichols,Michael Gallup,5110,4
Jeremy McNichols,Mike Strachan,5110,2
Jeremy McNichols,Noah Brown,5110,4
Jeremy McNichols,Sam Hartman,5110,28
Jeremy McNichols,Tay Martin,5110,17
Jeremy McNichols,Timothy McKay,5110,8
Jeremy McNichols,Trent Scott,5110,33
Jeremy McNichols,Tyre Phillips,5110,19
Jeremy Reaves,Ale Kaho,5110,21
Jeremy Reaves,Andre Jones Jr.,5110,14
Jeremy Reaves,Ben Nikkel,5110,6
Jeremy Reaves,Bobby Price,5110,23
Jeremy Reaves,Car'lin Vigers,5110,37
Jeremy Reaves,Carl Davis,5110,13
Jeremy Reaves,Clelin Ferrell,5110,25
Jeremy Reaves,Daron Payne,5110,1
Jeremy Reaves,Deatrich Wise,5110,7
Jeremy Reaves,Dominique Hampton,5110,14
Jeremy Reaves,Dorance Armstrong,5110,1
Jeremy Reaves,Duke Riley,5110,7
Jeremy Reaves,Eddie Goldman,5110,22
Jeremy Reaves,Frankie Luvu,5110,1
Jeremy Reaves,Jacob Martin,5110,17
Jeremy Reaves,Jalyn Holmes,5110,21
Jeremy Reaves,Jer'Zhan Newton,5110,21
Jeremy Reaves,Kain Medrano,5110,32
Jeremy Reaves,Kam Arnold,5110,5
Jeremy Reaves,Marshon Lattimore,5110,1
Jeremy Reaves,Mike Sainristil,5110,1
Jeremy Reaves,Noah Igbinoghene,5110,41
Jeremy Reaves,Norell Pollard,5110,2
Jeremy Reaves,Percy Butler,5110,32
Jeremy Reaves,Quan Martin,5110,1
Jeremy Reaves,Sheldon Day,5110,16
Jeremy Reaves,Trey Amos,5110,5
Jeremy Reaves,Tyler Owens,5110,16
Jeremy Reaves,Viliami Fehoko Jr.,5110,6
Jeremy Reaves,Will Harris,5110,1
Jeremy Ruckert,Adrian Martinez,3430,5
Jeremy Ruckert,Alijah Vera-Tucker,3430,20
Jeremy Ruckert,Allen Lazard,3430,10
Jeremy Ruckert,Andrew Beck,3430,13
Jeremy Ruckert,Arian Smith,3430,20
Jeremy Ruckert,Armand Membou,3430,47
Jeremy Ruckert,Brady Cook,3430,22
Jeremy Ruckert,Braelon Allen,3430,17
Jeremy Ruckert,Brandon Smith,3430,15
Jeremy Ruckert,Breece Hall,3430,11
Jeremy Ruckert,Garrett Wilson,3430,20
Jeremy Ruckert,Isaiah Davis,3430,9
Jeremy Ruckert,Jamaal Pritchett,3430,4
Jeremy Ruckert,Joe Tippmann,3430,20
Jeremy Ruckert,John Simpson,3430,10
Jeremy Ruckert,Josh Myers,3430,27
Jeremy Ruckert,Josh Reynolds,3430,19
Jeremy Ruckert,Justin Fields,3430,20
Jeremy Ruckert,Kene Nwangwu,3430,10
Jeremy Ruckert,Kohl Levao,3430,27
Jeremy Ruckert,Liam Fornadel,3430,10
Jeremy Ruckert,Malachi Corley,3430,14
Jeremy Ruckert,Mason Taylor,3430,5
Jeremy Ruckert,Max Mitchell,3430,27
Jeremy Ruckert,Olumuyiwa Fashanu,3430,20
Jeremy Ruckert,Tyler Johnson,3430,21
Jeremy Ruckert,Xavier Newman-Johnson,3430,27
Jerjuan Newton,A.T. Perry,1400,3
Jerjuan Newton,Adam Prentice,1400,6
Jerjuan Newton,Alex Forsyth,1400,33
Jerjuan Newton,Alex Palczewski,1400,31
Jerjuan Newton,Audric EstimÃ©,1400,26
Jerjuan Newton,Blake Watson,1400,34
Jerjuan Newton,Caden Prieskorn,1400,27
Jerjuan Newton,Caleb Lohner,1400,31
Jerjuan Newton,Calvin Throckmorton,1400,31
Jerjuan Newton,Clay Webb,1400,27
Jerjuan Newton,Courtney Jackson,1400,10
Jerjuan Newton,Frank Crum,1400,52
Jerjuan Newton,Jaleel McLaughlin,1400,2
Jerjuan Newton,Jarrett Stidham,1400,5
Jerjuan Newton,Joaquin Davis,1400,32
Jerjuan Newton,Joseph Michalski,1400,40
Jerjuan Newton,Kyrese Rowan,1400,17
Jerjuan Newton,Lucas Krull,1400,34
Jerjuan Newton,Marques Cox,1400,40
Jerjuan Newton,Matt Peart,1400,33
Jerjuan Newton,Michael Bandy,1400,27
Jerjuan Newton,Nick Gargiulo,1400,12
Jerjuan Newton,Pat Bryant,1400,29
Jerjuan Newton,Sam Ehlinger,1400,68
Jerjuan Newton,Troy Franklin,1400,2
Jerjuan Newton,Tyler Badie,1400,11
Jerjuan Newton,Will Sherman,1400,44
Jerjuan Newton,Xavier Truss,1400,22
Jermaine Burton,Andrew Coker,0920,15
Jermaine Burton,Andrew Raym,0920,17
Jermaine Burton,Caleb Etienne,0920,15
Jermaine Burton,Cam Grandy,0920,11
Jermaine Burton,Charlie Jones,0920,17
Jermaine Burton,Cody Ford,0920,14
Jermaine Burton,Cordell Volson,0920,17
Jermaine Burton,Desmond Ridder,0920,15
Jermaine Burton,Devin Cochran,0920,17
Jermaine Burton,Gary Brightwell,0920,6
Jermaine Burton,Isaiah Williams,0920,22
Jermaine Burton,Jake Browning,0920,17
Jermaine Burton,Jalen Rivers,0920,32
Jermaine Burton,Jaxson Kirkland,0920,18
Jermaine Burton,Kendall Milton,0920,9
Jermaine Burton,Kendric Pryor,0920,15
Jermaine Burton,Matt Lee,0920,15
Jermaine Burton,Mitchell Tinsley,0920,9
Jermaine Burton,Samaje Perine,0920,3
Jermaine Burton,Tahj Brooks,0920,14
Jermaine Burton,Tanner Hudson,0920,7
Jermaine Burton,Tanner McLachlan,0920,15
Jermaine Eluemunor,Beaux Collins,3410,14
Jermaine Eluemunor,Chris Manhertz,3410,5
Jermaine Eluemunor,Dalen Cambre,3410,2
Jermaine Eluemunor,Daniel Bellinger,3410,3
Jermaine Eluemunor,Darius Slayton,3410,10
Jermaine Eluemunor,Devin Singletary,3410,11
Jermaine Eluemunor,Elijah Chatman,3410,2
Jermaine Eluemunor,Evan Neal,3410,9
Jermaine Eluemunor,Greg Dulcich,3410,9
Jermaine Eluemunor,Greg Van Roten,3410,19
Jermaine Eluemunor,Jalin Hyatt,3410,10
Jermaine Eluemunor,James Hudson,3410,28
Jermaine Eluemunor,Jaxson Dart,3410,3
Jermaine Eluemunor,John Michael Schmitz,3410,28
Jermaine Eluemunor,Jon Runyan,3410,28
Jermaine Eluemunor,Lil'Jordan Humphrey,3410,9
Jermaine Eluemunor,Montrell Washington,3410,1
Jermaine Eluemunor,Russell Wilson,3410,25
Jermaine Eluemunor,Theo Johnson,3410,24
Jermaine Eluemunor,Tyrone Tracy Jr.,3410,17
Jermaine Eluemunor,Wan'Dale Robinson,3410,15
Jermaine Eluemunor,Zach Pascal,3410,8
Jermaine Terry,Aaron Stinnie,3410,26
Jermaine Terry,Antwane Wells Jr.,3410,15
Jermaine Terry,Austin Schlottmann,3410,18
Jermaine Terry,Bryan Hudson,3410,24
Jermaine Terry,Da'Quan Felton,3410,7
Jermaine Terry,Dalen Cambre,3410,15
Jermaine Terry,Dante Miller,3410,14
Jermaine Terry,Greg Dulcich,3410,5
Jermaine Terry,Gunner Olszewski,3410,17
Jermaine Terry,Ihmir Smith-Marsette,3410,4
Jermaine Terry,Jaison Williams,3410,8
Jermaine Terry,Jake Kubas,3410,14
Jermaine Terry,Jameis Winston,3410,17
Jermaine Terry,Jaxson Dart,3410,5
Jermaine Terry,Jimmy Morrissey,3410,12
Jermaine Terry,Jonathan Ward,3410,20
Jermaine Terry,Jordan Bly,3410,11
Jermaine Terry,Joshua Ezeudu,3410,21
Jermaine Terry,Lil'Jordan Humphrey,3410,10
Jermaine Terry,Marcus Mbow,3410,25
Jermaine Terry,Montrell Washington,3410,5
Jermaine Terry,Stone Forsythe,3410,22
Jermaine Terry,Thomas Fidone II,3410,8
Jermaine Terry,Tommy DeVito,3410,12
Jermaine Terry,Zach Pascal,3410,5
Jermar Jefferson,Andrew Rupcich,2100,19
Jermar Jefferson,Arlington Hambright,2100,2
Jermar Jefferson,Brandon Allen,2100,7
Jermar Jefferson,Brandon Crenshaw-Dickson,2100,12
Jermar Jefferson,Brenden Jaimes,2100,8
Jermar Jefferson,Bryce Oliver,2100,9
Jermar Jefferson,David Martin-Robinson,2100,7
Jermar Jefferson,Drake Dabney,2100,3
Jermar Jefferson,Jackson Slater,2100,21
Jermar Jefferson,Jaelyn Duncan,2100,13
Jermar Jefferson,James Proche,2100,11
Jermar Jefferson,Jha'Quan Jackson,2100,10
Jermar Jefferson,John Ojukwu,2100,9
Jermar Jefferson,Josh Whyle,2100,8
Jermar Jefferson,Mason Kinsey,2100,9
Jermar Jefferson,Matt Landers,2100,2
Jermar Jefferson,Olisaemeka Udoh,2100,8
Jermar Jefferson,Sam Mustipher,2100,13
Jermar Jefferson,T.J. Sheffield,2100,5
Jermar Jefferson,Thomas Odukoya,2100,12
Jermar Jefferson,Tim Boyle,2100,5
Jermar Jefferson,Trevor Siemian,2100,9
Jermar Jefferson,Xavier Restrepo,2100,8
Jermari Harris,Ali Gaye,2100,21
Jermari Harris,Amani Oruwariye,2100,7
Jermari Harris,Amari Burney,2100,24
Jermari Harris,Blake Lynch,2100,3
Jermari Harris,Cam Horsley,2100,27
Jermari Harris,Clarence Lewis,2100,10
Jermari Harris,Curtis Jacobs,2100,17
Jermari Harris,David Gbenda,2100,10
Jermari Harris,Davion Ross,2100,20
Jermari Harris,Desmond Evans,2100,9
Jermari Harris,Jalen Kimber,2100,7
Jermari Harris,Jaylen Harrell,2100,7
Jermari Harris,Joe Gaziano,2100,26
Jermari Harris,Joshuah Bledsoe,2100,27
Jermari Harris,Josiah Bronson,2100,4
Jermari Harris,Julius Wood,2100,27
Jermari Harris,Philip Blidi,2100,4
Jermari Harris,Timmy Horne,2100,20
Jerome Baker,Adin Huntington,1050,6
Jerome Baker,Alex Wright,1050,11
Jerome Baker,Cameron Mitchell,1050,22
Jerome Baker,Cameron Thomas,1050,16
Jerome Baker,Carson Schwesinger,1050,4
Jerome Baker,Charlie Thomas,1050,1
Jerome Baker,Chigozie Anusiem,1050,10
Jerome Baker,Chris Edmonds,1050,9
Jerome Baker,Damontae Kazee,1050,25
Jerome Baker,Devin Bush,1050,18
Jerome Baker,Dom Jones,1050,12
Jerome Baker,Easton Mascarenas-Arnold,1050,6
Jerome Baker,Grant Delpit,1050,1
Jerome Baker,Isaiah McGuire,1050,8
Jerome Baker,Joe Tryon-Shoyinka,1050,18
Jerome Baker,Jowon Briggs,1050,5
Jerome Baker,Julian Okwara,1050,9
Jerome Baker,KJ Henry,1050,3
Jerome Baker,Maliek Collins,1050,1
Jerome Baker,Mason Graham,1050,4
Jerome Baker,Myles Harden,1050,12
Jerome Baker,Nathaniel Watson,1050,7
Jerome Baker,Ralph Holley,1050,2
Jerome Baker,Rayshawn Jenkins,1050,12
Jerome Baker,Ronnie Hickman Jr.,1050,17
Jerome Baker,Sam Kamara,1050,28
Jerome Baker,Shelby Harris,1050,17
Jerome Baker,Tony Brown,1050,28
Jerome Baker,Winston Reid,1050,8
Jerome Carvin,Austin Trammell,2250,25
Jerome Carvin,Cam Camper,2250,25
Jerome Carvin,Chandler Brayboy,2250,19
Jerome Carvin,Darius Lassiter,2250,5
Jerome Carvin,Dorian Singer,2250,35
Jerome Carvin,Ja'Quinden Jackson,2250,28
Jerome Carvin,Javon Foster,2250,49
Jerome Carvin,John Copenhaver,2250,17
Jerome Carvin,John Wolford,2250,14
Jerome Carvin,Kevin Harris,2250,21
Jerome Carvin,Patrick Herbert,2250,18
Jerome Carvin,Quintin Morris,2250,19
Jerome Carvin,Ricky Lee,2250,49
Jerome Carvin,Sal Wormley,2250,49
Jerome Carvin,Seth Henigan,2250,35
Jerome Carvin,Shawn Bowman,2250,14
Jerome Carvin,Tremayne Anchrum,2250,49
Jerome Carvin,Trenton Irwin,2250,19
Jerome Ford,Brenden Bates,1050,1
Jerome Ford,David Njoku,1050,6
Jerome Ford,Dawand Jones,1050,6
Jerome Ford,Diontae Johnson,1050,3
Jerome Ford,Ethan Pocic,1050,4
Jerome Ford,Gage Larvadain,1050,2
Jerome Ford,Harold Fannin Jr.,1050,5
Jerome Ford,Isaiah Bond,1050,3
Jerome Ford,Jack Conklin,1050,5
Jerome Ford,Jackson Barton,1050,1
Jerome Ford,Jamari Thrash,1050,1
Jerome Ford,Jerry Jeudy,1050,1
Jerome Ford,Joe Flacco,1050,6
Jerome Ford,Kaden Davis,1050,2
Jerome Ford,Luke Wypler,1050,2
Jerome Ford,Wyatt Teller,1050,6
Jerome Ford,Zak Zinter,1050,6
Jerrick Reed II,Alphonzo Tuputala,4600,17
Jerrick Reed II,Anthony Campbell,4600,11
Jerrick Reed II,Brandon Pili,4600,5
Jerrick Reed II,Connor O'Toole,4600,50
Jerrick Reed II,D'Anthony Bell,4600,40
Jerrick Reed II,D'Eryk Jackson,4600,64
Jerrick Reed II,Damarion Williams,4600,74
Jerrick Reed II,Drake Thomas,4600,42
Jerrick Reed II,Isas Waxter,4600,35
Jerrick Reed II,J.R. Singleton,4600,52
Jerrick Reed II,Jalan Gaines,4600,15
Jerrick Reed II,Jamie Sheriff,4600,26
Jerrick Reed II,Jared Ivey,4600,56
Jerrick Reed II,Kam Alexander,4600,5
Jerrick Reed II,Keydrain Calligan,4600,39
Jerrick Reed II,Michael Dowell,4600,15
Jerrick Reed II,Mike Morris,4600,10
Jerrick Reed II,Nehemiah Pritchett,4600,19
Jerrick Reed II,Patrick O'Connell,4600,15
Jerrick Reed II,Quinton Bohanna,4600,19
Jerrick Reed II,Seth Coleman,4600,33
Jerrick Reed II,Shaquill Griffin,4600,9
Jerrick Reed II,Ty Okada,4600,55
Jerrick Reed II,Tyler Hall,4600,42
Jerrick Reed II,Tyreke Smith,4600,16
Jerrick Reed II,Wy'Kevious Thomas,4600,46
Jerry Jeudy,Adin Huntington,1050,1
Jerry Jeudy,David Njoku,1050,3
Jerry Jeudy,Dawand Jones,1050,3
Jerry Jeudy,Diontae Johnson,1050,1
Jerry Jeudy,Dylan Sampson,1050,2
Jerry Jeudy,Ethan Pocic,1050,3
Jerry Jeudy,Gage Larvadain,1050,1
Jerry Jeudy,Jack Conklin,1050,3
Jerry Jeudy,Jamari Thrash,1050,2
Jerry Jeudy,Jerome Ford,1050,1
Jerry Jeudy,Joe Flacco,1050,3
Jerry Jeudy,Kaden Davis,1050,1
Jerry Jeudy,Wyatt Teller,1050,3
Jerry Jeudy,Zak Zinter,1050,3
Jerry Tillery,Ashton Gillotte,2310,59
Jerry Tillery,Bryan Cook,2310,54
Jerry Tillery,Cam Jones,2310,32
Jerry Tillery,Chamarri Conner,2310,30
Jerry Tillery,Charles Omenihu,2310,46
Jerry Tillery,Chris Jones,2310,8
Jerry Tillery,Christian Roland-Wallace,2310,46
Jerry Tillery,Cole Christiansen,2310,46
Jerry Tillery,Cooper McDonald,2310,10
Jerry Tillery,Deon Bush,2310,3
Jerry Tillery,Fabien Lovett Sr.,2310,3
Jerry Tillery,Felix Anudike-Uzomah,2310,21
Jerry Tillery,George Karlaftis,2310,19
Jerry Tillery,Glendon Miller,2310,15
Jerry Tillery,Jack Cochrane,2310,31
Jerry Tillery,Jaden Hicks,2310,50
Jerry Tillery,Jaylen Watson,2310,21
Jerry Tillery,Jeffrey Bassa,2310,35
Jerry Tillery,Joshua Williams,2310,7
Jerry Tillery,Kevin Knowles,2310,1
Jerry Tillery,Kristian Fulton,2310,24
Jerry Tillery,Leo Chenal,2310,30
Jerry Tillery,Major Williams,2310,7
Jerry Tillery,Malik Herring,2310,21
Jerry Tillery,Marlon Tuipulotu,2310,25
Jerry Tillery,Michael Danna,2310,16
Jerry Tillery,Mike Edwards,2310,19
Jerry Tillery,Mike Pennel,2310,19
Jerry Tillery,Nazeeh Johnson,2310,45
Jerry Tillery,Nick Bolton,2310,16
Jerry Tillery,Nohl Williams,2310,57
Jerry Tillery,Omarr Norman-Lott,2310,18
Jerry Tillery,Trent McDuffie,2310,16
Jeshaun Jones,Ben Yurosek,3000,16
Jeshaun Jones,Blake Brandel,3000,6
Jeshaun Jones,Brett Rypien,3000,17
Jeshaun Jones,Bryson Nesbit,3000,38
Jeshaun Jones,Dontae Fleming,3000,1
Jeshaun Jones,Giovanni Ricci,3000,15
Jeshaun Jones,Henry Byrd,3000,19
Jeshaun Jones,Joe Huber,3000,65
Jeshaun Jones,Leroy Watson IV,3000,59
Jeshaun Jones,Logan Brown,3000,44
Jeshaun Jones,Lucky Jackson,3000,26
Jeshaun Jones,Max Brosmer,3000,42
Jeshaun Jones,Michael Gonzalez,3000,44
Jeshaun Jones,Michael Jurgens,3000,19
Jeshaun Jones,Myles Price,3000,20
Jeshaun Jones,Nick Vannett,3000,10
Jeshaun Jones,Sam Howell,3000,6
Jeshaun Jones,Tai Felton,3000,5
Jeshaun Jones,Thayer Thomas,3000,24
Jeshaun Jones,Tim Jones,3000,40
Jeshaun Jones,Tre Stewart,3000,25
Jeshaun Jones,Ty Chandler,3000,1
Jeshaun Jones,Vershon Lee,3000,55
Jeshaun Jones,Walter Rouse,3000,12
Jeshaun Jones,Xazavian Valladay,3000,5
Jeshaun Jones,Zavier Scott,3000,34
Jeshaun Jones,Zeke Correll,3000,2
Jesse Matthews,Ben DiNucci,0200,5
Jesse Matthews,Brandon Parker,0200,58
Jesse Matthews,Chris Blair,0200,33
Jesse Matthews,DJ Chark,0200,24
Jesse Matthews,Dylan Drummond,0200,16
Jesse Matthews,Easton Stick,0200,41
Jesse Matthews,Elijah Dotson,0200,20
Jesse Matthews,Elijah Wilkinson,0200,21
Jesse Matthews,Emory Jones,0200,17
Jesse Matthews,Feleipe Franks,0200,9
Jesse Matthews,Jack Nelson,0200,46
Jesse Matthews,Jake Hanson,0200,22
Jesse Matthews,Jashaun Corbin,0200,33
Jesse Matthews,Jordan Williams,0200,22
Jesse Matthews,Joshua Gray,0200,42
Jesse Matthews,Joshua Simon,0200,42
Jesse Matthews,Jovaughn Gwyn,0200,41
Jesse Matthews,Kyle Hinton,0200,41
Jesse Matthews,Matthew Cindric,0200,22
Jesse Matthews,Nate Carter,0200,10
Jesse Matthews,Nick Nash,0200,32
Jesse Matthews,Nikola Kalinic,0200,13
Jesse Matthews,Quincy Skinner Jr.,0200,20
Jevon Holland,Abdul Carter,3410,17
Jevon Holland,Andru Phillips,3410,14
Jevon Holland,Bobby Okereke,3410,25
Jevon Holland,Brian Burns,3410,20
Jevon Holland,Cordale Flott,3410,18
Jevon Holland,DJ Davidson,3410,4
Jevon Holland,Dane Belton,3410,20
Jevon Holland,Darius Muasau,3410,1
Jevon Holland,Deonte Banks,3410,8
Jevon Holland,Elijah Chatman,3410,13
Jevon Holland,Elijah Garcia,3410,2
Jevon Holland,Kayvon Thibodeaux,3410,20
Jevon Holland,Korie Black,3410,1
Jevon Holland,Micah McFadden,3410,24
Jevon Holland,Nic Jones,3410,3
Jevon Holland,Paulson Adebo,3410,27
Jevon Holland,Raheem Layne,3410,2
Jevon Holland,Rakeem Nunez-Roches,3410,20
Jevon Holland,Roy Robertson-Harris,3410,23
Jevon Holland,Tyler Nubin,3410,8
Jha'Quan Jackson,Andrew Rupcich,2100,30
Jha'Quan Jackson,Arlington Hambright,2100,1
Jha'Quan Jackson,Blake Hance,2100,3
Jha'Quan Jackson,Brandon Allen,2100,19
Jha'Quan Jackson,Brandon Crenshaw-Dickson,2100,7
Jha'Quan Jackson,Brenden Jaimes,2100,22
Jha'Quan Jackson,Bryce Oliver,2100,9
Jha'Quan Jackson,David Martin-Robinson,2100,9
Jha'Quan Jackson,Drake Dabney,2100,2
Jha'Quan Jackson,Jackson Slater,2100,28
Jha'Quan Jackson,Jaelyn Duncan,2100,20
Jha'Quan Jackson,James Proche,2100,16
Jha'Quan Jackson,Jermar Jefferson,2100,10
Jha'Quan Jackson,John Ojukwu,2100,24
Jha'Quan Jackson,Jordan Mims,2100,16
Jha'Quan Jackson,Josh Whyle,2100,11
Jha'Quan Jackson,Kalel Mullings,2100,5
Jha'Quan Jackson,Mason Kinsey,2100,18
Jha'Quan Jackson,Olisaemeka Udoh,2100,11
Jha'Quan Jackson,Sam Mustipher,2100,9
Jha'Quan Jackson,T.J. Sheffield,2100,3
Jha'Quan Jackson,Thomas Odukoya,2100,9
Jha'Quan Jackson,Tim Boyle,2100,6
Jha'Quan Jackson,Trevor Siemian,2100,6
Jha'Quan Jackson,Xavier Restrepo,2100,16
Ji'Ayir Brown,Alfred Collins,4500,43
Ji'Ayir Brown,Bruce Hector,4500,4
Ji'Ayir Brown,Bryce Huff,4500,15
Ji'Ayir Brown,Chase Lucas,4500,23
Ji'Ayir Brown,Chazz Surratt,4500,33
Ji'Ayir Brown,Dallis Flowers,4500,61
Ji'Ayir Brown,Darrell Luter Jr.,4500,33
Ji'Ayir Brown,Dee Winters,4500,15
Ji'Ayir Brown,Deommodore Lenoir,4500,13
Ji'Ayir Brown,Derrick Canteen,4500,21
Ji'Ayir Brown,Evan Anderson,4500,28
Ji'Ayir Brown,Jalen Graham,4500,33
Ji'Ayir Brown,Jaylon Allen,4500,6
Ji'Ayir Brown,Jonathan Garvin,4500,33
Ji'Ayir Brown,Jordan Elliott,4500,14
Ji'Ayir Brown,Kalia Davis,4500,14
Ji'Ayir Brown,Luke Gifford,4500,17
Ji'Ayir Brown,Marques Sigle,4500,61
Ji'Ayir Brown,Nick Martin,4500,13
Ji'Ayir Brown,Renardo Green,4500,13
Ji'Ayir Brown,Robert Beal Jr.,4500,18
Ji'Ayir Brown,Sam Okuayinonu,4500,12
Ji'Ayir Brown,Sebastian Valdez,4500,21
Ji'Ayir Brown,Tatum Bethune,4500,28
Ji'Ayir Brown,Trevis Gipson,4500,38
Jihaad Campbell,Adoree' Jackson,3700,29
Jihaad Campbell,Andre' Sam,3700,13
Jihaad Campbell,Andrew Mukuba,3700,19
Jihaad Campbell,Azeez Ojulari,3700,21
Jihaad Campbell,Brandon Johnson,3700,12
Jihaad Campbell,Byron Young,3700,16
Jihaad Campbell,Eli Ricks,3700,2
Jihaad Campbell,Gabe Hall,3700,26
Jihaad Campbell,Jacob Sykes,3700,13
Jihaad Campbell,Jakorian Bennett,3700,9
Jihaad Campbell,Jeremiah Trotter Jr.,3700,23
Jihaad Campbell,Joe Evans,3700,7
Jihaad Campbell,Joshua Uche,3700,18
Jihaad Campbell,Kelee Ringo,3700,26
Jihaad Campbell,Mac McWilliams,3700,14
Jihaad Campbell,Ochaun Mathis,3700,3
Jihaad Campbell,Ogbo Okoronkwo,3700,17
Jihaad Campbell,Parry Nickerson,3700,6
Jihaad Campbell,Patrick Johnson,3700,15
Jihaad Campbell,Smael Mondon Jr.,3700,14
Jihaad Campbell,Sydney Brown,3700,31
Jihaad Campbell,Tristin McCollum,3700,11
Jihaad Campbell,Ty Robinson,3700,25
Jihad Ward,Ali Gaye,2100,21
Jihad Ward,Amani Hooker,2100,2
Jihad Ward,Amani Oruwariye,2100,36
Jihad Ward,Amari Burney,2100,11
Jihad Ward,Blake Lynch,2100,5
Jihad Ward,Cam Horsley,2100,10
Jihad Ward,Carlos Watkins,2100,36
Jihad Ward,Cedric Gray,2100,50
Jihad Ward,Cody Barton,2100,2
Jihad Ward,Curtis Jacobs,2100,5
Jihad Ward,Darrell Baker Jr.,2100,2
Jihad Ward,Desmond Evans,2100,1
Jihad Ward,Gabe Jeudy-Lally,2100,64
Jihad Ward,Isaiah Raikes,2100,6
Jihad Ward,Jalen Kimber,2100,18
Jihad Ward,James Lynch,2100,51
Jihad Ward,James Williams,2100,59
Jihad Ward,Jarvis Brownlee Jr.,2100,2
Jihad Ward,Jaylen Harrell,2100,9
Jihad Ward,Jeffery Simmons,2100,2
Jihad Ward,Joe Gaziano,2100,3
Jihad Ward,Josiah Bronson,2100,3
Jihad Ward,Kendell Brooks,2100,58
Jihad Ward,Marcus Harris,2100,64
Jihad Ward,Mike Brown,2100,58
Jihad Ward,Oluwafemi Oladejo,2100,40
Jihad Ward,Quandre Diggs,2100,6
Jihad Ward,Sebastian Joseph-Day,2100,2
Jihad Ward,Timmy Horne,2100,26
Jihad Ward,Xavier Woods,2100,8
Jimmy Ciarlo,Brandon Codrington,0610,8
Jimmy Ciarlo,Casey Rogers,0610,33
Jimmy Ciarlo,Daequan Hardy,0610,64
Jimmy Ciarlo,Dane Jackson,0610,15
Jimmy Ciarlo,Darrick Forrest,0610,68
Jimmy Ciarlo,DeWayne Carter,0610,29
Jimmy Ciarlo,Deone Walker,0610,8
Jimmy Ciarlo,Dorian Strong,0610,13
Jimmy Ciarlo,Edefuan Ulofoshio,0610,66
Jimmy Ciarlo,Garnett Hollis Jr.,0610,18
Jimmy Ciarlo,Ja'Marcus Ingram,0610,55
Jimmy Ciarlo,Javon Solomon,0610,16
Jimmy Ciarlo,Joe Andreessen,0610,25
Jimmy Ciarlo,Jordan Hancock,0610,9
Jimmy Ciarlo,Justin Hollins,0610,11
Jimmy Ciarlo,Keonta Jenkins,0610,17
Jimmy Ciarlo,Landon Jackson,0610,17
Jimmy Ciarlo,Larry Ogunjobi,0610,11
Jimmy Ciarlo,Marcus Harris,0610,33
Jimmy Ciarlo,Michael Hoecht,0610,24
Jimmy Ciarlo,Nelson Ceaser,0610,33
Jimmy Ciarlo,Paris Shand,0610,53
Jimmy Ciarlo,T.J. Sanders,0610,2
Jimmy Ciarlo,Te'Cory Couch,0610,5
Jimmy Ciarlo,Tre Herndon,0610,39
Jimmy Ciarlo,Wande Owens,0610,38
Jimmy Ciarlo,Zion Logue,0610,38
Jimmy Ciarlo,Zy Alexander,0610,22
Jimmy Holiday,Bailey Zappe,2310,19
Jimmy Holiday,Brashard Smith,2310,12
Jimmy Holiday,C.J. Hanson,2310,29
Jimmy Holiday,Carson Steele,2310,6
Jimmy Holiday,Chris Oladokun,2310,10
Jimmy Holiday,Chukwuebuka Godrick,2310,18
Jimmy Holiday,Dalton Cooper,2310,8
Jimmy Holiday,Elijah Mitchell,2310,7
Jimmy Holiday,Elijah Young,2310,4
Jimmy Holiday,Elijhah Badger,2310,3
Jimmy Holiday,Esa Pole,2310,22
Jimmy Holiday,Geor'Quarius Spivey,2310,5
Jimmy Holiday,Hal Presley,2310,3
Jimmy Holiday,Hunter Nourzad,2310,21
Jimmy Holiday,Jared Wiley,2310,8
Jimmy Holiday,Jason Brownlee,2310,7
Jimmy Holiday,Jaylon Moore,2310,4
Jimmy Holiday,Joey Lombard,2310,8
Jimmy Holiday,Key'Shawn Smith,2310,3
Jimmy Holiday,Mac Dalena,2310,23
Jimmy Holiday,Mike Caliendo,2310,21
Jimmy Holiday,Nikko Remigio,2310,13
Jimmy Holiday,Robert Tonyan,2310,9
Jimmy Holiday,Tre Watson,2310,13
Jimmy Holiday,Wanya Morris,2310,14
Jimmy Horn Jr.,Andy Dalton,0750,15
Jimmy Horn Jr.,Brady Christensen,0750,26
Jimmy Horn Jr.,Brandon Walton,0750,52
Jimmy Horn Jr.,Bryce Perkins,0750,24
Jimmy Horn Jr.,Bryce Pierre,0750,15
Jimmy Horn Jr.,Brycen Tremayne,0750,7
Jimmy Horn Jr.,Cade Mays,0750,20
Jimmy Horn Jr.,David Moore,0750,10
Jimmy Horn Jr.,Dominique Dafney,0750,20
Jimmy Horn Jr.,Emani Bailey,0750,15
Jimmy Horn Jr.,Ja'Seem Reed,0750,15
Jimmy Horn Jr.,Ja'Tyre Carter,0750,10
Jimmy Horn Jr.,Jack Plummer,0750,13
Jimmy Horn Jr.,Jacolby George,0750,17
Jimmy Horn Jr.,Jalen Coker,0750,13
Jimmy Horn Jr.,James Mitchell,0750,11
Jimmy Horn Jr.,Jarrett Kingston,0750,34
Jimmy Horn Jr.,Kayron Lynch-Adams,0750,17
Jimmy Horn Jr.,Kobe Hudson,0750,21
Jimmy Horn Jr.,Luke Kandra,0750,32
Jimmy Horn Jr.,Michael Tarquin,0750,32
Jimmy Horn Jr.,Mitchell Evans,0750,6
Jimmy Horn Jr.,Raheem Blackshear,0750,7
Jimmy Horn Jr.,Rico Dowdle,0750,3
Jimmy Horn Jr.,Steven Losoya,0750,32
Jimmy Horn Jr.,T.J. Luther,0750,11
Jimmy Horn Jr.,Tetairoa McMillan,0750,10
Jimmy Horn Jr.,Trevor Etienne,0750,10
Jimmy Horn Jr.,Yosh Nijman,0750,22
Jimmy Morrissey,Aaron Stinnie,3410,10
Jimmy Morrissey,Antwane Wells Jr.,3410,23
Jimmy Morrissey,Austin Schlottmann,3410,1
Jimmy Morrissey,Bryan Hudson,3410,53
Jimmy Morrissey,Da'Quan Felton,3410,9
Jimmy Morrissey,Dalen Cambre,3410,9
Jimmy Morrissey,Dante Miller,3410,24
Jimmy Morrissey,Greg Dulcich,3410,25
Jimmy Morrissey,Gunner Olszewski,3410,12
Jimmy Morrissey,Jaison Williams,3410,42
Jimmy Morrissey,Jake Kubas,3410,32
Jimmy Morrissey,Jameis Winston,3410,1
Jimmy Morrissey,Jermaine Terry,3410,12
Jimmy Morrissey,Jonathan Ward,3410,29
Jimmy Morrissey,Jordan Bly,3410,30
Jimmy Morrissey,Joshua Ezeudu,3410,18
Jimmy Morrissey,Lil'Jordan Humphrey,3410,21
Jimmy Morrissey,Marcus Mbow,3410,3
Jimmy Morrissey,Montrell Washington,3410,19
Jimmy Morrissey,Stone Forsythe,3410,53
Jimmy Morrissey,Thomas Fidone II,3410,29
Jimmy Morrissey,Tommy DeVito,3410,52
Jimmy Morrissey,Zach Pascal,3410,23
Joaquin Davis,Adam Prentice,1400,2
Joaquin Davis,Audric EstimÃ©,1400,31
Joaquin Davis,Blake Watson,1400,24
Joaquin Davis,Caden Prieskorn,1400,30
Joaquin Davis,Caleb Lohner,1400,42
Joaquin Davis,Clay Webb,1400,45
Joaquin Davis,Courtney Jackson,1400,31
Joaquin Davis,Frank Crum,1400,23
Joaquin Davis,Jerjuan Newton,1400,32
Joaquin Davis,Joseph Michalski,1400,55
Joaquin Davis,Kyrese Rowan,1400,22
Joaquin Davis,Marques Cox,1400,55
Joaquin Davis,Michael Bandy,1400,6
Joaquin Davis,Nick Gargiulo,1400,11
Joaquin Davis,Sam Ehlinger,1400,55
Joaquin Davis,Will Sherman,1400,54
Joaquin Davis,Xavier Truss,1400,32
Joe Alt,Bradley Bozeman,4400,7
Joe Alt,Jamaree Salyer,4400,7
Joe Alt,Justin Herbert,4400,7
Joe Alt,KeAndre Lambert-Smith,4400,4
Joe Alt,Keenan Allen,4400,5
Joe Alt,Ladd McConkey,4400,7
Joe Alt,Omarion Hampton,4400,7
Joe Alt,Quentin Johnston,4400,3
Joe Alt,Scott Matlock,4400,2
Joe Alt,Trey Pipkins,4400,7
Joe Alt,Tyler Conklin,4400,4
Joe Alt,Will Dissly,4400,3
Joe Alt,Zion Johnson,4400,7
Joe Andreessen,A.J. Epenesa,0610,42
Joe Andreessen,Brandon Codrington,0610,48
Joe Andreessen,Cam Lewis,0610,24
Joe Andreessen,Casey Rogers,0610,16
Joe Andreessen,Christian Benford,0610,17
Joe Andreessen,Cole Bishop,0610,21
Joe Andreessen,DaQuan Jones,0610,11
Joe Andreessen,Daequan Hardy,0610,45
Joe Andreessen,Damar Hamlin,0610,59
Joe Andreessen,Dane Jackson,0610,97
Joe Andreessen,Darrick Forrest,0610,52
Joe Andreessen,DeWayne Carter,0610,51
Joe Andreessen,Deone Walker,0610,53
Joe Andreessen,Dorian Strong,0610,87
Joe Andreessen,Dorian Williams,0610,68
Joe Andreessen,Ed Oliver,0610,11
Joe Andreessen,Edefuan Ulofoshio,0610,20
Joe Andreessen,Greg Rousseau,0610,10
Joe Andreessen,Ja'Marcus Ingram,0610,36
Joe Andreessen,Javon Solomon,0610,47
Joe Andreessen,Jimmy Ciarlo,0610,25
Joe Andreessen,Joey Bosa,0610,10
Joe Andreessen,Jordan Hancock,0610,53
Joe Andreessen,Keonta Jenkins,0610,18
Joe Andreessen,Landon Jackson,0610,55
Joe Andreessen,Larry Ogunjobi,0610,37
Joe Andreessen,Marcus Harris,0610,20
Joe Andreessen,Matt Milano,0610,17
Joe Andreessen,Michael Hoecht,0610,68
Joe Andreessen,Nelson Ceaser,0610,15
Joe Andreessen,Paris Shand,0610,21
Joe Andreessen,T.J. Sanders,0610,46
Joe Andreessen,Taron Johnson,0610,16
Joe Andreessen,Te'Cory Couch,0610,25
Joe Andreessen,Tre Herndon,0610,44
Joe Andreessen,Tre'Davious White,0610,17
Joe Andreessen,Wande Owens,0610,15
Joe Andreessen,Zion Logue,0610,23
Joe Bachie,Adetomiwa Adebawore,2200,22
Joe Bachie,Alex Johnson,2200,5
Joe Bachie,Austin Ajiake,2200,2
Joe Bachie,Cameron McGrone,2200,30
Joe Bachie,Camryn Bynum,2200,12
Joe Bachie,Charvarius Ward,2200,12
Joe Bachie,Chris Lammons,2200,21
Joe Bachie,Daniel Scott,2200,6
Joe Bachie,DeForest Buckner,2200,9
Joe Bachie,Duke Shelley,2200,6
Joe Bachie,Durell Nchami,2200,17
Joe Bachie,Eric Johnson,2200,14
Joe Bachie,Grover Stewart,2200,7
Joe Bachie,Hunter Wohler,2200,31
Joe Bachie,Isaiah Land,2200,11
Joe Bachie,JT Tuimoloau,2200,16
Joe Bachie,Johnathan Edwards,2200,31
Joe Bachie,Josh Tupou,2200,4
Joe Bachie,Kwity Paye,2200,1
Joe Bachie,Laiatu Latu,2200,16
Joe Bachie,Neville Gallimore,2200,20
Joe Bachie,Rodney Thomas,2200,30
Joe Bachie,Samuel Womack,2200,25
Joe Bachie,Tim Smith,2200,7
Joe Bachie,Tyquan Lewis,2200,15
Joe Burrow,Amarius Mims,0920,38
Joe Burrow,Andrei Iosivas,0920,29
Joe Burrow,Cam Grandy,0920,6
Joe Burrow,Charlie Jones,0920,15
Joe Burrow,Chase Brown,0920,19
Joe Burrow,Drew Sample,0920,23
Joe Burrow,Dylan Fairchild,0920,38
Joe Burrow,Ja'Marr Chase,0920,24
Joe Burrow,Jalen Rivers,0920,7
Joe Burrow,Lucas Patrick,0920,31
Joe Burrow,Mitchell Tinsley,0920,14
Joe Burrow,Noah Fant,0920,14
Joe Burrow,Orlando Brown,0920,38
Joe Burrow,Samaje Perine,0920,9
Joe Burrow,Tahj Brooks,0920,10
Joe Burrow,Tanner Hudson,0920,7
Joe Burrow,Ted Karras,0920,38
Joe Burrow,Tee Higgins,0920,20
Joe Evans,A.J. Woods,3700,11
Joe Evans,Adoree' Jackson,3700,10
Joe Evans,Andre' Sam,3700,22
Joe Evans,Andrew Mukuba,3700,3
Joe Evans,Antwaun Powell-Ryland,3700,39
Joe Evans,Azeez Ojulari,3700,7
Joe Evans,Brandon Johnson,3700,2
Joe Evans,Byron Young,3700,5
Joe Evans,Chance Campbell,3700,20
Joe Evans,Dallas Gant,3700,41
Joe Evans,Eli Ricks,3700,35
Joe Evans,Gabe Hall,3700,7
Joe Evans,Jacob Sykes,3700,37
Joe Evans,Jakorian Bennett,3700,4
Joe Evans,Jereme Robinson,3700,5
Joe Evans,Jeremiah Trotter Jr.,3700,13
Joe Evans,Jihaad Campbell,3700,7
Joe Evans,Joshua Uche,3700,5
Joe Evans,Justin Rogers,3700,20
Joe Evans,Kelee Ringo,3700,12
Joe Evans,Lance Dixon,3700,21
Joe Evans,Lewis Cine,3700,19
Joe Evans,Mac McWilliams,3700,27
Joe Evans,Maxen Hook,3700,34
Joe Evans,Ochaun Mathis,3700,38
Joe Evans,Ogbo Okoronkwo,3700,8
Joe Evans,Parry Nickerson,3700,29
Joe Evans,Patrick Johnson,3700,6
Joe Evans,Smael Mondon Jr.,3700,6
Joe Evans,Sydney Brown,3700,13
Joe Evans,Tariq Castro-Fields,3700,3
Joe Evans,Tristin McCollum,3700,17
Joe Evans,Ty Robinson,3700,14
Joe Flacco,Adin Huntington,1050,1
Joe Flacco,Brenden Bates,1050,1
Joe Flacco,David Njoku,1050,12
Joe Flacco,Dawand Jones,1050,16
Joe Flacco,Diontae Johnson,1050,10
Joe Flacco,Dylan Sampson,1050,5
Joe Flacco,Ethan Pocic,1050,8
Joe Flacco,Gage Larvadain,1050,4
Joe Flacco,Harold Fannin Jr.,1050,10
Joe Flacco,Isaiah Bond,1050,5
Joe Flacco,Jack Conklin,1050,10
Joe Flacco,Jackson Barton,1050,6
Joe Flacco,Jamari Thrash,1050,7
Joe Flacco,Jerome Ford,1050,6
Joe Flacco,Jerry Jeudy,1050,3
Joe Flacco,Kaden Davis,1050,11
Joe Flacco,Luke Wypler,1050,8
Joe Flacco,Pierre Strong,1050,5
Joe Flacco,Wyatt Teller,1050,16
Joe Flacco,Zak Zinter,1050,16
Joe Gaziano,Ali Gaye,2100,32
Joe Gaziano,Amani Oruwariye,2100,12
Joe Gaziano,Amari Burney,2100,30
Joe Gaziano,Blake Lynch,2100,5
Joe Gaziano,Cam Horsley,2100,38
Joe Gaziano,Carlos Watkins,2100,3
Joe Gaziano,Cedric Gray,2100,8
Joe Gaziano,Clarence Lewis,2100,17
Joe Gaziano,Curtis Jacobs,2100,26
Joe Gaziano,David Gbenda,2100,10
Joe Gaziano,Davion Ross,2100,24
Joe Gaziano,Desmond Evans,2100,12
Joe Gaziano,Gabe Jeudy-Lally,2100,11
Joe Gaziano,Isaiah Raikes,2100,3
Joe Gaziano,Jalen Kimber,2100,13
Joe Gaziano,James Lynch,2100,3
Joe Gaziano,James Williams,2100,9
Joe Gaziano,Jaylen Harrell,2100,10
Joe Gaziano,Jermari Harris,2100,26
Joe Gaziano,Jihad Ward,2100,3
Joe Gaziano,Joshuah Bledsoe,2100,37
Joe Gaziano,Josiah Bronson,2100,3
Joe Gaziano,Julius Wood,2100,34
Joe Gaziano,Kendell Brooks,2100,7
Joe Gaziano,Marcus Harris,2100,11
Joe Gaziano,Mike Brown,2100,10
Joe Gaziano,Oluwafemi Oladejo,2100,2
Joe Gaziano,Philip Blidi,2100,5
Joe Gaziano,T.J. Smith,2100,1
Joe Gaziano,Timmy Horne,2100,35
Joe Giles-Harris,Barrett Carter,0920,4
Joe Giles-Harris,Bralyn Lux,0920,31
Joe Giles-Harris,Cameron Sample,0920,4
Joe Giles-Harris,Craig Young,0920,7
Joe Giles-Harris,D.J. Ivey,0920,41
Joe Giles-Harris,Daijahn Anthony,0920,18
Joe Giles-Harris,Eric Gregory,0920,36
Joe Giles-Harris,Howard Cross III,0920,25
Joe Giles-Harris,Isaiah Thomas,0920,52
Joe Giles-Harris,Jalen Davis,0920,12
Joe Giles-Harris,Jaylen Key,0920,35
Joe Giles-Harris,Lance Robinson,0920,17
Joe Giles-Harris,Maema Njongmeta,0920,28
Joe Giles-Harris,Marco Wilson,0920,10
Joe Giles-Harris,McKinnley Jackson,0920,35
Joe Giles-Harris,McTelvin Agim,0920,16
Joe Giles-Harris,Nate Brooks,0920,44
Joe Giles-Harris,Oren Burks,0920,4
Joe Giles-Harris,PJ Jules,0920,41
Joe Giles-Harris,Raymond Johnson III,0920,40
Joe Giles-Harris,Shaka Heyward,0920,38
Joe Giles-Harris,Shaquan Loyal,0920,18
Joe Giles-Harris,Shemar Stewart,0920,4
Joe Giles-Harris,Taven Bryan,0920,16
Joe Giles-Harris,Tycen Anderson,0920,4
Joe Huber,Ben Yurosek,3000,51
Joe Huber,Blake Brandel,3000,33
Joe Huber,Brett Rypien,3000,45
Joe Huber,Bryson Nesbit,3000,72
Joe Huber,Dontae Fleming,3000,45
Joe Huber,Giovanni Ricci,3000,50
Joe Huber,Henry Byrd,3000,69
Joe Huber,Jalen Nailor,3000,11
Joe Huber,Jeshaun Jones,3000,65
Joe Huber,Leroy Watson IV,3000,91
Joe Huber,Logan Brown,3000,93
Joe Huber,Lucky Jackson,3000,75
Joe Huber,Max Brosmer,3000,81
Joe Huber,Michael Gonzalez,3000,77
Joe Huber,Michael Jurgens,3000,78
Joe Huber,Myles Price,3000,59
Joe Huber,Nick Vannett,3000,37
Joe Huber,Robert Lewis,3000,15
Joe Huber,Sam Howell,3000,38
Joe Huber,Silas Bolden,3000,22
Joe Huber,Tai Felton,3000,51
Joe Huber,Thayer Thomas,3000,54
Joe Huber,Tim Jones,3000,49
Joe Huber,Tre Stewart,3000,52
Joe Huber,Ty Chandler,3000,22
Joe Huber,Vershon Lee,3000,125
Joe Huber,Walter Rouse,3000,54
Joe Huber,Xazavian Valladay,3000,26
Joe Huber,Zack Bailey,3000,27
Joe Huber,Zavier Scott,3000,64
Joe Huber,Zeke Correll,3000,9
Joe Milton III,Ajani Cornelius,1200,79
Joe Milton III,Asim Richards,1200,62
Joe Milton III,Brock Hoffman,1200,112
Joe Milton III,Cooper Beebe,1200,11
Joe Milton III,Deuce Vaughn,1200,47
Joe Milton III,Geron Christian,1200,52
Joe Milton III,Hakeem Adeniji,1200,41
Joe Milton III,Hunter Luepke,1200,5
Joe Milton III,Jalen Brooks,1200,81
Joe Milton III,Jalen Cropper,1200,54
Joe Milton III,Jalen Tolbert,1200,24
Joe Milton III,Jaydon Blue,1200,17
Joe Milton III,John Stephens Jr.,1200,14
Joe Milton III,Jonathan Mingo,1200,37
Joe Milton III,Josh Kelly,1200,27
Joe Milton III,La'el Collins,1200,3
Joe Milton III,Luke Schoonmaker,1200,24
Joe Milton III,Malik Davis,1200,10
Joe Milton III,Miles Sanders,1200,10
Joe Milton III,Nathan Thomas,1200,34
Joe Milton III,Nick Broeker,1200,38
Joe Milton III,Phil Mafah,1200,39
Joe Milton III,Princeton Fant,1200,29
Joe Milton III,Rivaldo Fairweather,1200,58
Joe Milton III,Ryan Flournoy,1200,82
Joe Milton III,Saahdiq Charles,1200,34
Joe Milton III,TJ Bass,1200,123
Joe Milton III,Traeshon Holden,1200,37
Joe Milton III,Tyler Booker,1200,26
Joe Milton III,Tyler Neville,1200,20
Joe Noteboom,Andrew Vorhees,0325,28
Joe Noteboom,Anthony Miller,0325,13
Joe Noteboom,Ben Cleveland,0325,45
Joe Noteboom,Carson Vinson,0325,45
Joe Noteboom,Charlie Kolar,0325,38
Joe Noteboom,Cooper Rush,0325,64
Joe Noteboom,Corey Bullock,0325,73
Joe Noteboom,D'Ernest Johnson,0325,23
Joe Noteboom,Daniel Faalele,0325,28
Joe Noteboom,Darrian Dalcourt,0325,30
Joe Noteboom,Dayton Wade,0325,27
Joe Noteboom,Devin Leary,0325,9
Joe Noteboom,Devontez Walker,0325,63
Joe Noteboom,Garrett Dellinger,0325,15
Joe Noteboom,Gerad Lichtenhan,0325,2
Joe Noteboom,Keaton Mitchell,0325,11
Joe Noteboom,Keith Kirkwood,0325,10
Joe Noteboom,LaJohntay Wester,0325,38
Joe Noteboom,Lucas Scott,0325,33
Joe Noteboom,Rasheen Ali,0325,39
Joe Noteboom,Roger Rosengarten,0325,28
Joe Noteboom,Scotty Washington,0325,16
Joe Noteboom,Tylan Wallace,0325,15
Joe Noteboom,Xavier Guillory,0325,2
Joe Noteboom,Zaire Mitchell-Paden,0325,35
Joe Tippmann,Alijah Vera-Tucker,3430,28
Joe Tippmann,Allen Lazard,3430,2
Joe Tippmann,Andrew Beck,3430,5
Joe Tippmann,Arian Smith,3430,2
Joe Tippmann,Armand Membou,3430,28
Joe Tippmann,Braelon Allen,3430,10
Joe Tippmann,Breece Hall,3430,16
Joe Tippmann,Garrett Wilson,3430,28
Joe Tippmann,Isaiah Davis,3430,3
Joe Tippmann,Jeremy Ruckert,3430,20
Joe Tippmann,John Simpson,3430,18
Joe Tippmann,Josh Myers,3430,10
Joe Tippmann,Josh Reynolds,3430,26
Joe Tippmann,Justin Fields,3430,28
Joe Tippmann,Mason Taylor,3430,13
Joe Tippmann,Olumuyiwa Fashanu,3430,28
Joe Tippmann,Tyler Johnson,3430,13
Joe Tippmann,Zack Kuntz,3430,2
Joe Tryon-Shoyinka,Adin Huntington,1050,3
Joe Tryon-Shoyinka,Alex Wright,1050,8
Joe Tryon-Shoyinka,Cameron Mitchell,1050,20
Joe Tryon-Shoyinka,Cameron Thomas,1050,17
Joe Tryon-Shoyinka,Carson Schwesinger,1050,6
Joe Tryon-Shoyinka,Charlie Thomas,1050,1
Joe Tryon-Shoyinka,Chigozie Anusiem,1050,4
Joe Tryon-Shoyinka,Chris Edmonds,1050,4
Joe Tryon-Shoyinka,Damontae Kazee,1050,18
Joe Tryon-Shoyinka,Devin Bush,1050,19
Joe Tryon-Shoyinka,Dom Jones,1050,17
Joe Tryon-Shoyinka,Donovan McMillon,1050,3
Joe Tryon-Shoyinka,Easton Mascarenas-Arnold,1050,9
Joe Tryon-Shoyinka,Isaiah McGuire,1050,4
Joe Tryon-Shoyinka,Jerome Baker,1050,18
Joe Tryon-Shoyinka,Jowon Briggs,1050,3
Joe Tryon-Shoyinka,Mason Graham,1050,4
Joe Tryon-Shoyinka,Myles Harden,1050,15
Joe Tryon-Shoyinka,Nathaniel Watson,1050,6
Joe Tryon-Shoyinka,Nik Needham,1050,3
Joe Tryon-Shoyinka,Rayshawn Jenkins,1050,14
Joe Tryon-Shoyinka,Ronnie Hickman Jr.,1050,18
Joe Tryon-Shoyinka,Sam Kamara,1050,28
Joe Tryon-Shoyinka,Shelby Harris,1050,17
Joe Tryon-Shoyinka,Tony Brown,1050,21
Joel Wilson,Austin Reed,0810,32
Joel Wilson,Brittain Brown,0810,34
Joel Wilson,Case Keenum,0810,19
Joel Wilson,Chris Glaser,0810,76
Joel Wilson,Deion Hankins,0810,14
Joel Wilson,Durham Smythe,0810,4
Joel Wilson,Ian Wheeler,0810,42
Joel Wilson,JP Richardson,0810,38
Joel Wilson,Jahdae Walker,0810,60
Joel Wilson,John Jackson,0810,12
Joel Wilson,Jordan McFadden,0810,85
Joel Wilson,Joshua Miles,0810,76
Joel Wilson,Kiran Amegadjie,0810,44
Joel Wilson,Luke Newman,0810,27
Joel Wilson,Luther Burden III,0810,18
Joel Wilson,Maurice Alexander,0810,32
Joel Wilson,Miles Boykin,0810,4
Joel Wilson,Ozzy Trapilo,0810,41
Joel Wilson,Ricky Stromberg,0810,76
Joel Wilson,Royce Freeman,0810,4
Joel Wilson,Ryan Bates,0810,18
Joel Wilson,Samori Toure,0810,59
Joel Wilson,Stephen Carlson,0810,16
Joel Wilson,Theo Benedet,0810,27
Joel Wilson,Thomas Gordon,0810,11
Joel Wilson,Tyler Scott,0810,28
Joel Wilson,Tyson Bagent,0810,43
Joey Blount,Akeem Davis-Gaither,3800,11
Joey Blount,Anthony Goodlow,3800,26
Joey Blount,Benton Whitley,3800,18
Joey Blount,Cody Simon,3800,41
Joey Blount,Dadrion Taylor-Demerson,3800,14
Joey Blount,Dante Stills,3800,9
Joey Blount,Darren Hall,3800,10
Joey Blount,Denzel Burke,3800,45
Joey Blount,Elijah Simmons,3800,18
Joey Blount,Elliott Brown,3800,20
Joey Blount,Jaylon Jones,3800,37
Joey Blount,Jordan Burch,3800,26
Joey Blount,Kei'Trel Clark,3800,27
Joey Blount,Kitan Crawford,3800,39
Joey Blount,Kyon Barrs,3800,20
Joey Blount,L.J. Collier,3800,13
Joey Blount,Max Melton,3800,9
Joey Blount,Mykal Walker,3800,22
Joey Blount,Owen Pappoe,3800,28
Joey Blount,PJ Mustipher,3800,28
Joey Blount,Patrick Jenkins,3800,19
Joey Blount,Will Johnson,3800,28
Joey Blount,Xavier Thomas,3800,42
Joey Bosa,Cam Lewis,0610,10
Joey Bosa,Christian Benford,0610,10
Joey Bosa,DaQuan Jones,0610,10
Joey Bosa,Damar Hamlin,0610,10
Joey Bosa,Ed Oliver,0610,10
Joey Bosa,Greg Rousseau,0610,10
Joey Bosa,Joe Andreessen,0610,10
Joey Bosa,Matt Milano,0610,10
Joey Bosa,Taron Johnson,0610,10
Joey Bosa,Tre'Davious White,0610,10
Joey Lombard,Bailey Zappe,2310,19
Joey Lombard,Brashard Smith,2310,9
Joey Lombard,C.J. Hanson,2310,36
Joey Lombard,Carson Steele,2310,11
Joey Lombard,Chris Oladokun,2310,17
Joey Lombard,Chukwuebuka Godrick,2310,36
Joey Lombard,Dalton Cooper,2310,36
Joey Lombard,Elijah Young,2310,15
Joey Lombard,Elijhah Badger,2310,17
Joey Lombard,Esa Pole,2310,36
Joey Lombard,Geor'Quarius Spivey,2310,20
Joey Lombard,Hal Presley,2310,26
Joey Lombard,Jared Wiley,2310,8
Joey Lombard,Jason Brownlee,2310,5
Joey Lombard,Jimmy Holiday,2310,8
Joey Lombard,Key'Shawn Smith,2310,23
Joey Lombard,Mac Dalena,2310,7
Joey Lombard,Michael Wiley,2310,1
Joey Lombard,Nikko Remigio,2310,6
Joey Lombard,Robert Tonyan,2310,1
Joey Lombard,Skyy Moore,2310,5
Joey Lombard,Tre Watson,2310,18
Joey Porter Jr.,Chuck Clark,3900,6
Joey Porter Jr.,Darius Slay,3900,7
Joey Porter Jr.,DeMarvin Leal,3900,4
Joey Porter Jr.,DeShon Elliott,3900,7
Joey Porter Jr.,Derrick Harmon,3900,4
Joey Porter Jr.,Eku Leota,3900,3
Joey Porter Jr.,Isaiahh Loudermilk,3900,4
Joey Porter Jr.,Jack Sawyer,3900,4
Joey Porter Jr.,Jalen Ramsey,3900,7
Joey Porter Jr.,Julius Welschof,3900,3
Joey Porter Jr.,Keeanu Benton,3900,4
Joey Porter Jr.,Patrick Queen,3900,7
Joey Porter Jr.,Payton Wilson,3900,7
Joey Porter Jr.,Yahya Black,3900,3
John Bates,Andrew Wylie,5110,7
John Bates,Ben Sinnott,5110,1
John Bates,Chris Paul,5110,7
John Bates,Chris Rodriguez Jr.,5110,4
John Bates,Deebo Samuel Sr.,5110,4
John Bates,Jacory Croskey-Merritt,5110,3
John Bates,Jayden Daniels,5110,4
John Bates,Jaylin Lane,5110,6
John Bates,Josh Conerly Jr.,5110,7
John Bates,Josh Johnson,5110,3
John Bates,K.J. Osborn,5110,3
John Bates,Luke McCaffrey,5110,7
John Bates,Nick Allegretti,5110,7
John Bates,Tyler Biadasz,5110,7
John Bullock,Adam Gotsis,4900,14
John Bullock,Antonio Grier Jr.,4900,23
John Bullock,Bryce Hall,4900,23
John Bullock,C.J. Brewer,4900,11
John Bullock,Chris Braswell,4900,11
John Bullock,Deion Jones,4900,20
John Bullock,Dvon J-Thomas,4900,33
John Bullock,Elijah Roberts,4900,48
John Bullock,Eric Banks,4900,27
John Bullock,Greg Gaines,4900,5
John Bullock,JJ Roberts,4900,21
John Bullock,JayVian Farr,4900,25
John Bullock,Jose Ramirez,4900,71
John Bullock,Kaevon Merriweather,4900,53
John Bullock,Kindle Vildor,4900,39
John Bullock,Markees Watts,4900,41
John Bullock,Mike Greene,4900,32
John Bullock,Nash Hutmacher,4900,30
John Bullock,Nick Jackson,4900,40
John Bullock,Rashad Wisdom,4900,60
John Bullock,Roman Parodie,4900,35
John Bullock,Shilo Sanders,4900,49
John Bullock,Tre Avery,4900,26
John Bullock,Tyrek Funderburk,4900,18
John Bullock,Warren Peeples,4900,43
John Bullock,Will Brooks,4900,32
John Copenhaver,Austin Trammell,2250,2
John Copenhaver,Cam Camper,2250,15
John Copenhaver,Chandler Brayboy,2250,12
John Copenhaver,Darius Lassiter,2250,6
John Copenhaver,Dorian Singer,2250,15
John Copenhaver,Eli Pancol,2250,2
John Copenhaver,Ja'Quinden Jackson,2250,9
John Copenhaver,Javon Foster,2250,21
John Copenhaver,Jerome Carvin,2250,17
John Copenhaver,John Wolford,2250,1
John Copenhaver,Jonah Monheim,2250,4
John Copenhaver,Kevin Harris,2250,11
John Copenhaver,LeQuint Allen Jr.,2250,1
John Copenhaver,Patrick Herbert,2250,10
John Copenhaver,Ricky Lee,2250,21
John Copenhaver,Sal Wormley,2250,21
John Copenhaver,Seth Henigan,2250,20
John Copenhaver,Shawn Bowman,2250,1
John Copenhaver,Tremayne Anchrum,2250,21
John FitzPatrick,Amar Johnson,1800,4
John FitzPatrick,Anthony Belton,1800,31
John FitzPatrick,Ben Sims,1800,10
John FitzPatrick,Chris Brooks,1800,8
John FitzPatrick,Cornelius Johnson,1800,9
John FitzPatrick,Donovan Jennings,1800,38
John FitzPatrick,Emanuel Wilson,1800,7
John FitzPatrick,Isaiah Neyor,1800,3
John FitzPatrick,Israel Abanikanda,1800,7
John FitzPatrick,Jacob Monk,1800,31
John FitzPatrick,Jalen White,1800,2
John FitzPatrick,Jordan Morgan,1800,38
John FitzPatrick,Julian Hicks,1800,20
John FitzPatrick,Luke Musgrave,1800,5
John FitzPatrick,Malik Heath,1800,28
John FitzPatrick,Malik Willis,1800,38
John FitzPatrick,MarShawn Lloyd,1800,10
John FitzPatrick,Matthew Golden,1800,6
John FitzPatrick,Mecole Hardman,1800,28
John FitzPatrick,Rasheed Walker,1800,7
John FitzPatrick,Romeo Doubs,1800,5
John FitzPatrick,Sean Rhyan,1800,38
John FitzPatrick,Zach Tom,1800,7
John Franklin-Myers,Alex Singleton,1400,4
John Franklin-Myers,Brandon Jones,1400,9
John Franklin-Myers,D.J. Jones,1400,5
John Franklin-Myers,Dondrea Tillman,1400,1
John Franklin-Myers,Ja'Quan McMillian,1400,2
John Franklin-Myers,Jahdae Barron,1400,3
John Franklin-Myers,Jonah Elliss,1400,3
John Franklin-Myers,Jonathon Cooper,1400,9
John Franklin-Myers,Justin Strnad,1400,8
John Franklin-Myers,Levelle Bailey,1400,5
John Franklin-Myers,Malcolm Roach,1400,3
John Franklin-Myers,Nik Bonitto,1400,5
John Franklin-Myers,Pat Surtain II,1400,9
John Franklin-Myers,Riley Moss,1400,9
John Franklin-Myers,Talanoa Hufanga,1400,9
John Franklin-Myers,Zach Allen,1400,6
John Humphrey,Amari Gainer,2520,4
John Humphrey,Andre Carter II,2520,16
John Humphrey,Anthony Booker,2520,18
John Humphrey,Charles Snowden,2520,13
John Humphrey,Chris Smith II,2520,1
John Humphrey,Cody Lindenberg,2520,40
John Humphrey,Darnay Holmes,2520,7
John Humphrey,Greedy Vance,2520,16
John Humphrey,Hudson Clark,2520,45
John Humphrey,JJ Pegues,2520,35
John Humphrey,JT Woods,2520,9
John Humphrey,Jah Joyner,2520,29
John Humphrey,Jahfari Harvey,2520,11
John Humphrey,Keondre Coburn,2520,15
John Humphrey,Leki Fotu,2520,4
John Humphrey,Matt Jones,2520,12
John Humphrey,Michael Barrett,2520,33
John Humphrey,Ovie Oghoufo,2520,21
John Humphrey,Sam Webb,2520,36
John Humphrey,Tommy Eichenberg,2520,2
John Humphrey,Treven Ma'ae,2520,35
John Humphrey,Trey Taylor,2520,45
John Humphrey,Zachary Carter,2520,3
John Jackson,Austin Reed,0810,12
John Jackson,Chris Glaser,0810,5
John Jackson,Deion Hankins,0810,1
John Jackson,Ian Wheeler,0810,11
John Jackson,JP Richardson,0810,11
John Jackson,Jahdae Walker,0810,10
John Jackson,Joel Wilson,0810,12
John Jackson,Jordan McFadden,0810,12
John Jackson,Joshua Miles,0810,12
John Jackson,Luke Newman,0810,7
John Jackson,Ozzy Trapilo,0810,12
John Jackson,Ricky Stromberg,0810,12
John Jackson,Samori Toure,0810,2
John Jackson,Thomas Gordon,0810,1
John Jenkins,Adisa Isaac,0325,6
John Jenkins,Aeneas Peebles,0325,1
John Jenkins,Bilhal Kone,0325,5
John Jenkins,Brent Urban,0325,13
John Jenkins,C.J. Ravenell,0325,4
John Jenkins,David Ojabo,0325,13
John Jenkins,Jacob Hummel,0325,6
John Jenkins,Jalyn Armour-Davis,0325,9
John Jenkins,Keyon Martin,0325,7
John Jenkins,Malaki Starks,0325,11
John Jenkins,Marquise Robinson,0325,3
John Jenkins,Mike Green,0325,9
John Jenkins,Reuben Lowery,0325,3
John Jenkins,Sanoussi Kane,0325,14
John Jenkins,T.J. Tampa,0325,14
John Jenkins,Teddye Buchanan,0325,14
John Jenkins,Trenton Simpson,0325,8
John Jiles,Alec Lindstrom,3200,45
John Jiles,Ben Brown,3200,10
John Jiles,Ben Wooldridge,3200,80
John Jiles,CJ Dippre,3200,34
John Jiles,Caedan Wallace,3200,37
John Jiles,Cole Fotheringham,3200,31
John Jiles,Cole Strange,3200,30
John Jiles,Demontrey Jacobs,3200,75
John Jiles,Efton Chism III,3200,9
John Jiles,Gee Scott Jr.,3200,22
John Jiles,JaMycal Hasty,3200,41
John Jiles,Jack Conley,3200,49
John Jiles,Jack Westover,3200,24
John Jiles,Jaheim Bell,3200,12
John Jiles,Jared Wilson,3200,15
John Jiles,Javon Baker,3200,39
John Jiles,Jeremiah Webb,3200,58
John Jiles,Joshua Dobbs,3200,4
John Jiles,Lan Larison,3200,11
John Jiles,Layden Robinson,3200,25
John Jiles,Marcus Bryant,3200,10
John Jiles,Mehki Butler,3200,33
John Jiles,Micah Bernard,3200,4
John Jiles,Phil Lutz,3200,23
John Jiles,Shane Watts,3200,23
John Jiles,Sidy Sow,3200,34
John Jiles,Terrell Jennings,3200,5
John Jiles,Tyrese Robinson,3200,23
John Jiles,Vederian Lowe,3200,34
John Leglue,Ben Dooley,2510,23
John Leglue,Brennan Presley,2510,19
John Leglue,Britain Covey,2510,21
John Leglue,Cody Schrader,2510,13
John Leglue,Drake Stoops,2510,6
John Leglue,Dresser Winn,2510,23
John Leglue,Jordan Waters,2510,10
John Leglue,KT Leveston,2510,23
John Leglue,Mark Redman,2510,12
John Leglue,McCallan Castles,2510,12
John Leglue,Mike Mcallister,2510,13
John Leglue,Trey Wedig,2510,23
John Leglue,Tru Edwards,2510,22
John Leglue,Wyatt Bowles,2510,10
John Metchie III,Ainias Smith,3700,10
John Metchie III,Aireontae Ersery,2120,5
John Metchie III,Austin Deculus,2120,37
John Metchie III,Ben VanSumeren,3700,2
John Metchie III,Blake Fisher,2120,16
John Metchie III,Braxton Berrios,2120,13
John Metchie III,Brett Toth,3700,15
John Metchie III,Brevin Jordan,2120,2
John Metchie III,British Brooks,2120,2
John Metchie III,Cade Stover,2120,6
John Metchie III,Cameron Latu,3700,1
John Metchie III,Dalton Keene,2120,5
John Metchie III,Dalton Schultz,2120,2
John Metchie III,Daniel Jackson,2120,2
John Metchie III,Dare Ogunbowale,2120,3
John Metchie III,Darian Kinnard,3700,15
John Metchie III,Darius Cooper,3700,15
John Metchie III,Davis Mills,2120,12
John Metchie III,Drew Kendall,3700,15
John Metchie III,E.J. Jenkins,3700,10
John Metchie III,Ed Ingram,2120,7
John Metchie III,Eli Cox,2120,14
John Metchie III,Graham Mertz,2120,14
John Metchie III,Irv Smith,2120,8
John Metchie III,J.J. Taylor,2120,4
John Metchie III,Jake Andrews,2120,5
John Metchie III,Jakob Johnson,2120,8
John Metchie III,Jarrett Patterson,2120,25
John Metchie III,Jawhar Jordan,2120,16
John Metchie III,Jayden Higgins,2120,10
John Metchie III,Jaylin Noel,2120,9
John Metchie III,Jaylon Thomas,2120,37
John Metchie III,Juice Scruggs,2120,19
John Metchie III,Justin Watson,2120,34
John Metchie III,Kedon Slovis,2120,18
John Metchie III,Kendall Lamm,3700,15
John Metchie III,Kyle McCord,3700,15
John Metchie III,Kylen Granson,3700,7
John Metchie III,LaDarius Henderson,2120,23
John Metchie III,Laken Tomlinson,2120,2
John Metchie III,Luke Lachey,2120,28
John Metchie III,Montrell Johnson Jr.,3700,15
John Metchie III,Trevor Keegan,3700,15
John Metchie III,Woody Marks,2120,19
John Metchie III,Xavier Hutchinson,2120,1
John Metchie III,Xavier Johnson,2120,4
John Metchie III,Zach Thomas,2120,30
John Michael Schmitz,Beaux Collins,3410,14
John Michael Schmitz,Chris Manhertz,3410,5
John Michael Schmitz,Dalen Cambre,3410,2
John Michael Schmitz,Daniel Bellinger,3410,3
John Michael Schmitz,Darius Slayton,3410,10
John Michael Schmitz,Devin Singletary,3410,11
John Michael Schmitz,Elijah Chatman,3410,2
John Michael Schmitz,Evan Neal,3410,9
John Michael Schmitz,Greg Dulcich,3410,9
John Michael Schmitz,Greg Van Roten,3410,19
John Michael Schmitz,Jalin Hyatt,3410,10
John Michael Schmitz,James Hudson,3410,28
John Michael Schmitz,Jaxson Dart,3410,3
John Michael Schmitz,Jermaine Eluemunor,3410,28
John Michael Schmitz,Jon Runyan,3410,28
John Michael Schmitz,Lil'Jordan Humphrey,3410,9
John Michael Schmitz,Montrell Washington,3410,1
John Michael Schmitz,Russell Wilson,3410,25
John Michael Schmitz,Theo Johnson,3410,24
John Michael Schmitz,Tyrone Tracy Jr.,3410,17
John Michael Schmitz,Wan'Dale Robinson,3410,15
John Michael Schmitz,Zach Pascal,3410,8
John Ojukwu,Andrew Rupcich,2100,66
John Ojukwu,Arlington Hambright,2100,2
John Ojukwu,Blake Hance,2100,29
John Ojukwu,Brandon Allen,2100,69
John Ojukwu,Brenden Jaimes,2100,74
John Ojukwu,Bryce Oliver,2100,38
John Ojukwu,Cam Ward,2100,1
John Ojukwu,Chig Okonkwo,2100,1
John Ojukwu,Chimere Dike,2100,36
John Ojukwu,Corey Levin,2100,1
John Ojukwu,Dan Moore Jr.,2100,1
John Ojukwu,David Martin-Robinson,2100,23
John Ojukwu,Drake Dabney,2100,2
John Ojukwu,Elic Ayomanor,2100,29
John Ojukwu,Gunnar Helm,2100,34
John Ojukwu,Jackson Slater,2100,60
John Ojukwu,Jaelyn Duncan,2100,35
John Ojukwu,James Proche,2100,31
John Ojukwu,Jermar Jefferson,2100,9
John Ojukwu,Jha'Quan Jackson,2100,24
John Ojukwu,Jordan Mims,2100,23
John Ojukwu,Josh Whyle,2100,22
John Ojukwu,Julius Chestnut,2100,24
John Ojukwu,Kalel Mullings,2100,20
John Ojukwu,Mason Kinsey,2100,26
John Ojukwu,Olisaemeka Udoh,2100,44
John Ojukwu,Peter Skoronski,2100,1
John Ojukwu,Sam Mustipher,2100,4
John Ojukwu,T.J. Sheffield,2100,7
John Ojukwu,Thomas Odukoya,2100,15
John Ojukwu,Tim Boyle,2100,9
John Ojukwu,Tyjae Spears,2100,3
John Ojukwu,Van Jefferson,2100,8
John Ojukwu,Xavier Restrepo,2100,19
John Rhys Plumlee,Amari Kight,4600,2
John Rhys Plumlee,Anthony Tyus III,4600,5
John Rhys Plumlee,Brady Russell,4600,7
John Rhys Plumlee,Bryce Cabeldue,4600,15
John Rhys Plumlee,Christian Haynes,4600,2
John Rhys Plumlee,Federico Maranges,4600,17
John Rhys Plumlee,Jacardia Wright,4600,12
John Rhys Plumlee,Jalen Milroe,4600,17
John Rhys Plumlee,Luke Felix-Fualalo,4600,15
John Rhys Plumlee,Marshall Lang,4600,13
John Rhys Plumlee,Mason Richman,4600,17
John Rhys Plumlee,Michael Jerrell,4600,9
John Rhys Plumlee,Nick Kallerup,4600,6
John Rhys Plumlee,Ricky White III,4600,12
John Rhys Plumlee,Sataoa Laumea,4600,8
John Rhys Plumlee,Tyrone Broden,4600,13
John Ridgeway,Chris Rumph II,3300,22
John Ridgeway,D'Marco Jackson,3300,4
John Ridgeway,Dalys Beanum,3300,12
John Ridgeway,Danny Stutsman,3300,13
John Ridgeway,Elliott Davison,3300,17
John Ridgeway,Fadil Diggs,3300,20
John Ridgeway,Isaiah Foskey,3300,25
John Ridgeway,Isaiah Stalbird,3300,22
John Ridgeway,Jayden Peevy,3300,8
John Ridgeway,Jayden Price,3300,15
John Ridgeway,Jaylan Ford,3300,23
John Ridgeway,Jeremiah Martin,3300,5
John Ridgeway,Jonah Williams,3300,6
John Ridgeway,Jonas Sanker,3300,30
John Ridgeway,Jordan Howden,3300,13
John Ridgeway,Khristian Boyd,3300,6
John Ridgeway,Nephi Sewell,3300,9
John Ridgeway,Omari Thomas,3300,6
John Ridgeway,Quincy Riley,3300,24
John Ridgeway,Rejzohn Wright,3300,13
John Ridgeway,Rico Payton,3300,17
John Ridgeway,Terrell Burgess,3300,10
John Ridgeway,Tyreem Powell,3300,1
John Ridgeway,Ugo Amadi,3300,18
John Ridgeway,Vernon Broughton,3300,20
John Saunders Jr.,Alex Huntley,2700,25
John Saunders Jr.,BJ Adams,2700,38
John Saunders Jr.,Ben Stille,2700,36
John Saunders Jr.,Cam Smith,2700,19
John Saunders Jr.,Cameron Dantzler,2700,13
John Saunders Jr.,Cameron Goode,2700,38
John Saunders Jr.,Channing Tindall,2700,59
John Saunders Jr.,Cornell Armstrong,2700,18
John Saunders Jr.,Dequan Jackson,2700,49
John Saunders Jr.,Derrick McLendon,2700,45
John Saunders Jr.,Ethan Robinson,2700,26
John Saunders Jr.,Eugene Asante,2700,26
John Saunders Jr.,Grayson Murphy,2700,47
John Saunders Jr.,Isaiah Johnson,2700,47
John Saunders Jr.,Jack Jones,2700,16
John Saunders Jr.,Jason Marshall Jr.,2700,29
John Saunders Jr.,Jordan Colbert,2700,53
John Saunders Jr.,Jordan Phillips,2700,24
John Saunders Jr.,Matt Dickerson,2700,28
John Saunders Jr.,Matthew Butler,2700,10
John Saunders Jr.,Mohamed Kamara,2700,8
John Saunders Jr.,Patrick McMorris,2700,14
John Saunders Jr.,Quinton Bell,2700,6
John Saunders Jr.,Zeek Biggers,2700,46
John Simpson,Alijah Vera-Tucker,3430,18
John Simpson,Andrew Beck,3430,1
John Simpson,Arian Smith,3430,1
John Simpson,Armand Membou,3430,18
John Simpson,Braelon Allen,3430,8
John Simpson,Breece Hall,3430,11
John Simpson,Garrett Wilson,3430,18
John Simpson,Jeremy Ruckert,3430,10
John Simpson,Joe Tippmann,3430,18
John Simpson,Josh Reynolds,3430,17
John Simpson,Justin Fields,3430,18
John Simpson,Mason Taylor,3430,13
John Simpson,Olumuyiwa Fashanu,3430,18
John Simpson,Tyler Johnson,3430,9
John Simpson,Zack Kuntz,3430,2
John Stephens Jr.,Ajani Cornelius,1200,3
John Stephens Jr.,Asim Richards,1200,3
John Stephens Jr.,Brock Hoffman,1200,13
John Stephens Jr.,Cooper Beebe,1200,1
John Stephens Jr.,Deuce Vaughn,1200,10
John Stephens Jr.,Geron Christian,1200,3
John Stephens Jr.,Hakeem Adeniji,1200,11
John Stephens Jr.,Jalen Brooks,1200,4
John Stephens Jr.,Jalen Cropper,1200,9
John Stephens Jr.,Jalen Tolbert,1200,1
John Stephens Jr.,Joe Milton III,1200,14
John Stephens Jr.,Jonathan Mingo,1200,10
John Stephens Jr.,Josh Kelly,1200,2
John Stephens Jr.,Luke Schoonmaker,1200,1
John Stephens Jr.,Miles Sanders,1200,1
John Stephens Jr.,Nathan Thomas,1200,11
John Stephens Jr.,Phil Mafah,1200,3
John Stephens Jr.,Princeton Fant,1200,2
John Stephens Jr.,Ryan Flournoy,1200,12
John Stephens Jr.,TJ Bass,1200,14
John Stephens Jr.,Traeshon Holden,1200,1
John Stephens Jr.,Tyler Booker,1200,11
John Wolford,Austin Trammell,2250,15
John Wolford,Bhayshul Tuten,2250,9
John Wolford,Cam Camper,2250,12
John Wolford,Chandler Brayboy,2250,12
John Wolford,Darius Lassiter,2250,10
John Wolford,Dorian Singer,2250,25
John Wolford,Eli Pancol,2250,7
John Wolford,Fred Johnson,2250,3
John Wolford,Ja'Quinden Jackson,2250,17
John Wolford,Javon Foster,2250,26
John Wolford,Jerome Carvin,2250,14
John Wolford,John Copenhaver,2250,1
John Wolford,Jonah Monheim,2250,22
John Wolford,Joshua Cephus,2250,3
John Wolford,Kevin Harris,2250,6
John Wolford,LeQuint Allen Jr.,2250,4
John Wolford,Luke Fortner,2250,10
John Wolford,Patrick Herbert,2250,17
John Wolford,Quintin Morris,2250,13
John Wolford,Ricky Lee,2250,33
John Wolford,Sal Wormley,2250,36
John Wolford,Shawn Bowman,2250,15
John Wolford,Tremayne Anchrum,2250,26
John Wolford,Trenton Irwin,2250,14
John Wolford,Wyatt Milum,2250,10
Johnathan Baldwin,Arron Mosby,1800,97
Johnathan Baldwin,Barryn Sorrell,1800,24
Johnathan Baldwin,Bo Melton,1800,29
Johnathan Baldwin,Brenton Cox Jr.,1800,18
Johnathan Baldwin,Colby Wooden,1800,9
Johnathan Baldwin,Corey Ballentine,1800,42
Johnathan Baldwin,Deslin Alexandre,1800,79
Johnathan Baldwin,Devonte O'Malley,1800,9
Johnathan Baldwin,Garnett Hollis Jr.,1800,30
Johnathan Baldwin,Isaiah Dunn,1800,28
Johnathan Baldwin,Isaiah Simmons,1800,72
Johnathan Baldwin,James Ester,1800,45
Johnathan Baldwin,Jamon Johnson,1800,64
Johnathan Baldwin,Jared Bartlett,1800,19
Johnathan Baldwin,Jaylin Simpson,1800,18
Johnathan Baldwin,Kalen King,1800,53
Johnathan Baldwin,Kamal Hadden,1800,52
Johnathan Baldwin,Karl Brooks,1800,10
Johnathan Baldwin,Keith Randolph Jr.,1800,29
Johnathan Baldwin,Kingsley Enagbare,1800,14
Johnathan Baldwin,Kitan Oladapo,1800,56
Johnathan Baldwin,Kristian Welch,1800,80
Johnathan Baldwin,Micah Robinson,1800,72
Johnathan Baldwin,Nazir Stackhouse,1800,67
Johnathan Baldwin,Omar Brown,1800,17
Johnathan Baldwin,Ty'Ron Hopper,1800,43
Johnathan Baldwin,Tyron Herring,1800,51
Johnathan Baldwin,Warren Brinson,1800,83
Johnathan Edwards,Adetomiwa Adebawore,2200,36
Johnathan Edwards,Alex Johnson,2200,30
Johnathan Edwards,Austin Ajiake,2200,36
Johnathan Edwards,Cameron McGrone,2200,37
Johnathan Edwards,Camryn Bynum,2200,12
Johnathan Edwards,Charvarius Ward,2200,12
Johnathan Edwards,Chris Lammons,2200,43
Johnathan Edwards,Daniel Scott,2200,43
Johnathan Edwards,DeForest Buckner,2200,9
Johnathan Edwards,Desmond Little,2200,10
Johnathan Edwards,Devonta Davis,2200,6
Johnathan Edwards,Duke Shelley,2200,21
Johnathan Edwards,Durell Nchami,2200,47
Johnathan Edwards,Eric Johnson,2200,32
Johnathan Edwards,Grover Stewart,2200,7
Johnathan Edwards,Hunter Wohler,2200,40
Johnathan Edwards,Isaiah Land,2200,39
Johnathan Edwards,JT Tuimoloau,2200,57
Johnathan Edwards,Jacob Phillips,2200,1
Johnathan Edwards,Joe Bachie,2200,31
Johnathan Edwards,Josh Tupou,2200,21
Johnathan Edwards,Julius Brents,2200,18
Johnathan Edwards,Kwity Paye,2200,1
Johnathan Edwards,Laiatu Latu,2200,10
Johnathan Edwards,Marcus Haynes,2200,3
Johnathan Edwards,Neville Gallimore,2200,40
Johnathan Edwards,Rodney Thomas,2200,59
Johnathan Edwards,Samuel Womack,2200,34
Johnathan Edwards,Segun Olubi,2200,41
Johnathan Edwards,Solomon DeShields,2200,18
Johnathan Edwards,Tim Smith,2200,25
Johnathan Edwards,Trey Washington,2200,21
Johnathan Edwards,Tyquan Lewis,2200,9
Johnny Lumpkin,Amar Johnson,1800,15
Johnny Lumpkin,Anthony Belton,1800,32
Johnny Lumpkin,Brant Banks,1800,28
Johnny Lumpkin,Cornelius Johnson,1800,22
Johnny Lumpkin,Donovan Jennings,1800,15
Johnny Lumpkin,Isaiah Neyor,1800,24
Johnny Lumpkin,Israel Abanikanda,1800,16
Johnny Lumpkin,J.J. Lippe,1800,28
Johnny Lumpkin,Jacob Monk,1800,4
Johnny Lumpkin,Julian Hicks,1800,12
Johnny Lumpkin,Kadeem Telfort,1800,26
Johnny Lumpkin,Kawaan Baker,1800,12
Johnny Lumpkin,Lecitus Smith,1800,28
Johnny Lumpkin,Malik Heath,1800,3
Johnny Lumpkin,Messiah Swinson,1800,39
Johnny Lumpkin,Sean Clifford,1800,15
Johnny Lumpkin,Taylor Elgersma,1800,28
Johnny Lumpkin,Trey Hill,1800,27
Johnny Lumpkin,Tyler Cooper,1800,27
Johnny Lumpkin,Tyrion Davis-Price,1800,12
Johnny Lumpkin,Will Sheppard,1800,17
Johnny Mundt,Austin Trammell,2250,8
Johnny Mundt,Bhayshul Tuten,2250,6
Johnny Mundt,Brenton Strange,2250,6
Johnny Mundt,Brian Thomas Jr.,2250,8
Johnny Mundt,Dorian Singer,2250,2
Johnny Mundt,Ezra Cleveland,2250,9
Johnny Mundt,Fred Johnson,2250,16
Johnny Mundt,Hunter Long,2250,3
Johnny Mundt,Jonah Monheim,2250,7
Johnny Mundt,Joshua Cephus,2250,4
Johnny Mundt,LeQuint Allen Jr.,2250,1
Johnny Mundt,Luke Fortner,2250,7
Johnny Mundt,Nick Mullens,2250,7
Johnny Mundt,Parker Washington,2250,9
Johnny Mundt,Patrick Mekari,2250,16
Johnny Mundt,Robert Hainsey,2250,9
Johnny Mundt,Sal Wormley,2250,2
Johnny Mundt,Tank Bigsby,2250,7
Johnny Mundt,Travis Etienne,2250,2
Johnny Mundt,Trenton Irwin,2250,8
Johnny Mundt,Trevor Lawrence,2250,9
Johnny Mundt,Walker Little,2250,9
Johnny Mundt,Wyatt Milum,2250,5
Johnny Wilson,AJ Dillon,3700,19
Johnny Wilson,Ainias Smith,3700,36
Johnny Wilson,Brett Toth,3700,50
Johnny Wilson,Cameron Williams,3700,12
Johnny Wilson,Darian Kinnard,3700,41
Johnny Wilson,Darius Cooper,3700,48
Johnny Wilson,Dorian Thompson-Robinson,3700,22
Johnny Wilson,Drew Kendall,3700,62
Johnny Wilson,E.J. Jenkins,3700,18
Johnny Wilson,Grant Calcaterra,3700,13
Johnny Wilson,Harrison Bryant,3700,20
Johnny Wilson,Jahan Dotson,3700,9
Johnny Wilson,Keilan Robinson,3700,14
Johnny Wilson,Kendall Lamm,3700,21
Johnny Wilson,Kenyon Green,3700,12
Johnny Wilson,Kylen Granson,3700,22
Johnny Wilson,Matt Pryor,3700,47
Johnny Wilson,Montrell Johnson Jr.,3700,3
Johnny Wilson,Myles Hinton,3700,41
Johnny Wilson,Nick Muse,3700,4
Johnny Wilson,ShunDerrick Powell,3700,12
Johnny Wilson,Tanner McKee,3700,40
Johnny Wilson,Taylor Morin,3700,11
Johnny Wilson,Terrace Marshall Jr.,3700,4
Johnny Wilson,Trevor Keegan,3700,15
Johnny Wilson,Tyler Steen,3700,9
Johnny Wilson,Will Shipley,3700,14
Jon Gaines II,Andre Baccellia,3800,17
Jon Gaines II,Clayton Tune,3800,16
Jon Gaines II,Elijah Higgins,3800,15
Jon Gaines II,Emari Demercado,3800,12
Jon Gaines II,Hayden Conner,3800,3
Jon Gaines II,Jacoby Brissett,3800,16
Jon Gaines II,Jeremiah Byers,3800,32
Jon Gaines II,Josh Fryar,3800,32
Jon Gaines II,Josiah Deguara,3800,14
Jon Gaines II,Michael Carter,3800,20
Jon Gaines II,Nick Leverett,3800,32
Jon Gaines II,Simi Fehoko,3800,20
Jon Gaines II,Sincere Haynesworth,3800,29
Jon Gaines II,Tejhaun Palmer,3800,13
Jon Gaines II,Travis Vokolek,3800,19
Jon Gaines II,Xavier Weaver,3800,30
Jon Rhattigan,Akayleb Evans,0750,11
Jon Rhattigan,Bobby Brown III,0750,19
Jon Rhattigan,Cam Jackson,0750,10
Jon Rhattigan,Carlos Basham,0750,21
Jon Rhattigan,Corey Thornton,0750,22
Jon Rhattigan,DJ Johnson,0750,8
Jon Rhattigan,Demani Richardson,0750,35
Jon Rhattigan,Isaac Gifford,0750,12
Jon Rhattigan,J.J. Weaver,0750,7
Jon Rhattigan,JaTravis Broughton,0750,7
Jon Rhattigan,Jack Henderson,0750,12
Jon Rhattigan,Jacoby Windmon,0750,37
Jon Rhattigan,Jaden Crumedy,0750,24
Jon Rhattigan,Jared Harrison-Hunte,0750,19
Jon Rhattigan,Krys Barnes,0750,10
Jon Rhattigan,Lathan Ransom,0750,18
Jon Rhattigan,Mello Dotson,0750,5
Jon Rhattigan,Michael Reid,0750,16
Jon Rhattigan,Nic Scourton,0750,11
Jon Rhattigan,Nick Scott,0750,17
Jon Rhattigan,Princely Umanmielen,0750,27
Jon Rhattigan,Sam Roberts,0750,22
Jon Rhattigan,Shemar Bartholomew,0750,24
Jon Rhattigan,Shy Tuttle,0750,18
Jon Rhattigan,Thomas Incoom,0750,20
Jon Rhattigan,Tre Swilling,0750,25
Jon Rhattigan,Trevian Thomas,0750,13
Jon Runyan,Beaux Collins,3410,14
Jon Runyan,Chris Manhertz,3410,5
Jon Runyan,Dalen Cambre,3410,2
Jon Runyan,Daniel Bellinger,3410,3
Jon Runyan,Darius Slayton,3410,10
Jon Runyan,Devin Singletary,3410,11
Jon Runyan,Elijah Chatman,3410,2
Jon Runyan,Evan Neal,3410,9
Jon Runyan,Greg Dulcich,3410,9
Jon Runyan,Greg Van Roten,3410,19
Jon Runyan,Jalin Hyatt,3410,10
Jon Runyan,James Hudson,3410,28
Jon Runyan,Jaxson Dart,3410,3
Jon Runyan,Jermaine Eluemunor,3410,28
Jon Runyan,John Michael Schmitz,3410,28
Jon Runyan,Lil'Jordan Humphrey,3410,9
Jon Runyan,Montrell Washington,3410,1
Jon Runyan,Russell Wilson,3410,25
Jon Runyan,Theo Johnson,3410,24
Jon Runyan,Tyrone Tracy Jr.,3410,17
Jon Runyan,Wan'Dale Robinson,3410,15
Jon Runyan,Zach Pascal,3410,8
Jonah Elliss,Alex Singleton,1400,7
Jonah Elliss,Brandon Jones,1400,7
Jonah Elliss,D.J. Jones,1400,2
Jonah Elliss,Damarri Mathis,1400,42
Jonah Elliss,Devon Key,1400,32
Jonah Elliss,Dondrea Tillman,1400,31
Jonah Elliss,Eyioma Uwazurike,1400,39
Jonah Elliss,J.B. Brown,1400,1
Jonah Elliss,JL Skinner,1400,19
Jonah Elliss,Ja'Quan McMillian,1400,11
Jonah Elliss,Jahdae Barron,1400,28
Jonah Elliss,John Franklin-Myers,1400,3
Jonah Elliss,Jonathon Cooper,1400,7
Jonah Elliss,Jordan Jackson,1400,39
Jonah Elliss,Jordan Miller,1400,21
Jonah Elliss,Jordan Turner,1400,8
Jonah Elliss,Justin Strnad,1400,26
Jonah Elliss,Karene Reid,1400,24
Jonah Elliss,Keidron Smith,1400,19
Jonah Elliss,Kris Abrams-Draine,1400,47
Jonah Elliss,Kristian Williams,1400,5
Jonah Elliss,Levelle Bailey,1400,43
Jonah Elliss,Malcolm Roach,1400,8
Jonah Elliss,P.J. Locke,1400,32
Jonah Elliss,Pat Surtain II,1400,7
Jonah Elliss,Que Robinson,1400,20
Jonah Elliss,Quinton Newsome,1400,10
Jonah Elliss,Riley Moss,1400,7
Jonah Elliss,Sai'vion Jones,1400,23
Jonah Elliss,Talanoa Hufanga,1400,7
Jonah Elliss,Zach Allen,1400,5
Jonah Jackson,Braxton Jones,0810,39
Jonah Jackson,Brittain Brown,0810,10
Jonah Jackson,Caleb Williams,0810,39
Jonah Jackson,Cole Kmet,0810,24
Jonah Jackson,Colston Loveland,0810,28
Jonah Jackson,D'Andre Swift,0810,18
Jonah Jackson,DJ Moore,0810,38
Jonah Jackson,Darnell Wright,0810,39
Jonah Jackson,Deion Hankins,0810,11
Jonah Jackson,Drew Dalman,0810,39
Jonah Jackson,Luke Newman,0810,39
Jonah Jackson,Luther Burden III,0810,1
Jonah Jackson,Olamide Zaccheaus,0810,26
Jonah Jackson,Rome Odunze,0810,39
Jonah Laulu,Adam Butler,2520,11
Jonah Laulu,Andre Carter II,2520,3
Jonah Laulu,Charles Snowden,2520,28
Jonah Laulu,Chris Smith II,2520,36
Jonah Laulu,Cody Lindenberg,2520,8
Jonah Laulu,Darien Porter,2520,37
Jonah Laulu,Darnay Holmes,2520,9
Jonah Laulu,Decamerion Richardson,2520,28
Jonah Laulu,Devin White,2520,12
Jonah Laulu,Elandon Roberts,2520,9
Jonah Laulu,Eric Stokes,2520,20
Jonah Laulu,Germaine Pratt,2520,11
Jonah Laulu,Greedy Vance,2520,3
Jonah Laulu,Isaiah Pola-Mao,2520,42
Jonah Laulu,JJ Pegues,2520,7
Jonah Laulu,JT Woods,2520,4
Jonah Laulu,Jamal Adams,2520,28
Jonah Laulu,Jaylon Smith,2520,11
Jonah Laulu,Jeremy Chinn,2520,11
Jonah Laulu,Kyu Kelly,2520,15
Jonah Laulu,Leki Fotu,2520,3
Jonah Laulu,Malcolm Koonce,2520,17
Jonah Laulu,Matt Jones,2520,19
Jonah Laulu,Maxx Crosby,2520,12
Jonah Laulu,Michael Barrett,2520,1
Jonah Laulu,Ovie Oghoufo,2520,2
Jonah Laulu,Terrell Edmunds,2520,18
Jonah Laulu,Thomas Booker,2520,19
Jonah Laulu,Thomas Harper,2520,1
Jonah Laulu,Tommy Eichenberg,2520,28
Jonah Laulu,Tonka Hemingway,2520,27
Jonah Laulu,Tyree Wilson,2520,39
Jonah Laulu,Zachary Carter,2520,1
Jonah Monheim,Austin Trammell,2250,31
Jonah Monheim,Bhayshul Tuten,2250,32
Jonah Monheim,Cam Camper,2250,19
Jonah Monheim,Chandler Brayboy,2250,20
Jonah Monheim,Darius Lassiter,2250,20
Jonah Monheim,Dorian Singer,2250,35
Jonah Monheim,Eli Pancol,2250,16
Jonah Monheim,Fred Johnson,2250,58
Jonah Monheim,Hunter Long,2250,41
Jonah Monheim,Ja'Quinden Jackson,2250,11
Jonah Monheim,Javon Foster,2250,29
Jonah Monheim,John Copenhaver,2250,4
Jonah Monheim,John Wolford,2250,22
Jonah Monheim,Johnny Mundt,2250,7
Jonah Monheim,Joshua Cephus,2250,50
Jonah Monheim,LeQuint Allen Jr.,2250,36
Jonah Monheim,Luke Fortner,2250,55
Jonah Monheim,Nick Mullens,2250,55
Jonah Monheim,Parker Washington,2250,22
Jonah Monheim,Patrick Herbert,2250,23
Jonah Monheim,Patrick Mekari,2250,12
Jonah Monheim,Quintin Morris,2250,17
Jonah Monheim,Ricky Lee,2250,54
Jonah Monheim,Sal Wormley,2250,89
Jonah Monheim,Seth Henigan,2250,17
Jonah Monheim,Shawn Bowman,2250,19
Jonah Monheim,Tank Bigsby,2250,15
Jonah Monheim,Tremayne Anchrum,2250,39
Jonah Monheim,Trenton Irwin,2250,52
Jonah Monheim,Wyatt Milum,2250,40
Jonah Savaiinaea,Aaron Brewer,2700,28
Jonah Savaiinaea,Alexander Mattison,2700,3
Jonah Savaiinaea,Andrew Armstrong,2700,1
Jonah Savaiinaea,Daniel Brunskill,2700,33
Jonah Savaiinaea,De'Von Achane,2700,8
Jonah Savaiinaea,Dee Eskridge,2700,40
Jonah Savaiinaea,Erik Ezukanma,2700,25
Jonah Savaiinaea,Germain Ifedi,2700,8
Jonah Savaiinaea,Jackson Carman,2700,20
Jonah Savaiinaea,James Daniels,2700,28
Jonah Savaiinaea,Jaylen Waddle,2700,5
Jonah Savaiinaea,Jaylen Wright,2700,37
Jonah Savaiinaea,Julian Hill,2700,20
Jonah Savaiinaea,Kion Smith,2700,33
Jonah Savaiinaea,Larry Borom,2700,59
Jonah Savaiinaea,Malik Washington,2700,17
Jonah Savaiinaea,Nick Westbrook-Ikhine,2700,32
Jonah Savaiinaea,Ollie Gordon II,2700,13
Jonah Savaiinaea,Patrick Paul,2700,35
Jonah Savaiinaea,Pharaoh Brown,2700,31
Jonah Savaiinaea,Tahj Washington,2700,21
Jonah Savaiinaea,Tanner Conner,2700,38
Jonah Savaiinaea,Tarik Black,2700,14
Jonah Savaiinaea,Tua Tagovailoa,2700,28
Jonah Savaiinaea,Zach Wilson,2700,33
Jonah Williams,Chris Rumph II,3300,39
Jonah Williams,D'Marco Jackson,3300,35
Jonah Williams,Dalys Beanum,3300,14
Jonah Williams,Danny Stutsman,3300,39
Jonah Williams,Elijah Higgins,3800,9
Jonah Williams,Elliott Davison,3300,15
Jonah Williams,Evan Brown,3800,16
Jonah Williams,Fadil Diggs,3300,44
Jonah Williams,Greg Dortch,3800,3
Jonah Williams,Hjalte Froholdt,3800,16
Jonah Williams,Isaac Yiadom,3300,16
Jonah Williams,Isaiah Adams,3800,16
Jonah Williams,Isaiah Foskey,3300,49
Jonah Williams,Isaiah Stalbird,3300,26
Jonah Williams,James Conner,3800,7
Jonah Williams,Jasheen Davis,3300,13
Jonah Williams,Jayden Peevy,3300,7
Jonah Williams,Jayden Price,3300,20
Jonah Williams,Jaylan Ford,3300,25
Jonah Williams,Jeremiah Martin,3300,11
Jonah Williams,John Ridgeway,3300,6
Jonah Williams,Jonas Sanker,3300,64
Jonah Williams,Jonathan Bullard,3300,19
Jonah Williams,Jordan Howden,3300,57
Jonah Williams,Khalen Saunders,3300,15
Jonah Williams,Khristian Boyd,3300,11
Jonah Williams,Kyler Murray,3800,16
Jonah Williams,Marvin Harrison Jr.,3800,16
Jonah Williams,Michael Wilson,3800,8
Jonah Williams,Nephi Sewell,3300,24
Jonah Williams,Omari Thomas,3300,10
Jonah Williams,Paris Johnson Jr.,3800,16
Jonah Williams,Quincy Riley,3300,64
Jonah Williams,Rejzohn Wright,3300,37
Jonah Williams,Rico Payton,3300,19
Jonah Williams,Terrell Burgess,3300,17
Jonah Williams,Tip Reiman,3800,11
Jonah Williams,Trey Benson,3800,9
Jonah Williams,Trey McBride,3800,8
Jonah Williams,Tyreem Powell,3300,4
Jonah Williams,Ugo Amadi,3300,38
Jonah Williams,Vernon Broughton,3300,42
Jonah Williams,Zay Jones,3800,9
Jonas Sanker,Chris Rumph II,3300,67
Jonas Sanker,D'Marco Jackson,3300,47
Jonas Sanker,Dalys Beanum,3300,47
Jonas Sanker,Danny Stutsman,3300,45
Jonas Sanker,Elliott Davison,3300,58
Jonas Sanker,Fadil Diggs,3300,82
Jonas Sanker,Isaac Yiadom,3300,17
Jonas Sanker,Isaiah Foskey,3300,82
Jonas Sanker,Isaiah Stalbird,3300,64
Jonas Sanker,Jasheen Davis,3300,23
Jonas Sanker,Jayden Peevy,3300,37
Jonas Sanker,Jayden Price,3300,46
Jonas Sanker,Jaylan Ford,3300,72
Jonas Sanker,Jeremiah Martin,3300,28
Jonas Sanker,John Ridgeway,3300,30
Jonas Sanker,Jonah Williams,3300,64
Jonas Sanker,Jonathan Bullard,3300,21
Jonas Sanker,Jordan Howden,3300,70
Jonas Sanker,Khalen Saunders,3300,11
Jonas Sanker,Khristian Boyd,3300,45
Jonas Sanker,Nephi Sewell,3300,33
Jonas Sanker,Omari Thomas,3300,36
Jonas Sanker,Quincy Riley,3300,94
Jonas Sanker,Rejzohn Wright,3300,81
Jonas Sanker,Rico Payton,3300,30
Jonas Sanker,Terrell Burgess,3300,9
Jonas Sanker,Tyreem Powell,3300,18
Jonas Sanker,Ugo Amadi,3300,59
Jonas Sanker,Vernon Broughton,3300,93
Jonathan Bullard,Bryan Bresee,3300,3
Jonathan Bullard,Cameron Jordan,3300,1
Jonathan Bullard,Carl Granderson,3300,2
Jonathan Bullard,Chase Young,3300,2
Jonathan Bullard,Chris Rumph II,3300,15
Jonathan Bullard,D'Marco Jackson,3300,11
Jonathan Bullard,Danny Stutsman,3300,17
Jonathan Bullard,Davon Godchaux,3300,2
Jonathan Bullard,Demario Davis,3300,3
Jonathan Bullard,Fadil Diggs,3300,16
Jonathan Bullard,Isaac Yiadom,3300,15
Jonathan Bullard,Isaiah Foskey,3300,21
Jonathan Bullard,Isaiah Stalbird,3300,4
Jonathan Bullard,Jasheen Davis,3300,2
Jonathan Bullard,Jayden Price,3300,4
Jonathan Bullard,Jaylan Ford,3300,10
Jonathan Bullard,Jeremiah Martin,3300,5
Jonathan Bullard,Jonah Williams,3300,19
Jonathan Bullard,Jonas Sanker,3300,21
Jonathan Bullard,Jordan Howden,3300,27
Jonathan Bullard,Julian Blackmon,3300,3
Jonathan Bullard,Justin Reid,3300,3
Jonathan Bullard,Khalen Saunders,3300,14
Jonathan Bullard,Khristian Boyd,3300,15
Jonathan Bullard,Kool-Aid McKinstry,3300,3
Jonathan Bullard,Nathan Shepherd,3300,3
Jonathan Bullard,Nephi Sewell,3300,15
Jonathan Bullard,Quincy Riley,3300,29
Jonathan Bullard,Rejzohn Wright,3300,10
Jonathan Bullard,Rico Payton,3300,5
Jonathan Bullard,Terrell Burgess,3300,7
Jonathan Bullard,Ugo Amadi,3300,8
Jonathan Bullard,Vernon Broughton,3300,5
Jonathan Ford,Alex Cook,0810,64
Jonathan Ford,Amen Ogbongbemiga,0810,19
Jonathan Ford,Austin Booker,0810,19
Jonathan Ford,Carl Jones,0810,43
Jonathan Ford,Chris Williams,0810,3
Jonathan Ford,Daniel Hardy,0810,52
Jonathan Ford,Dominique Robinson,0810,10
Jonathan Ford,Elijah Hicks,0810,15
Jonathan Ford,Jamree Kromah,0810,47
Jonathan Ford,Jeremiah Walker,0810,54
Jonathan Ford,Jonathan Owens,0810,30
Jonathan Ford,Josh Blackwell,0810,17
Jonathan Ford,Kaleb Hayes,0810,21
Jonathan Ford,Major Burns,0810,2
Jonathan Ford,Mark Perry,0810,26
Jonathan Ford,Mekhi Garner,0810,30
Jonathan Ford,Nahshon Wright,0810,7
Jonathan Ford,Nick McCloud,0810,9
Jonathan Ford,Noah Sewell,0810,16
Jonathan Ford,Power Echols,0810,50
Jonathan Ford,Ruben Hyppolite II,0810,29
Jonathan Ford,Swayze Bozeman,0810,32
Jonathan Ford,Tanoh Kpassagnon,0810,8
Jonathan Ford,Terell Smith,0810,20
Jonathan Ford,Tre Flowers,0810,51
Jonathan Ford,Tyrique Stevenson,0810,7
Jonathan Ford,Tysheem Johnson,0810,25
Jonathan Ford,Xavier Carlton,0810,38
Jonathan Ford,Zacch Pickens,0810,66
Jonathan Garvin,Alfred Collins,4500,41
Jonathan Garvin,Bradlee Anae,4500,15
Jonathan Garvin,Bruce Hector,4500,4
Jonathan Garvin,Bryce Huff,4500,14
Jonathan Garvin,CJ West,4500,17
Jonathan Garvin,Chase Lucas,4500,43
Jonathan Garvin,Chazz Surratt,4500,16
Jonathan Garvin,Curtis Robinson,4500,4
Jonathan Garvin,Dallis Flowers,4500,59
Jonathan Garvin,Darrell Luter Jr.,4500,49
Jonathan Garvin,Dee Winters,4500,14
Jonathan Garvin,Deommodore Lenoir,4500,7
Jonathan Garvin,Derrick Canteen,4500,38
Jonathan Garvin,Evan Anderson,4500,16
Jonathan Garvin,Jakob Robinson,4500,7
Jonathan Garvin,Jalen Graham,4500,23
Jonathan Garvin,Jason Pinnock,4500,7
Jonathan Garvin,Jaylen Mahoney,4500,18
Jonathan Garvin,Jaylon Allen,4500,5
Jonathan Garvin,Ji'Ayir Brown,4500,33
Jonathan Garvin,Jordan Elliott,4500,5
Jonathan Garvin,Kalia Davis,4500,28
Jonathan Garvin,Luke Gifford,4500,16
Jonathan Garvin,Marques Sigle,4500,51
Jonathan Garvin,Michael Dwumfour,4500,4
Jonathan Garvin,Nick Martin,4500,36
Jonathan Garvin,Renardo Green,4500,7
Jonathan Garvin,Robert Beal Jr.,4500,14
Jonathan Garvin,Sam Okuayinonu,4500,3
Jonathan Garvin,Sebastian Valdez,4500,23
Jonathan Garvin,Siran Neal,4500,4
Jonathan Garvin,Stone Blanton,4500,9
Jonathan Garvin,Tatum Bethune,4500,40
Jonathan Garvin,Tre Brown,4500,2
Jonathan Garvin,Trevis Gipson,4500,18
Jonathan Harris,Ambry Thomas,3000,30
Jonathan Harris,Austin Keys,3000,42
Jonathan Harris,Bo Richter,3000,33
Jonathan Harris,Brian Asamoah,3000,4
Jonathan Harris,Cam Gill,3000,37
Jonathan Harris,Chaz Chambliss,3000,54
Jonathan Harris,Dallas Turner,3000,1
Jonathan Harris,Dorian Mausi,3000,34
Jonathan Harris,Dwight McGlothern,3000,40
Jonathan Harris,Elijah Williams,3000,24
Jonathan Harris,Eric Wilson,3000,1
Jonathan Harris,Gabriel Murphy,3000,25
Jonathan Harris,Gervarrius Owens,3000,17
Jonathan Harris,Isaiah Rodgers,3000,2
Jonathan Harris,Ivan Pace Jr.,3000,2
Jonathan Harris,Jalen Redmond,3000,1
Jonathan Harris,Jay Ward,3000,45
Jonathan Harris,Jeff Okudah,3000,2
Jonathan Harris,Kahlef Hailassie,3000,17
Jonathan Harris,Keenan Garber,3000,6
Jonathan Harris,Kobe King,3000,58
Jonathan Harris,Levi Drake Rodriguez,3000,16
Jonathan Harris,Mekhi Blackmon,3000,45
Jonathan Harris,Mishael Powell,3000,32
Jonathan Harris,Reddy Steward,3000,17
Jonathan Harris,Taki Taimani,3000,37
Jonathan Harris,Tavierre Thomas,3000,44
Jonathan Harris,Theo Jackson,3000,2
Jonathan Harris,Travis Bell,3000,34
Jonathan Harris,Tyler Batty,3000,12
Jonathan Harris,Tyrion Ingram-Dawkins,3000,29
Jonathan Harris,Zemaiah Vaughn,3000,37
Jonathan Mendoza,Barry Wesley,3300,24
Jonathan Mendoza,Cam Akers,3300,11
Jonathan Mendoza,Cedrick Wilson Jr.,3300,28
Jonathan Mendoza,Clyde Edwards-Helaire,3300,2
Jonathan Mendoza,Dante Pettis,3300,34
Jonathan Mendoza,Devin Neal,3300,13
Jonathan Mendoza,Donovan Peoples-Jones,3300,5
Jonathan Mendoza,Easton Kilty,3300,43
Jonathan Mendoza,Jake Haener,3300,16
Jonathan Mendoza,Josiah Ezirim,3300,25
Jonathan Mendoza,Kevin Austin Jr.,3300,46
Jonathan Mendoza,Kyle Hergel,3300,25
Jonathan Mendoza,Landon Young,3300,9
Jonathan Mendoza,Luke Fortner,3300,6
Jonathan Mendoza,Marcus Yarns,3300,15
Jonathan Mendoza,Mason Tipton,3300,46
Jonathan Mendoza,Michael Jacobson,3300,17
Jonathan Mendoza,Mike Panasiuk,3300,15
Jonathan Mendoza,Moliki Matavao,3300,25
Jonathan Mendoza,Moochie Dixon,3300,6
Jonathan Mendoza,Roderick Daniels Jr.,3300,5
Jonathan Mendoza,Seth Green,3300,13
Jonathan Mendoza,Shane Lemieux,3300,42
Jonathan Mendoza,Spencer Rattler,3300,18
Jonathan Mendoza,Torricelli Simpkins III,3300,43
Jonathan Mendoza,Treyton Welch,3300,7
Jonathan Mendoza,Tyler Shough,3300,24
Jonathan Mendoza,Velus Jones Jr.,3300,17
Jonathan Mingo,Asim Richards,1200,7
Jonathan Mingo,Brock Hoffman,1200,26
Jonathan Mingo,Cooper Beebe,1200,11
Jonathan Mingo,Deuce Vaughn,1200,20
Jonathan Mingo,Hakeem Adeniji,1200,37
Jonathan Mingo,Hunter Luepke,1200,5
Jonathan Mingo,Jalen Cropper,1200,28
Jonathan Mingo,Jalen Tolbert,1200,24
Jonathan Mingo,Joe Milton III,1200,37
Jonathan Mingo,John Stephens Jr.,1200,10
Jonathan Mingo,Luke Schoonmaker,1200,24
Jonathan Mingo,Miles Sanders,1200,10
Jonathan Mingo,Nathan Thomas,1200,30
Jonathan Mingo,Phil Mafah,1200,7
Jonathan Mingo,Princeton Fant,1200,3
Jonathan Mingo,Rivaldo Fairweather,1200,3
Jonathan Mingo,Ryan Flournoy,1200,13
Jonathan Mingo,Saahdiq Charles,1200,15
Jonathan Mingo,TJ Bass,1200,37
Jonathan Mingo,Tyler Booker,1200,22
Jonathan Mingo,Tyler Neville,1200,1
Jonathan Owens,Alex Cook,0810,41
Jonathan Owens,Amen Ogbongbemiga,0810,17
Jonathan Owens,Andrew Billings,0810,25
Jonathan Owens,Austin Booker,0810,29
Jonathan Owens,Carl Jones,0810,2
Jonathan Owens,Chris Williams,0810,40
Jonathan Owens,Daniel Hardy,0810,17
Jonathan Owens,Dominique Robinson,0810,44
Jonathan Owens,Elijah Hicks,0810,23
Jonathan Owens,Jamree Kromah,0810,11
Jonathan Owens,Jeremiah Walker,0810,18
Jonathan Owens,Jonathan Ford,0810,30
Jonathan Owens,Josh Blackwell,0810,13
Jonathan Owens,Major Burns,0810,7
Jonathan Owens,Mekhi Garner,0810,20
Jonathan Owens,Nahshon Wright,0810,15
Jonathan Owens,Nick McCloud,0810,31
Jonathan Owens,Noah Sewell,0810,53
Jonathan Owens,Power Echols,0810,18
Jonathan Owens,Ruben Hyppolite II,0810,69
Jonathan Owens,Swayze Bozeman,0810,3
Jonathan Owens,Tanoh Kpassagnon,0810,39
Jonathan Owens,Terell Smith,0810,25
Jonathan Owens,Tre Flowers,0810,56
Jonathan Owens,Tyrique Stevenson,0810,15
Jonathan Owens,Xavier Carlton,0810,10
Jonathan Owens,Zacch Pickens,0810,39
Jonathan Taylor,Adonai Mitchell,2200,10
Jonathan Taylor,Anthony Gould,2200,7
Jonathan Taylor,Braden Smith,2200,10
Jonathan Taylor,Daniel Jones,2200,10
Jonathan Taylor,Jalen Travis,2200,10
Jonathan Taylor,Matt Goncalves,2200,10
Jonathan Taylor,Michael Pittman,2200,10
Jonathan Taylor,Mo Alie-Cox,2200,4
Jonathan Taylor,Quenton Nelson,2200,10
Jonathan Taylor,Tanor Bortolini,2200,10
Jonathan Taylor,Tyler Warren,2200,9
Jonathan Ward,Aaron Stinnie,3410,30
Jonathan Ward,Antwane Wells Jr.,3410,18
Jonathan Ward,Austin Schlottmann,3410,26
Jonathan Ward,Beaux Collins,3410,8
Jonathan Ward,Bryan Hudson,3410,39
Jonathan Ward,Da'Quan Felton,3410,13
Jonathan Ward,Dalen Cambre,3410,15
Jonathan Ward,Evan Neal,3410,10
Jonathan Ward,Greg Dulcich,3410,18
Jonathan Ward,Gunner Olszewski,3410,17
Jonathan Ward,Ihmir Smith-Marsette,3410,8
Jonathan Ward,Jaison Williams,3410,24
Jonathan Ward,Jake Kubas,3410,33
Jonathan Ward,Jalin Hyatt,3410,6
Jonathan Ward,Jameis Winston,3410,18
Jonathan Ward,Jaxson Dart,3410,12
Jonathan Ward,Jermaine Terry,3410,20
Jonathan Ward,Jimmy Morrissey,3410,29
Jonathan Ward,Jordan Bly,3410,16
Jonathan Ward,Joshua Ezeudu,3410,22
Jonathan Ward,Lil'Jordan Humphrey,3410,28
Jonathan Ward,Marcus Mbow,3410,33
Jonathan Ward,Montrell Washington,3410,24
Jonathan Ward,Stone Forsythe,3410,49
Jonathan Ward,Thomas Fidone II,3410,28
Jonathan Ward,Tommy DeVito,3410,29
Jonathan Ward,Zach Pascal,3410,17
Jonathon Cooper,Alex Singleton,1400,10
Jonathon Cooper,Brandon Jones,1400,20
Jonathon Cooper,D.J. Jones,1400,10
Jonathon Cooper,Dondrea Tillman,1400,3
Jonathon Cooper,Eyioma Uwazurike,1400,3
Jonathon Cooper,Ja'Quan McMillian,1400,7
Jonathon Cooper,Jahdae Barron,1400,5
Jonathon Cooper,John Franklin-Myers,1400,9
Jonathon Cooper,Jonah Elliss,1400,7
Jonathon Cooper,Jordan Jackson,1400,3
Jonathon Cooper,Justin Strnad,1400,18
Jonathon Cooper,Levelle Bailey,1400,10
Jonathon Cooper,Malcolm Roach,1400,11
Jonathon Cooper,Nik Bonitto,1400,10
Jonathon Cooper,Pat Surtain II,1400,20
Jonathon Cooper,Riley Moss,1400,20
Jonathon Cooper,Talanoa Hufanga,1400,20
Jonathon Cooper,Zach Allen,1400,14
Jordan Addison,Brian O'Neill,3000,12
Jordan Addison,C.J. Ham,3000,3
Jordan Addison,Donovan Jackson,3000,12
Jordan Addison,J.J. McCarthy,3000,12
Jordan Addison,Jalen Nailor,3000,12
Jordan Addison,Jordan Mason,3000,12
Jordan Addison,Josh Oliver,3000,8
Jordan Addison,Justin Skule,3000,12
Jordan Addison,Lucky Jackson,3000,5
Jordan Addison,Ryan Kelly,3000,12
Jordan Addison,T.J. Hockenson,3000,8
Jordan Addison,Will Fries,3000,12
Jordan Battle,Cam Taylor-Britt,0920,7
Jordan Battle,DJ Turner II,0920,14
Jordan Battle,Daijahn Anthony,0920,13
Jordan Battle,Daxton Hill,0920,7
Jordan Battle,Demetrius Knight Jr.,0920,21
Jordan Battle,Geno Stone,0920,4
Jordan Battle,Jalen Davis,0920,8
Jordan Battle,Joseph Ossai,0920,21
Jordan Battle,Josh Newton,0920,20
Jordan Battle,Kris Jenkins,0920,21
Jordan Battle,Logan Wilson,0920,21
Jordan Battle,Myles Murphy,0920,14
Jordan Battle,Oren Burks,0920,7
Jordan Battle,Shemar Stewart,0920,8
Jordan Battle,Tedarrell Slaton,0920,20
Jordan Battle,Tycen Anderson,0920,4
Jordan Bly,Aaron Stinnie,3410,9
Jordan Bly,Antwane Wells Jr.,3410,15
Jordan Bly,Austin Schlottmann,3410,5
Jordan Bly,Bryan Hudson,3410,35
Jordan Bly,Dalen Cambre,3410,7
Jordan Bly,Dante Miller,3410,19
Jordan Bly,Greg Dulcich,3410,14
Jordan Bly,Gunner Olszewski,3410,8
Jordan Bly,Ihmir Smith-Marsette,3410,4
Jordan Bly,Jaison Williams,3410,26
Jordan Bly,Jake Kubas,3410,20
Jordan Bly,Jameis Winston,3410,5
Jordan Bly,Jermaine Terry,3410,11
Jordan Bly,Jimmy Morrissey,3410,30
Jordan Bly,Jonathan Ward,3410,16
Jordan Bly,Joshua Ezeudu,3410,12
Jordan Bly,Lil'Jordan Humphrey,3410,9
Jordan Bly,Marcus Mbow,3410,8
Jordan Bly,Montrell Washington,3410,9
Jordan Bly,Stone Forsythe,3410,30
Jordan Bly,Thomas Fidone II,3410,17
Jordan Bly,Tommy DeVito,3410,30
Jordan Bly,Zach Pascal,3410,11
Jordan Burch,Akeem Davis-Gaither,3800,21
Jordan Burch,Anthony Goodlow,3800,17
Jordan Burch,Benton Whitley,3800,5
Jordan Burch,Cody Simon,3800,26
Jordan Burch,Dadrion Taylor-Demerson,3800,27
Jordan Burch,Dante Stills,3800,9
Jordan Burch,Darren Hall,3800,21
Jordan Burch,Denzel Burke,3800,35
Jordan Burch,Ekow Boye-Doe,3800,1
Jordan Burch,Elijah Jones,3800,1
Jordan Burch,Elijah Simmons,3800,11
Jordan Burch,Elliott Brown,3800,4
Jordan Burch,Jammie Robinson,3800,6
Jordan Burch,Jaylon Jones,3800,15
Jordan Burch,Joey Blount,3800,26
Jordan Burch,Kei'Trel Clark,3800,17
Jordan Burch,Kitan Crawford,3800,30
Jordan Burch,Kyon Barrs,3800,16
Jordan Burch,L.J. Collier,3800,25
Jordan Burch,Max Melton,3800,9
Jordan Burch,Mykal Walker,3800,6
Jordan Burch,Owen Pappoe,3800,26
Jordan Burch,PJ Mustipher,3800,24
Jordan Burch,Patrick Jenkins,3800,9
Jordan Burch,Will Johnson,3800,27
Jordan Burch,Xavier Thomas,3800,36
Jordan Clark,Aaron Smith,3430,23
Jordan Clark,Braiden McGregor,3430,31
Jordan Clark,Dean Clark,3430,55
Jordan Clark,Derrick Nnadi,3430,16
Jordan Clark,Eric Watts,3430,28
Jordan Clark,Fatorma Mulbah,3430,29
Jordan Clark,Francisco Mauigoa,3430,21
Jordan Clark,Isaiah Oliver,3430,8
Jordan Clark,Ja'Markis Weston n,3430,26
Jordan Clark,Jackson Sirmon,3430,28
Jordan Clark,Jarius Monroe,3430,43
Jordan Clark,Jarrick Bernard-Converse,3430,26
Jordan Clark,Kingsley Jonathan,3430,24
Jordan Clark,Leonard Taylor III,3430,28
Jordan Clark,Malachi Moore,3430,18
Jordan Clark,Mario Goodrich,3430,45
Jordan Clark,Michael Fletcher,3430,20
Jordan Clark,Payton Page,3430,38
Jordan Clark,Phidarian Mathis,3430,9
Jordan Clark,Qwan'tez Stiggers,3430,12
Jordan Clark,Tanner McCalister,3430,45
Jordan Clark,Tyler Baron,3430,29
Jordan Clark,Zaire Barnes,3430,28
Jordan Colbert,Alex Huntley,2700,31
Jordan Colbert,BJ Adams,2700,41
Jordan Colbert,Ben Stille,2700,38
Jordan Colbert,Cam Smith,2700,26
Jordan Colbert,Cameron Dantzler,2700,13
Jordan Colbert,Cameron Goode,2700,45
Jordan Colbert,Channing Tindall,2700,64
Jordan Colbert,Cornell Armstrong,2700,25
Jordan Colbert,Dequan Jackson,2700,45
Jordan Colbert,Derrick McLendon,2700,54
Jordan Colbert,Ethan Bonner,2700,7
Jordan Colbert,Ethan Robinson,2700,34
Jordan Colbert,Eugene Asante,2700,35
Jordan Colbert,Grayson Murphy,2700,45
Jordan Colbert,Isaiah Johnson,2700,42
Jordan Colbert,Jack Jones,2700,20
Jordan Colbert,Jason Marshall Jr.,2700,31
Jordan Colbert,John Saunders Jr.,2700,53
Jordan Colbert,Jordan Phillips,2700,13
Jordan Colbert,K.J. Britt,2700,7
Jordan Colbert,Kenneth Grant,2700,6
Jordan Colbert,Matt Dickerson,2700,32
Jordan Colbert,Matthew Butler,2700,20
Jordan Colbert,Mike Hilton,2700,1
Jordan Colbert,Mohamed Kamara,2700,8
Jordan Colbert,Patrick McMorris,2700,23
Jordan Colbert,Quinton Bell,2700,16
Jordan Colbert,Storm Duck,2700,5
Jordan Colbert,Willie Gay Jr.,2700,7
Jordan Colbert,Zeek Biggers,2700,53
Jordan Elliott,Alfred Collins,4500,9
Jordan Elliott,Chazz Surratt,4500,14
Jordan Elliott,Dallis Flowers,4500,14
Jordan Elliott,Darrell Luter Jr.,4500,3
Jordan Elliott,Derrick Canteen,4500,9
Jordan Elliott,Evan Anderson,4500,5
Jordan Elliott,Jalen Graham,4500,14
Jordan Elliott,Ji'Ayir Brown,4500,14
Jordan Elliott,Jonathan Garvin,4500,5
Jordan Elliott,Luke Gifford,4500,5
Jordan Elliott,Marques Sigle,4500,14
Jordan Elliott,Renardo Green,4500,11
Jordan Elliott,Robert Beal Jr.,4500,5
Jordan Elliott,Sam Okuayinonu,4500,12
Jordan Elliott,Trevis Gipson,4500,6
Jordan Fuller,Arnold Ebiketie,0200,22
Jordan Fuller,Billy Bowman Jr.,0200,13
Jordan Fuller,Bralen Trice,0200,17
Jordan Fuller,Brandon Dorlus,0200,14
Jordan Fuller,Caleb Johnson,0200,15
Jordan Fuller,Cobee Bryant,0200,6
Jordan Fuller,DeAngelo Malone,0200,18
Jordan Fuller,DeMarcco Hellams,0200,9
Jordan Fuller,Dee Alford,0200,23
Jordan Fuller,Henry Black,0200,3
Jordan Fuller,JD Bertrand,0200,8
Jordan Fuller,Jalon Walker,0200,11
Jordan Fuller,James Pearce Jr.,0200,32
Jordan Fuller,Josh Woods,0200,29
Jordan Fuller,Kentavius Street,0200,16
Jordan Fuller,Khalid Kareem,0200,2
Jordan Fuller,LaCale London,0200,12
Jordan Fuller,Lamar Jackson,0200,40
Jordan Fuller,Mike Ford,0200,7
Jordan Fuller,Morgan Fox,0200,12
Jordan Fuller,Natrone Brooks,0200,35
Jordan Fuller,Ronnie Harrison,0200,15
Jordan Fuller,Ruke Orhorhoro,0200,26
Jordan Fuller,Ta'Quon Graham,0200,8
Jordan Fuller,Xavier Watts,0200,32
Jordan Fuller,Zach Harrison,0200,15
Jordan Hancock,A.J. Epenesa,0610,15
Jordan Hancock,Brandon Codrington,0610,56
Jordan Hancock,Casey Rogers,0610,22
Jordan Hancock,Daequan Hardy,0610,5
Jordan Hancock,Damar Hamlin,0610,14
Jordan Hancock,Dane Jackson,0610,56
Jordan Hancock,Darrick Forrest,0610,35
Jordan Hancock,DeWayne Carter,0610,15
Jordan Hancock,Deone Walker,0610,34
Jordan Hancock,Dorian Strong,0610,78
Jordan Hancock,Dorian Williams,0610,37
Jordan Hancock,Edefuan Ulofoshio,0610,38
Jordan Hancock,Ja'Marcus Ingram,0610,31
Jordan Hancock,Javon Solomon,0610,36
Jordan Hancock,Jimmy Ciarlo,0610,9
Jordan Hancock,Joe Andreessen,0610,53
Jordan Hancock,Justin Hollins,0610,19
Jordan Hancock,Keonta Jenkins,0610,33
Jordan Hancock,Landon Jackson,0610,42
Jordan Hancock,Larry Ogunjobi,0610,8
Jordan Hancock,Marcus Harris,0610,25
Jordan Hancock,Michael Hoecht,0610,34
Jordan Hancock,Paris Shand,0610,24
Jordan Hancock,T.J. Sanders,0610,34
Jordan Hancock,Te'Cory Couch,0610,27
Jordan Hancock,Tre Herndon,0610,25
Jordan Hancock,Wande Owens,0610,13
Jordan Hancock,Zion Logue,0610,32
Jordan Howden,Bryan Bresee,3300,10
Jordan Howden,Cameron Jordan,3300,1
Jordan Howden,Carl Granderson,3300,1
Jordan Howden,Chase Young,3300,2
Jordan Howden,Chris Rumph II,3300,55
Jordan Howden,D'Marco Jackson,3300,43
Jordan Howden,Danny Stutsman,3300,68
Jordan Howden,Davon Godchaux,3300,1
Jordan Howden,Demario Davis,3300,2
Jordan Howden,Fadil Diggs,3300,57
Jordan Howden,Isaac Yiadom,3300,32
Jordan Howden,Isaiah Foskey,3300,60
Jordan Howden,Isaiah Stalbird,3300,16
Jordan Howden,Jasheen Davis,3300,14
Jordan Howden,Jayden Peevy,3300,9
Jordan Howden,Jayden Price,3300,6
Jordan Howden,Jaylan Ford,3300,17
Jordan Howden,Jeremiah Martin,3300,7
Jordan Howden,John Ridgeway,3300,13
Jordan Howden,Jonah Williams,3300,57
Jordan Howden,Jonas Sanker,3300,70
Jordan Howden,Jonathan Bullard,3300,27
Jordan Howden,Julian Blackmon,3300,10
Jordan Howden,Justin Reid,3300,1
Jordan Howden,Khalen Saunders,3300,23
Jordan Howden,Khristian Boyd,3300,29
Jordan Howden,Kool-Aid McKinstry,3300,10
Jordan Howden,Nathan Shepherd,3300,7
Jordan Howden,Nephi Sewell,3300,47
Jordan Howden,Omari Thomas,3300,5
Jordan Howden,Pete Werner,3300,1
Jordan Howden,Quincy Riley,3300,88
Jordan Howden,Rejzohn Wright,3300,33
Jordan Howden,Rico Payton,3300,33
Jordan Howden,Terrell Burgess,3300,21
Jordan Howden,Ugo Amadi,3300,56
Jordan Howden,Vernon Broughton,3300,48
Jordan Jackson,Andrew Farmer,1400,7
Jordan Jackson,Brandon Jones,1400,3
Jordan Jackson,D.J. Jones,1400,2
Jordan Jackson,Damarri Mathis,1400,40
Jordan Jackson,Delarrin Turner-Yell,1400,8
Jordan Jackson,Devon Key,1400,36
Jordan Jackson,Dondrea Tillman,1400,38
Jordan Jackson,Eyioma Uwazurike,1400,41
Jordan Jackson,Garret Wallow,1400,2
Jordan Jackson,Garrett Nelson,1400,4
Jordan Jackson,J.B. Brown,1400,1
Jordan Jackson,JL Skinner,1400,13
Jordan Jackson,Ja'Quan McMillian,1400,7
Jordan Jackson,Jaden Robinson,1400,8
Jordan Jackson,Jahdae Barron,1400,23
Jordan Jackson,Jonah Elliss,1400,39
Jordan Jackson,Jonathon Cooper,1400,3
Jordan Jackson,Jordan Miller,1400,16
Jordan Jackson,Jordan Turner,1400,14
Jordan Jackson,Joshua Pickett,1400,6
Jordan Jackson,Justin Strnad,1400,20
Jordan Jackson,Karene Reid,1400,26
Jordan Jackson,Keidron Smith,1400,13
Jordan Jackson,Kris Abrams-Draine,1400,48
Jordan Jackson,Kristian Williams,1400,3
Jordan Jackson,Levelle Bailey,1400,46
Jordan Jackson,Malcolm Roach,1400,3
Jordan Jackson,Micah Abraham,1400,6
Jordan Jackson,Nik Bonitto,1400,3
Jordan Jackson,P.J. Locke,1400,36
Jordan Jackson,Pat Surtain II,1400,3
Jordan Jackson,Que Robinson,1400,26
Jordan Jackson,Quinton Newsome,1400,17
Jordan Jackson,Riley Moss,1400,3
Jordan Jackson,Sai'vion Jones,1400,22
Jordan Jackson,Sam Franklin Jr.,1400,8
Jordan Jackson,Talanoa Hufanga,1400,3
Jordan Jackson,Zach Allen,1400,3
Jordan Jefferson,Andrew Wingard,2250,9
Jordan Jefferson,Antonio Johnson,2250,41
Jordan Jefferson,Austin Johnson,2250,16
Jordan Jefferson,Aydan White,2250,31
Jordan Jefferson,BJ Green II,2250,33
Jordan Jefferson,Branson Combs,2250,19
Jordan Jefferson,Cam'Ron Silmon-Craig,2250,33
Jordan Jefferson,Chad Muma,2250,58
Jordan Jefferson,Christian Braswell,2250,32
Jordan Jefferson,Daniel Thomas,2250,30
Jordan Jefferson,Danny Striggow,2250,50
Jordan Jefferson,Darnell Savage,2250,17
Jordan Jefferson,Dawuane Smoot,2250,15
Jordan Jefferson,Deantre Prince,2250,39
Jordan Jefferson,Dennis Gardeck,2250,3
Jordan Jefferson,Devin Lloyd,2250,6
Jordan Jefferson,Doneiko Slaughter,2250,27
Jordan Jefferson,Eli Mostaert,2250,2
Jordan Jefferson,Emmanuel Ogbah,2250,15
Jordan Jefferson,Ethan Downs,2250,13
Jordan Jefferson,Jabbar Muhammad,2250,39
Jordan Jefferson,Jack Kiser,2250,46
Jordan Jefferson,Jarrian Jones,2250,2
Jordan Jefferson,Keivie Rose,2250,42
Jordan Jefferson,Keni-H Lovely,2250,20
Jordan Jefferson,Maason Smith,2250,8
Jordan Jefferson,Myles Cole,2250,28
Jordan Jefferson,Rayuan Lane III,2250,34
Jordan Jefferson,Travis Hunter,2250,4
Jordan Jefferson,Tyler Lacy,2250,9
Jordan Jefferson,Ventrell Miller,2250,23
Jordan Jefferson,Yasir Abdullah,2250,21
Jordan Jefferson,Zech McPhearson,2250,5
Jordan Love,Aaron Banks,1800,10
Jordan Love,Chris Brooks,1800,9
Jordan Love,Elgton Jenkins,1800,10
Jordan Love,Jordan Morgan,1800,10
Jordan Love,Josh Jacobs,1800,1
Jordan Love,Luke Musgrave,1800,7
Jordan Love,Malik Heath,1800,5
Jordan Love,Matthew Golden,1800,10
Jordan Love,Romeo Doubs,1800,10
Jordan Love,Sean Rhyan,1800,10
Jordan Love,Tucker Kraft,1800,8
Jordan Love,Zach Tom,1800,10
Jordan Magee,Andre Jones Jr.,5110,4
Jordan Magee,Antonio Hamilton,5110,8
Jordan Magee,Ben Nikkel,5110,3
Jordan Magee,Carl Davis,5110,7
Jordan Magee,Clelin Ferrell,5110,6
Jordan Magee,Daryl Worley,5110,14
Jordan Magee,Duke Riley,5110,3
Jordan Magee,Eddie Goldman,5110,8
Jordan Magee,Jalyn Holmes,5110,11
Jordan Magee,Javontae Jean-Baptiste,5110,7
Jordan Magee,Jer'Zhan Newton,5110,6
Jordan Magee,Kain Medrano,5110,14
Jordan Magee,Noah Igbinoghene,5110,11
Jordan Magee,Robert McDaniel,5110,14
Jordan Magee,Sheldon Day,5110,8
Jordan Magee,Trey Amos,5110,14
Jordan Magee,Tyler Owens,5110,2
Jordan Mason,Brian O'Neill,3000,12
Jordan Mason,C.J. Ham,3000,3
Jordan Mason,Donovan Jackson,3000,12
Jordan Mason,J.J. McCarthy,3000,12
Jordan Mason,Jalen Nailor,3000,12
Jordan Mason,Jordan Addison,3000,12
Jordan Mason,Josh Oliver,3000,8
Jordan Mason,Justin Skule,3000,12
Jordan Mason,Lucky Jackson,3000,5
Jordan Mason,Ryan Kelly,3000,12
Jordan Mason,T.J. Hockenson,3000,8
Jordan Mason,Will Fries,3000,12
Jordan McFadden,Austin Reed,0810,38
Jordan McFadden,Braxton Jones,0810,15
Jordan McFadden,Brittain Brown,0810,65
Jordan McFadden,Case Keenum,0810,12
Jordan McFadden,Chris Glaser,0810,86
Jordan McFadden,Deion Hankins,0810,12
Jordan McFadden,Devin Duvernay,0810,7
Jordan McFadden,Durham Smythe,0810,46
Jordan McFadden,Ian Wheeler,0810,51
Jordan McFadden,JP Richardson,0810,35
Jordan McFadden,Jahdae Walker,0810,65
Jordan McFadden,Joel Wilson,0810,85
Jordan McFadden,John Jackson,0810,12
Jordan McFadden,Joshua Miles,0810,80
Jordan McFadden,Kiran Amegadjie,0810,55
Jordan McFadden,Kyle Monangai,0810,17
Jordan McFadden,Luke Newman,0810,76
Jordan McFadden,Luther Burden III,0810,75
Jordan McFadden,Maurice Alexander,0810,70
Jordan McFadden,Miles Boykin,0810,8
Jordan McFadden,Ozzy Trapilo,0810,92
Jordan McFadden,Ricky Stromberg,0810,81
Jordan McFadden,Royce Freeman,0810,12
Jordan McFadden,Ryan Bates,0810,81
Jordan McFadden,Samori Toure,0810,76
Jordan McFadden,Stephen Carlson,0810,67
Jordan McFadden,Theo Benedet,0810,82
Jordan McFadden,Thomas Gordon,0810,13
Jordan McFadden,Travis Homer,0810,5
Jordan McFadden,Tyler Scott,0810,89
Jordan McFadden,Tyson Bagent,0810,112
Jordan Meredith,Aidan O'Connell,2520,31
Jordan Meredith,Alex Bachman,2520,25
Jordan Meredith,Ashton Jeanty,2520,25
Jordan Meredith,Brock Bowers,2520,11
Jordan Meredith,Caleb Rogers,2520,31
Jordan Meredith,Carter Runyon,2520,6
Jordan Meredith,Charles Grant,2520,25
Jordan Meredith,Chris Collier,2520,3
Jordan Meredith,Collin Johnson,2520,20
Jordan Meredith,DJ Glaze,2520,34
Jordan Meredith,Dont'e Thornton Jr.,2520,33
Jordan Meredith,Dylan Laube,2520,4
Jordan Meredith,Dylan Parham,2520,28
Jordan Meredith,Geno Smith,2520,28
Jordan Meredith,Ian Thomas,2520,12
Jordan Meredith,Jack Bech,2520,22
Jordan Meredith,Jackson Powers-Johnson,2520,59
Jordan Meredith,Jakobi Meyers,2520,26
Jordan Meredith,Justin Shorter,2520,4
Jordan Meredith,Kolton Miller,2520,28
Jordan Meredith,Michael Mayer,2520,24
Jordan Meredith,Phillip Dorsett,2520,11
Jordan Meredith,Qadir Ismail,2520,10
Jordan Meredith,Raheem Mostert,2520,5
Jordan Meredith,Shedrick Jackson,2520,4
Jordan Meredith,Sincere McCormick,2520,13
Jordan Meredith,Thayer Munford Jr.,2520,33
Jordan Meredith,Tre Tucker,2520,26
Jordan Meredith,Zamir White,2520,9
Jordan Miller,Andrew Farmer,1400,14
Jordan Miller,Damarri Mathis,1400,28
Jordan Miller,Delarrin Turner-Yell,1400,14
Jordan Miller,Devon Key,1400,14
Jordan Miller,Dondrea Tillman,1400,21
Jordan Miller,Eyioma Uwazurike,1400,23
Jordan Miller,Garret Wallow,1400,8
Jordan Miller,Garrett Nelson,1400,13
Jordan Miller,J.B. Brown,1400,5
Jordan Miller,JL Skinner,1400,22
Jordan Miller,Ja'Quan McMillian,1400,3
Jordan Miller,Jaden Robinson,1400,18
Jordan Miller,Jahdae Barron,1400,8
Jordan Miller,Jonah Elliss,1400,21
Jordan Miller,Jordan Jackson,1400,16
Jordan Miller,Jordan Turner,1400,25
Jordan Miller,Joshua Pickett,1400,11
Jordan Miller,Justin Strnad,1400,10
Jordan Miller,Karene Reid,1400,19
Jordan Miller,Keidron Smith,1400,22
Jordan Miller,Kris Abrams-Draine,1400,31
Jordan Miller,Kristian Williams,1400,13
Jordan Miller,Levelle Bailey,1400,22
Jordan Miller,Micah Abraham,1400,8
Jordan Miller,Michael Dwumfour,1400,3
Jordan Miller,P.J. Locke,1400,14
Jordan Miller,Que Robinson,1400,31
Jordan Miller,Quinton Newsome,1400,18
Jordan Miller,Sai'vion Jones,1400,31
Jordan Miller,Sam Franklin Jr.,1400,14
Jordan Mims,Andrew Rupcich,2100,44
Jordan Mims,Arlington Hambright,2100,6
Jordan Mims,Blake Hance,2100,1
Jordan Mims,Brandon Allen,2100,20
Jordan Mims,Brandon Crenshaw-Dickson,2100,27
Jordan Mims,Brenden Jaimes,2100,23
Jordan Mims,Bryce Oliver,2100,16
Jordan Mims,David Martin-Robinson,2100,10
Jordan Mims,Drake Dabney,2100,16
Jordan Mims,Jackson Slater,2100,49
Jordan Mims,Jaelyn Duncan,2100,36
Jordan Mims,James Proche,2100,18
Jordan Mims,Jha'Quan Jackson,2100,16
Jordan Mims,John Ojukwu,2100,23
Jordan Mims,Josh Whyle,2100,22
Jordan Mims,Mason Kinsey,2100,35
Jordan Mims,Matt Landers,2100,6
Jordan Mims,Olisaemeka Udoh,2100,14
Jordan Mims,Sam Mustipher,2100,27
Jordan Mims,T.J. Sheffield,2100,20
Jordan Mims,Thomas Odukoya,2100,11
Jordan Mims,Tim Boyle,2100,9
Jordan Mims,Trevor Siemian,2100,21
Jordan Mims,Xavier Restrepo,2100,30
Jordan Moore,Andrew Coker,0920,46
Jordan Moore,Andrew Raym,0920,38
Jordan Moore,Andrew Stueber,0920,46
Jordan Moore,Caleb Etienne,0920,25
Jordan Moore,Cam Grandy,0920,12
Jordan Moore,Cole Burgess,0920,26
Jordan Moore,Desmond Ridder,0920,23
Jordan Moore,Gary Brightwell,0920,15
Jordan Moore,Isaiah Williams,0920,2
Jordan Moore,Jake Browning,0920,10
Jordan Moore,Jalen Rivers,0920,10
Jordan Moore,Jamoi Mayes,0920,12
Jordan Moore,Jaxson Kirkland,0920,46
Jordan Moore,Kendall Milton,0920,10
Jordan Moore,Kendric Pryor,0920,18
Jordan Moore,Payton Thorne,0920,13
Jordan Moore,Quali Conley,0920,12
Jordan Moore,Rashod Owens,0920,31
Jordan Moore,Seth McLaughlin,0920,19
Jordan Moore,Tahj Brooks,0920,9
Jordan Moore,Tanner Hudson,0920,13
Jordan Moore,Tanner McLachlan,0920,24
Jordan Morgan,Aaron Banks,1800,10
Jordan Morgan,Amar Johnson,1800,7
Jordan Morgan,Anthony Belton,1800,41
Jordan Morgan,Ben Sims,1800,20
Jordan Morgan,Chris Brooks,1800,23
Jordan Morgan,Cornelius Johnson,1800,13
Jordan Morgan,Donovan Jennings,1800,57
Jordan Morgan,Elgton Jenkins,1800,10
Jordan Morgan,Emanuel Wilson,1800,13
Jordan Morgan,Isaiah Neyor,1800,3
Jordan Morgan,Israel Abanikanda,1800,8
Jordan Morgan,Jacob Monk,1800,41
Jordan Morgan,Jalen White,1800,2
Jordan Morgan,John FitzPatrick,1800,38
Jordan Morgan,Jordan Love,1800,10
Jordan Morgan,Josh Jacobs,1800,3
Jordan Morgan,Julian Hicks,1800,26
Jordan Morgan,Luke Musgrave,1800,18
Jordan Morgan,Malik Heath,1800,47
Jordan Morgan,Malik Willis,1800,57
Jordan Morgan,MarShawn Lloyd,1800,11
Jordan Morgan,Matthew Golden,1800,24
Jordan Morgan,Mecole Hardman,1800,38
Jordan Morgan,Rasheed Walker,1800,16
Jordan Morgan,Romeo Doubs,1800,24
Jordan Morgan,Sean Rhyan,1800,67
Jordan Morgan,Tucker Kraft,1800,15
Jordan Morgan,Will Sheppard,1800,2
Jordan Morgan,Zach Tom,1800,26
Jordan Oladokun,Caleb Murphy,4400,8
Jordan Oladokun,Christopher Hinton,4400,11
Jordan Oladokun,Emany Johnson,4400,12
Jordan Oladokun,Eric Rogers,4400,22
Jordan Oladokun,Garmon Randolph,4400,6
Jordan Oladokun,Jamaree Caldwell,4400,15
Jordan Oladokun,Josh Fuga,4400,10
Jordan Oladokun,Junior Colson,4400,11
Jordan Oladokun,Kana'i Mauga,4400,8
Jordan Oladokun,Kendall Williamson,4400,14
Jordan Oladokun,Kylan Guidry,4400,10
Jordan Oladokun,Kyle Kennard,4400,15
Jordan Oladokun,Marlowe Wax,4400,25
Jordan Oladokun,Myles Purchase,4400,20
Jordan Oladokun,Naquan Jones,4400,8
Jordan Oladokun,Nesta Jade Silvera,4400,3
Jordan Oladokun,Nikko Reed,4400,6
Jordan Oladokun,R.J. Mickens,4400,19
Jordan Oladokun,Scott Matlock,4400,4
Jordan Oladokun,TeRah Edwards,4400,8
Jordan Oladokun,Tony Jefferson,4400,3
Jordan Oladokun,Tre'Mon Morris-Brash,4400,18
Jordan Oladokun,Trikweze Bridges,4400,24
Jordan Petaia,Branson Taylor,4400,3
Jordan Petaia,Corey Stewart,4400,3
Jordan Petaia,DJ Uiagalelei,4400,3
Jordan Petaia,Dalevon Campbell,4400,3
Jordan Petaia,Josh Kaltenberger,4400,3
Jordan Petaia,Kimani Vidal,4400,3
Jordan Petaia,Nash Jones,4400,3
Jordan Petaia,Ryan Nelson,4400,3
Jordan Petaia,Stevo Klotz,4400,3
Jordan Petaia,Tucker Fisk,4400,3
Jordan Phillips,BJ Adams,2700,4
Jordan Phillips,Ben Stille,2700,11
Jordan Phillips,Benito Jones,2700,8
Jordan Phillips,Bradley Chubb,2700,6
Jordan Phillips,Cam Smith,2700,13
Jordan Phillips,Cameron Goode,2700,24
Jordan Phillips,Channing Tindall,2700,37
Jordan Phillips,Chop Robinson,2700,9
Jordan Phillips,Cornell Armstrong,2700,11
Jordan Phillips,Dequan Jackson,2700,21
Jordan Phillips,Derrick McLendon,2700,21
Jordan Phillips,Elijah Campbell,2700,19
Jordan Phillips,Ethan Bonner,2700,2
Jordan Phillips,Ethan Robinson,2700,4
Jordan Phillips,Eugene Asante,2700,10
Jordan Phillips,Grayson Murphy,2700,30
Jordan Phillips,Ifeatu Melifonwu,2700,24
Jordan Phillips,Isaiah Johnson,2700,25
Jordan Phillips,Jack Jones,2700,26
Jordan Phillips,Jaelan Phillips,2700,6
Jordan Phillips,Jason Marshall Jr.,2700,30
Jordan Phillips,John Saunders Jr.,2700,24
Jordan Phillips,Jordan Colbert,2700,13
Jordan Phillips,K.J. Britt,2700,22
Jordan Phillips,Kendall Sheffield,2700,10
Jordan Phillips,Kenneth Grant,2700,5
Jordan Phillips,Matt Dickerson,2700,14
Jordan Phillips,Matthew Butler,2700,18
Jordan Phillips,Matthew Judon,2700,9
Jordan Phillips,Mike Hilton,2700,2
Jordan Phillips,Minkah Fitzpatrick,2700,4
Jordan Phillips,Patrick McMorris,2700,30
Jordan Phillips,Quinton Bell,2700,9
Jordan Phillips,Storm Duck,2700,25
Jordan Phillips,Tyrel Dodson,2700,4
Jordan Phillips,Willie Gay Jr.,2700,21
Jordan Phillips,Zach Sieler,2700,4
Jordan Phillips,Zeek Biggers,2700,15
Jordan Polk,Anfernee Jennings,3200,17
Jordan Polk,Bradyn Swinson,3200,48
Jordan Polk,Brandon Crossley,3200,55
Jordan Polk,Bryce Ganious,3200,6
Jordan Polk,Cam Riley,3200,26
Jordan Polk,Craig Woodson,3200,7
Jordan Polk,David Olajiga,3200,30
Jordan Polk,Dell Pettus,3200,52
Jordan Polk,Elijah Ponder,3200,33
Jordan Polk,Isaiah Bolden,3200,8
Jordan Polk,Isaiah Iton,3200,8
Jordan Polk,Jabrill Peppers,3200,7
Jordan Polk,Jack Gibbens,3200,7
Jordan Polk,Jahvaree Ritzie,3200,30
Jordan Polk,Jeremiah Pharms Jr.,3200,28
Jordan Polk,Josh Minkins,3200,12
Jordan Polk,Joshua Farmer,3200,11
Jordan Polk,Keion White,3200,13
Jordan Polk,Kobee Minor,3200,45
Jordan Polk,Kyle Dugger,3200,37
Jordan Polk,Kyle Peko,3200,26
Jordan Polk,Marcus Epps,3200,51
Jordan Polk,Marte Mapu,3200,20
Jordan Polk,Miles Battle,3200,16
Jordan Polk,Monty Rice,3200,56
Jordan Polk,Philip Blidi,3200,9
Jordan Polk,R.J. Moten,3200,21
Jordan Polk,Tre Avery,3200,24
Jordan Polk,Truman Jones,3200,37
Jordan Turner,Andrew Farmer,1400,31
Jordan Turner,Damarri Mathis,1400,15
Jordan Turner,Delarrin Turner-Yell,1400,34
Jordan Turner,Dondrea Tillman,1400,13
Jordan Turner,Eyioma Uwazurike,1400,18
Jordan Turner,Garret Wallow,1400,13
Jordan Turner,Garrett Nelson,1400,31
Jordan Turner,J.B. Brown,1400,10
Jordan Turner,JL Skinner,1400,20
Jordan Turner,Jaden Robinson,1400,40
Jordan Turner,Jonah Elliss,1400,8
Jordan Turner,Jordan Jackson,1400,14
Jordan Turner,Jordan Miller,1400,25
Jordan Turner,Joshua Pickett,1400,28
Jordan Turner,Karene Reid,1400,26
Jordan Turner,Keidron Smith,1400,20
Jordan Turner,Kris Abrams-Draine,1400,17
Jordan Turner,Kristian Williams,1400,12
Jordan Turner,Micah Abraham,1400,26
Jordan Turner,Michael Dwumfour,1400,16
Jordan Turner,Que Robinson,1400,25
Jordan Turner,Quinton Newsome,1400,20
Jordan Turner,Sai'vion Jones,1400,44
Jordan Turner,Sam Franklin Jr.,1400,34
Jordan Waters,Ben Dooley,2510,16
Jordan Waters,Brennan Presley,2510,16
Jordan Waters,Britain Covey,2510,14
Jordan Waters,Drake Stoops,2510,1
Jordan Waters,Dresser Winn,2510,16
Jordan Waters,John Leglue,2510,10
Jordan Waters,KT Leveston,2510,16
Jordan Waters,Mario Williams,2510,6
Jordan Waters,Mark Redman,2510,8
Jordan Waters,McCallan Castles,2510,9
Jordan Waters,Mike Mcallister,2510,10
Jordan Waters,Trey Wedig,2510,16
Jordan Waters,Tru Edwards,2510,10
Jordan Waters,Willie Lampkin,2510,6
Jordan Waters,Wyatt Bowles,2510,6
Jordan Watkins,Ameer Abdullah,4500,1
Jordan Watkins,Austen Pleasants,4500,23
Jordan Watkins,Ben Bartch,4500,12
Jordan Watkins,Brayden Willis,4500,17
Jordan Watkins,Carter Bradley,4500,14
Jordan Watkins,Connor Colby,4500,20
Jordan Watkins,Corey Kiner,4500,19
Jordan Watkins,Demarcus Robinson,4500,15
Jordan Watkins,Drake Nugent,4500,17
Jordan Watkins,Drew Moss,4500,9
Jordan Watkins,Isaac Alarcon,4500,9
Jordan Watkins,Isaiah Hodgins,4500,4
Jordan Watkins,Isaiah Prince,4500,9
Jordan Watkins,Jake Tonges,4500,16
Jordan Watkins,Junior Bergen,4500,15
Jordan Watkins,Luke Farrell,4500,9
Jordan Watkins,Mac Jones,4500,12
Jordan Watkins,Matt Hennessy,4500,15
Jordan Watkins,Nick Zakelj,4500,23
Jordan Watkins,Patrick Taylor,4500,12
Jordan Watkins,Robbie Chosen,4500,5
Jordan Watkins,Russell Gage,4500,15
Jordan Watkins,Spencer Burford,4500,23
Jordan Watkins,Tanner Mordecai,4500,6
Jordan Williams,Ben DiNucci,0200,9
Jordan Williams,Brandon Parker,0200,18
Jordan Williams,DJ Chark,0200,18
Jordan Williams,Dylan Drummond,0200,2
Jordan Williams,Easton Stick,0200,9
Jordan Williams,Elijah Dotson,0200,15
Jordan Williams,Emory Jones,0200,11
Jordan Williams,Jack Nelson,0200,11
Jordan Williams,Jake Hanson,0200,25
Jordan Williams,Jashaun Corbin,0200,14
Jordan Williams,Jesse Matthews,0200,22
Jordan Williams,Joshua Gray,0200,29
Jordan Williams,Joshua Simon,0200,23
Jordan Williams,Jovaughn Gwyn,0200,4
Jordan Williams,Matthew Cindric,0200,29
Jordan Williams,Nick Nash,0200,12
Jordan Williams,Nikola Kalinic,0200,13
Jordan Williams,Quincy Skinner Jr.,0200,26
Jordon Riley,Art Green,3410,12
Jordon Riley,Chauncey Golston,3410,4
Jordon Riley,DJ Davidson,3410,7
Jordon Riley,Darius Alexander,3410,7
Jordon Riley,Dee Williams,3410,27
Jordon Riley,Dyontae Johnson,3410,42
Jordon Riley,Elijah Chatman,3410,6
Jordon Riley,Elijah Garcia,3410,30
Jordon Riley,Jeremiah Ledbetter,3410,20
Jordon Riley,K'Von Wallace,3410,13
Jordon Riley,K.J. Cloyd,3410,42
Jordon Riley,Makari Paige,3410,42
Jordon Riley,Nic Jones,3410,35
Jordon Riley,O'Donnell Fortune,3410,18
Jordon Riley,Raheem Layne,3410,14
Jordon Riley,TJ Moore,3410,32
Jordon Riley,Tomon Fox,3410,35
Jordon Riley,Trace Ford,3410,34
Jordyn Brooks,Benito Jones,2700,1
Jordyn Brooks,Bradley Chubb,2700,2
Jordyn Brooks,Chop Robinson,2700,2
Jordyn Brooks,Elijah Campbell,2700,2
Jordyn Brooks,Ifeatu Melifonwu,2700,1
Jordyn Brooks,Kendall Sheffield,2700,2
Jordyn Brooks,Kenneth Grant,2700,1
Jordyn Brooks,Mike Hilton,2700,1
Jordyn Brooks,Minkah Fitzpatrick,2700,2
Jordyn Brooks,Storm Duck,2700,2
Jordyn Brooks,Tyrel Dodson,2700,2
Jordyn Brooks,Zach Sieler,2700,2
Josaiah Stewart,A.J. Green,2510,12
Josaiah Stewart,Cam Lampkin,2510,7
Josaiah Stewart,Charles Woods,2510,8
Josaiah Stewart,Derion Kendrick,2510,8
Josaiah Stewart,Desjuan Johnson,2510,10
Josaiah Stewart,Elias Neal,2510,3
Josaiah Stewart,Jack Heflin,2510,11
Josaiah Stewart,Josh Wallace,2510,9
Josaiah Stewart,Keir Thomas,2510,3
Josaiah Stewart,Larrell Murchison,2510,8
Josaiah Stewart,Nate Valcarcel,2510,9
Josaiah Stewart,Nick Hampton,2510,15
Josaiah Stewart,Pooh Paul Jr.,2510,18
Josaiah Stewart,Shaun Dolac,2510,15
Josaiah Stewart,Shaun Jolly,2510,17
Josaiah Stewart,Tanner Ingle,2510,18
Josaiah Stewart,Ty Hamilton,2510,9
Jose Ramirez,Adam Gotsis,4900,15
Jose Ramirez,Antonio Grier Jr.,4900,27
Jose Ramirez,Bryce Hall,4900,20
Jose Ramirez,C.J. Brewer,4900,16
Jose Ramirez,Chris Braswell,4900,12
Jose Ramirez,Deion Jones,4900,26
Jose Ramirez,Dvon J-Thomas,4900,38
Jose Ramirez,Elijah Roberts,4900,44
Jose Ramirez,Eric Banks,4900,25
Jose Ramirez,Greg Gaines,4900,11
Jose Ramirez,JJ Roberts,4900,21
Jose Ramirez,JayVian Farr,4900,29
Jose Ramirez,John Bullock,4900,71
Jose Ramirez,Kaevon Merriweather,4900,57
Jose Ramirez,Kindle Vildor,4900,40
Jose Ramirez,Markees Watts,4900,38
Jose Ramirez,Mike Greene,4900,26
Jose Ramirez,Nash Hutmacher,4900,35
Jose Ramirez,Nick Jackson,4900,50
Jose Ramirez,Rashad Wisdom,4900,64
Jose Ramirez,Roman Parodie,4900,38
Jose Ramirez,Shilo Sanders,4900,49
Jose Ramirez,Tre Avery,4900,29
Jose Ramirez,Tyrek Funderburk,4900,18
Jose Ramirez,Warren Peeples,4900,37
Jose Ramirez,Will Brooks,4900,34
Joseph Michalski,A.T. Perry,1400,6
Joseph Michalski,Adam Prentice,1400,6
Joseph Michalski,Audric EstimÃ©,1400,42
Joseph Michalski,Blake Watson,1400,36
Joseph Michalski,Caden Prieskorn,1400,46
Joseph Michalski,Caleb Lohner,1400,63
Joseph Michalski,Clay Webb,1400,68
Joseph Michalski,Courtney Jackson,1400,46
Joseph Michalski,Frank Crum,1400,26
Joseph Michalski,Jerjuan Newton,1400,40
Joseph Michalski,Joaquin Davis,1400,55
Joseph Michalski,Kyrese Rowan,1400,34
Joseph Michalski,Lucas Krull,1400,3
Joseph Michalski,Marques Cox,1400,81
Joseph Michalski,Michael Bandy,1400,19
Joseph Michalski,Nick Gargiulo,1400,11
Joseph Michalski,Pat Bryant,1400,5
Joseph Michalski,Sam Ehlinger,1400,81
Joseph Michalski,Tyler Badie,1400,3
Joseph Michalski,Will Sherman,1400,80
Joseph Michalski,Xavier Truss,1400,58
Joseph Ossai,Cam Taylor-Britt,0920,7
Joseph Ossai,DJ Turner II,0920,14
Joseph Ossai,Daijahn Anthony,0920,13
Joseph Ossai,Daxton Hill,0920,7
Joseph Ossai,Demetrius Knight Jr.,0920,21
Joseph Ossai,Geno Stone,0920,4
Joseph Ossai,Jalen Davis,0920,8
Joseph Ossai,Jordan Battle,0920,21
Joseph Ossai,Josh Newton,0920,20
Joseph Ossai,Kris Jenkins,0920,21
Joseph Ossai,Logan Wilson,0920,21
Joseph Ossai,Myles Murphy,0920,14
Joseph Ossai,Oren Burks,0920,7
Joseph Ossai,Shemar Stewart,0920,8
Joseph Ossai,Tedarrell Slaton,0920,20
Joseph Ossai,Tycen Anderson,0920,4
Joseph Vaughn,Alex Johnson,2200,12
Joseph Vaughn,BJ Mayes,2200,12
Joseph Vaughn,Daniel Scott,2200,12
Joseph Vaughn,Desmond Little,2200,12
Joseph Vaughn,Devonta Davis,2200,12
Joseph Vaughn,Eric Johnson,2200,1
Joseph Vaughn,Jake Chaney,2200,12
Joseph Vaughn,Josh Tupou,2200,3
Joseph Vaughn,Ladarius Tennison,2200,10
Joseph Vaughn,Marcus Haynes,2200,12
Joseph Vaughn,Tim Smith,2200,8
Joseph Vaughn,Trey Washington,2200,12
Josh Blackwell,Alex Cook,0810,15
Josh Blackwell,Austin Booker,0810,10
Josh Blackwell,Carl Jones,0810,15
Josh Blackwell,Chris Williams,0810,8
Josh Blackwell,Daniel Hardy,0810,14
Josh Blackwell,Dominique Robinson,0810,12
Josh Blackwell,Elijah Hicks,0810,10
Josh Blackwell,Jamree Kromah,0810,12
Josh Blackwell,Jeremiah Walker,0810,12
Josh Blackwell,Jonathan Ford,0810,17
Josh Blackwell,Jonathan Owens,0810,13
Josh Blackwell,Major Burns,0810,3
Josh Blackwell,Nahshon Wright,0810,5
Josh Blackwell,Noah Sewell,0810,13
Josh Blackwell,Power Echols,0810,5
Josh Blackwell,Ruben Hyppolite II,0810,13
Josh Blackwell,Swayze Bozeman,0810,12
Josh Blackwell,Tanoh Kpassagnon,0810,5
Josh Blackwell,Terell Smith,0810,11
Josh Blackwell,Tre Flowers,0810,21
Josh Blackwell,Tyrique Stevenson,0810,5
Josh Blackwell,Tysheem Johnson,0810,15
Josh Blackwell,Xavier Carlton,0810,12
Josh Blackwell,Zacch Pickens,0810,22
Josh Conerly Jr.,Andrew Wylie,5110,7
Josh Conerly Jr.,Ben Sinnott,5110,29
Josh Conerly Jr.,Chris Moore,5110,15
Josh Conerly Jr.,Chris Paul,5110,39
Josh Conerly Jr.,Chris Rodriguez Jr.,5110,14
Josh Conerly Jr.,Cole Turner,5110,9
Josh Conerly Jr.,Colson Yankoff,5110,1
Josh Conerly Jr.,Deebo Samuel Sr.,5110,4
Josh Conerly Jr.,Ja'Corey Brooks,5110,2
Josh Conerly Jr.,Jacory Croskey-Merritt,5110,15
Josh Conerly Jr.,Jayden Daniels,5110,4
Josh Conerly Jr.,Jaylin Lane,5110,18
Josh Conerly Jr.,Jeremy McNichols,5110,10
Josh Conerly Jr.,John Bates,5110,7
Josh Conerly Jr.,Josh Johnson,5110,11
Josh Conerly Jr.,Julian Good-Jones,5110,21
Josh Conerly Jr.,K.J. Osborn,5110,30
Josh Conerly Jr.,Luke McCaffrey,5110,28
Josh Conerly Jr.,Michael Deiter,5110,23
Josh Conerly Jr.,Michael Gallup,5110,6
Josh Conerly Jr.,Nick Allegretti,5110,7
Josh Conerly Jr.,Sam Hartman,5110,24
Josh Conerly Jr.,Tay Martin,5110,7
Josh Conerly Jr.,Trent Scott,5110,32
Josh Conerly Jr.,Tyler Biadasz,5110,7
Josh Conerly Jr.,Tyre Phillips,5110,20
Josh Fryar,Andre Baccellia,3800,33
Josh Fryar,Bam Knight,3800,2
Josh Fryar,Bryson Green,3800,2
Josh Fryar,Christian Jones,3800,16
Josh Fryar,Clayton Tune,3800,39
Josh Fryar,Elijah Higgins,3800,30
Josh Fryar,Emari Demercado,3800,28
Josh Fryar,Greg Dortch,3800,7
Josh Fryar,Hayden Conner,3800,31
Josh Fryar,Jacoby Brissett,3800,33
Josh Fryar,Jake Curhan,3800,12
Josh Fryar,Jeremiah Byers,3800,44
Josh Fryar,Jon Gaines II,3800,32
Josh Fryar,Josiah Deguara,3800,32
Josh Fryar,Michael Carter,3800,35
Josh Fryar,Nick Leverett,3800,72
Josh Fryar,Oscar Cardenas,3800,2
Josh Fryar,Royce Newman,3800,40
Josh Fryar,Simi Fehoko,3800,30
Josh Fryar,Sincere Haynesworth,3800,41
Josh Fryar,Tejhaun Palmer,3800,42
Josh Fryar,Tip Reiman,3800,2
Josh Fryar,Travis Vokolek,3800,42
Josh Fryar,Trey Benson,3800,7
Josh Fryar,Xavier Weaver,3800,66
Josh Fuga,Caleb Murphy,4400,5
Josh Fuga,Christopher Hinton,4400,2
Josh Fuga,Emany Johnson,4400,4
Josh Fuga,Eric Rogers,4400,10
Josh Fuga,Jamaree Caldwell,4400,5
Josh Fuga,Jordan Oladokun,4400,10
Josh Fuga,Junior Colson,4400,5
Josh Fuga,Kana'i Mauga,4400,1
Josh Fuga,Kendall Williamson,4400,4
Josh Fuga,Kylan Guidry,4400,5
Josh Fuga,Kyle Kennard,4400,5
Josh Fuga,Marlowe Wax,4400,10
Josh Fuga,Myles Purchase,4400,10
Josh Fuga,R.J. Mickens,4400,6
Josh Fuga,TeRah Edwards,4400,5
Josh Fuga,Tre'Mon Morris-Brash,4400,5
Josh Fuga,Trikweze Bridges,4400,8
Josh Hayes,Adam Gotsis,4900,8
Josh Hayes,Anthony Nelson,4900,14
Josh Hayes,Antonio Grier Jr.,4900,3
Josh Hayes,C.J. Brewer,4900,11
Josh Hayes,Chris Braswell,4900,17
Josh Hayes,Christian Izien,4900,16
Josh Hayes,Deion Jones,4900,17
Josh Hayes,Elijah Roberts,4900,2
Josh Hayes,Eric Banks,4900,4
Josh Hayes,Greg Gaines,4900,9
Josh Hayes,JJ Roberts,4900,3
Josh Hayes,Jacob Parrish,4900,17
Josh Hayes,Kaevon Merriweather,4900,14
Josh Hayes,Kindle Vildor,4900,9
Josh Hayes,Markees Watts,4900,3
Josh Hayes,Mike Greene,4900,6
Josh Hayes,Rashad Wisdom,4900,3
Josh Hayes,SirVocea Dennis,4900,14
Josh Hines-Allen,Andrew Wingard,2250,13
Josh Hines-Allen,Austin Johnson,2250,2
Josh Hines-Allen,Christian Braswell,2250,5
Josh Hines-Allen,DaVon Hamilton,2250,13
Josh Hines-Allen,Darnell Savage,2250,4
Josh Hines-Allen,Dawuane Smoot,2250,3
Josh Hines-Allen,Devin Lloyd,2250,11
Josh Hines-Allen,Emmanuel Ogbah,2250,2
Josh Hines-Allen,Eric Murray,2250,15
Josh Hines-Allen,Foye Oluokun,2250,15
Josh Hines-Allen,Jarrian Jones,2250,13
Josh Hines-Allen,Jourdan Lewis,2250,15
Josh Hines-Allen,Travon Walker,2250,13
Josh Hines-Allen,Tyler Lacy,2250,11
Josh Hines-Allen,Tyson Campbell,2250,8
Josh Hines-Allen,Ventrell Miller,2250,2
Josh Hines-Allen,Yasir Abdullah,2250,4
Josh Jacobs,Aaron Banks,1800,1
Josh Jacobs,Donovan Jennings,1800,2
Josh Jacobs,Elgton Jenkins,1800,1
Josh Jacobs,Jordan Love,1800,1
Josh Jacobs,Jordan Morgan,1800,3
Josh Jacobs,Luke Musgrave,1800,2
Josh Jacobs,Malik Heath,1800,1
Josh Jacobs,Malik Willis,1800,2
Josh Jacobs,Matthew Golden,1800,3
Josh Jacobs,Rasheed Walker,1800,2
Josh Jacobs,Romeo Doubs,1800,3
Josh Jacobs,Sean Rhyan,1800,3
Josh Jacobs,Tucker Kraft,1800,3
Josh Jacobs,Zach Tom,1800,3
Josh Jobe,Boye Mafe,4600,4
Josh Jobe,Brandon Pili,4600,18
Josh Jobe,Byron Murphy II,4600,4
Josh Jobe,Coby Bryant,4600,4
Josh Jobe,Connor O'Toole,4600,10
Josh Jobe,D'Anthony Bell,4600,21
Josh Jobe,Damarion Williams,4600,5
Josh Jobe,Derick Hall,4600,4
Josh Jobe,Devon Witherspoon,4600,4
Josh Jobe,Drake Thomas,4600,21
Josh Jobe,Ernest Jones,4600,4
Josh Jobe,Jalan Gaines,4600,4
Josh Jobe,Jared Ivey,4600,3
Josh Jobe,Julian Love,4600,4
Josh Jobe,Mike Morris,4600,23
Josh Jobe,Nehemiah Pritchett,4600,13
Josh Jobe,Nick Emmanwori,4600,16
Josh Jobe,Patrick O'Connell,4600,23
Josh Jobe,Quinton Bohanna,4600,18
Josh Jobe,Riq Woolen,4600,4
Josh Jobe,Seth Coleman,4600,1
Josh Jobe,Shaquill Griffin,4600,8
Josh Jobe,Ty Okada,4600,21
Josh Jobe,Tyreke Smith,4600,10
Josh Jobe,Wy'Kevious Thomas,4600,3
Josh Johnson,Andrew Wylie,5110,3
Josh Johnson,Ben Sinnott,5110,8
Josh Johnson,Bobby Hart,5110,59
Josh Johnson,Braylon Sanders,5110,16
Josh Johnson,Chris Paul,5110,36
Josh Johnson,Chris Rodriguez Jr.,5110,15
Josh Johnson,Cole Turner,5110,38
Josh Johnson,Colson Yankoff,5110,17
Josh Johnson,Demetric Felton,5110,31
Josh Johnson,Foster Sarell,5110,57
Josh Johnson,George Fant,5110,10
Josh Johnson,Ja'Corey Brooks,5110,50
Josh Johnson,Jacoby Jones,5110,29
Josh Johnson,Jacory Croskey-Merritt,5110,11
Josh Johnson,Jaylin Lane,5110,20
Josh Johnson,Jeremy McNichols,5110,13
Josh Johnson,John Bates,5110,3
Josh Johnson,Josh Conerly Jr.,5110,11
Josh Johnson,Julian Good-Jones,5110,35
Josh Johnson,K.J. Osborn,5110,20
Josh Johnson,Kazmeir Allen,5110,13
Josh Johnson,Lawrence Cager,5110,36
Josh Johnson,Lucas Niang,5110,5
Josh Johnson,Luke McCaffrey,5110,9
Josh Johnson,Michael Deiter,5110,62
Josh Johnson,Michael Gallup,5110,38
Josh Johnson,Mike Strachan,5110,10
Josh Johnson,Nick Allegretti,5110,3
Josh Johnson,Nick Harris,5110,18
Josh Johnson,Noah Brown,5110,8
Josh Johnson,River Cracraft,5110,5
Josh Johnson,Tay Martin,5110,25
Josh Johnson,Timothy McKay,5110,26
Josh Johnson,Trent Scott,5110,34
Josh Johnson,Tyler Biadasz,5110,3
Josh Johnson,Tyre Phillips,5110,53
Josh Jones,AJ Barner,4600,10
Josh Jones,Abraham Lucas,4600,37
Josh Jones,Amari Kight,4600,30
Josh Jones,Anthony Bradford,4600,37
Josh Jones,Brady Russell,4600,19
Josh Jones,Bryce Cabeldue,4600,7
Josh Jones,Christian Haynes,4600,30
Josh Jones,Cody White,4600,9
Josh Jones,Cooper Kupp,4600,7
Josh Jones,Damien Martinez,4600,29
Josh Jones,Dareke Young,4600,32
Josh Jones,Drew Lock,4600,57
Josh Jones,Elijah Arroyo,4600,39
Josh Jones,Eric Saubert,4600,34
Josh Jones,George Holani,4600,25
Josh Jones,Grey Zabel,4600,37
Josh Jones,Jacardia Wright,4600,2
Josh Jones,Jake Bobo,4600,33
Josh Jones,Jalen Milroe,4600,1
Josh Jones,Jalen Sundell,4600,67
Josh Jones,Jaxon Smith-Njigba,4600,8
Josh Jones,Marquez Valdes-Scantling,4600,10
Josh Jones,Mason Richman,4600,1
Josh Jones,Nick Kallerup,4600,10
Josh Jones,Robbie Ouzts,4600,12
Josh Jones,Sam Darnold,4600,10
Josh Jones,Sataoa Laumea,4600,23
Josh Jones,Tory Horton,4600,44
Josh Jones,Zach Charbonnet,4600,10
Josh Kaltenberger,Andre James,4400,5
Josh Kaltenberger,Branson Taylor,4400,71
Josh Kaltenberger,Brenden Rice,4400,79
Josh Kaltenberger,Corey Stewart,4400,118
Josh Kaltenberger,DJ Uiagalelei,4400,62
Josh Kaltenberger,Dalevon Campbell,4400,100
Josh Kaltenberger,David Sharpe,4400,67
Josh Kaltenberger,Derius Davis,4400,11
Josh Kaltenberger,Dez Fitzpatrick,4400,9
Josh Kaltenberger,Hassan Haskins,4400,24
Josh Kaltenberger,JaQuae Jackson,4400,42
Josh Kaltenberger,Jalen Reagor,4400,9
Josh Kaltenberger,Jaret Patterson,4400,4
Josh Kaltenberger,Jaylen Johnson,4400,33
Josh Kaltenberger,Jordan Petaia,4400,3
Josh Kaltenberger,Karsen Barnhart,4400,84
Josh Kaltenberger,KeAndre Lambert-Smith,4400,25
Josh Kaltenberger,Kimani Vidal,4400,22
Josh Kaltenberger,Luke Grimm,4400,55
Josh Kaltenberger,Nash Jones,4400,133
Josh Kaltenberger,Nyheim Hines,4400,50
Josh Kaltenberger,Oronde Gadsden II,4400,59
Josh Kaltenberger,Raheim Sanders,4400,48
Josh Kaltenberger,Ryan Nelson,4400,117
Josh Kaltenberger,Scott Matlock,4400,11
Josh Kaltenberger,Stevo Klotz,4400,85
Josh Kaltenberger,Taylor Heinicke,4400,12
Josh Kaltenberger,Thomas Yassmin,4400,13
Josh Kaltenberger,Tre Harris,4400,8
Josh Kaltenberger,Trey Lance,4400,74
Josh Kaltenberger,Tucker Fisk,4400,47
Josh Kelly,Ajani Cornelius,1200,32
Josh Kelly,Asim Richards,1200,50
Josh Kelly,Brock Hoffman,1200,55
Josh Kelly,Geron Christian,1200,55
Josh Kelly,Jalen Brooks,1200,36
Josh Kelly,Jalen Cropper,1200,8
Josh Kelly,Jaydon Blue,1200,4
Josh Kelly,Joe Milton III,1200,27
Josh Kelly,John Stephens Jr.,1200,2
Josh Kelly,La'el Collins,1200,23
Josh Kelly,Malik Davis,1200,23
Josh Kelly,Nick Broeker,1200,21
Josh Kelly,Phil Mafah,1200,28
Josh Kelly,Princeton Fant,1200,10
Josh Kelly,Rivaldo Fairweather,1200,22
Josh Kelly,Ryan Flournoy,1200,17
Josh Kelly,Saahdiq Charles,1200,5
Josh Kelly,TJ Bass,1200,34
Josh Kelly,Traeshon Holden,1200,43
Josh Kelly,Tyler Neville,1200,27
Josh Kelly,Will Grier,1200,28
Josh Minkins,Anfernee Jennings,3200,10
Josh Minkins,Bradyn Swinson,3200,13
Josh Minkins,Brandon Crossley,3200,10
Josh Minkins,Bryce Ganious,3200,8
Josh Minkins,Cam Riley,3200,13
Josh Minkins,David Olajiga,3200,11
Josh Minkins,Dell Pettus,3200,10
Josh Minkins,Isaiah Bolden,3200,4
Josh Minkins,Isaiah Iton,3200,1
Josh Minkins,Jahvaree Ritzie,3200,9
Josh Minkins,Jeremiah Pharms Jr.,3200,1
Josh Minkins,Jordan Polk,3200,12
Josh Minkins,Marcus Epps,3200,4
Josh Minkins,Marte Mapu,3200,1
Josh Minkins,Monty Rice,3200,1
Josh Minkins,R.J. Moten,3200,13
Josh Minkins,Tre Avery,3200,14
Josh Minkins,Truman Jones,3200,5
Josh Myers,Adrian Martinez,3430,24
Josh Myers,Alijah Vera-Tucker,3430,10
Josh Myers,Allen Lazard,3430,10
Josh Myers,Andrew Beck,3430,13
Josh Myers,Arian Smith,3430,29
Josh Myers,Armand Membou,3430,27
Josh Myers,Brady Cook,3430,12
Josh Myers,Braelon Allen,3430,13
Josh Myers,Brandon Smith,3430,24
Josh Myers,Breece Hall,3430,5
Josh Myers,Carter Warren,3430,4
Josh Myers,Chukwuma Okorafor,3430,15
Josh Myers,Donovan Edwards,3430,6
Josh Myers,Garrett Wilson,3430,10
Josh Myers,Isaiah Davis,3430,9
Josh Myers,Jamaal Pritchett,3430,21
Josh Myers,Jeremy Ruckert,3430,27
Josh Myers,Joe Tippmann,3430,10
Josh Myers,Josh Reynolds,3430,9
Josh Myers,Justin Fields,3430,10
Josh Myers,Kene Nwangwu,3430,13
Josh Myers,Kohl Levao,3430,36
Josh Myers,Malachi Corley,3430,6
Josh Myers,Max Mitchell,3430,36
Josh Myers,Olumuyiwa Fashanu,3430,10
Josh Myers,Stone Smartt,3430,17
Josh Myers,Tyler Johnson,3430,16
Josh Myers,Xavier Newman-Johnson,3430,36
Josh Myers,Zack Kuntz,3430,2
Josh Newton,Cam Taylor-Britt,0920,6
Josh Newton,DJ Turner II,0920,14
Josh Newton,Daijahn Anthony,0920,13
Josh Newton,Daxton Hill,0920,6
Josh Newton,Demetrius Knight Jr.,0920,20
Josh Newton,Geno Stone,0920,4
Josh Newton,Jalen Davis,0920,8
Josh Newton,Jordan Battle,0920,20
Josh Newton,Joseph Ossai,0920,20
Josh Newton,Kris Jenkins,0920,20
Josh Newton,Logan Wilson,0920,20
Josh Newton,Myles Murphy,0920,14
Josh Newton,Oren Burks,0920,6
Josh Newton,Shemar Stewart,0920,7
Josh Newton,Tedarrell Slaton,0920,19
Josh Newton,Tycen Anderson,0920,3
Josh Oliver,Brian O'Neill,3000,8
Josh Oliver,C.J. Ham,3000,3
Josh Oliver,Donovan Jackson,3000,8
Josh Oliver,J.J. McCarthy,3000,8
Josh Oliver,Jalen Nailor,3000,8
Josh Oliver,Jordan Addison,3000,8
Josh Oliver,Jordan Mason,3000,8
Josh Oliver,Justin Skule,3000,8
Josh Oliver,Lucky Jackson,3000,1
Josh Oliver,Ryan Kelly,3000,8
Josh Oliver,T.J. Hockenson,3000,4
Josh Oliver,Will Fries,3000,8
Josh Palmer,Chase Lundt,0610,8
Josh Palmer,Connor McGovern,0610,14
Josh Palmer,Dalton Kincaid,0610,4
Josh Palmer,Dan Feeney,0610,8
Josh Palmer,David Edwards,0610,14
Josh Palmer,Dawson Knox,0610,8
Josh Palmer,Dion Dawkins,0610,14
Josh Palmer,Elijah Moore,0610,15
Josh Palmer,Jackson Hawes,0610,5
Josh Palmer,Keleki Latu,0610,4
Josh Palmer,Kendrick Green,0610,8
Josh Palmer,Keon Coleman,0610,14
Josh Palmer,Mike White,0610,8
Josh Palmer,Mitchell Trubisky,0610,14
Josh Palmer,O'Cyrus Torrence,0610,14
Josh Palmer,Ray Davis,0610,14
Josh Palmer,Reggie Gilliam,0610,6
Josh Palmer,Richard Gouraige,0610,8
Josh Palmer,Ryan Van Demark,0610,22
Josh Palmer,Ty Johnson,0610,8
Josh Palmer,Tyrell Shavers,0610,8
Josh Palmer,Zach Davidson,0610,2
Josh Pearcy,A.J. Green,2510,23
Josh Pearcy,Bill Norton,2510,19
Josh Pearcy,Brennan Jackson,2510,29
Josh Pearcy,Cam Lampkin,2510,35
Josh Pearcy,Charles Woods,2510,30
Josh Pearcy,Da'Jon Terry,2510,21
Josh Pearcy,Decarius Hawthorne,2510,15
Josh Pearcy,Derion Kendrick,2510,24
Josh Pearcy,Desjuan Johnson,2510,17
Josh Pearcy,Elias Neal,2510,26
Josh Pearcy,Jack Heflin,2510,20
Josh Pearcy,Jamil Muhammad,2510,21
Josh Pearcy,Josh Wallace,2510,3
Josh Pearcy,Larrell Murchison,2510,11
Josh Pearcy,Malik Dixon-Williams,2510,48
Josh Pearcy,Nate Valcarcel,2510,44
Josh Pearcy,Nick Hampton,2510,1
Josh Pearcy,Pooh Paul Jr.,2510,20
Josh Pearcy,Shaun Dolac,2510,19
Josh Pearcy,Shaun Jolly,2510,27
Josh Pearcy,Tanner Ingle,2510,7
Josh Pearcy,Tony Fields II,2510,37
Josh Pearcy,Ty Hamilton,2510,13
Josh Priebe,A.J. Henning,2700,38
Josh Priebe,Aaron Shampklin,2700,16
Josh Priebe,Addison West,2700,72
Josh Priebe,Alexander Mattison,2700,6
Josh Priebe,Andrew Armstrong,2700,60
Josh Priebe,Braeden Daniels,2700,67
Josh Priebe,Chris Myarick,2700,40
Josh Priebe,Erik Ezukanma,2700,2
Josh Priebe,Hayden Rucci,2700,50
Josh Priebe,Jackson Carman,2700,5
Josh Priebe,Jalen McKenzie,2700,50
Josh Priebe,Kion Smith,2700,46
Josh Priebe,Mason Brooks,2700,4
Josh Priebe,Mike Boone,2700,15
Josh Priebe,Monaray Baldwin,2700,12
Josh Priebe,Ollie Gordon II,2700,35
Josh Priebe,Pharaoh Brown,2700,12
Josh Priebe,Quinn Ewers,2700,72
Josh Priebe,Ryan Hayes,2700,44
Josh Priebe,Tahj Washington,2700,1
Josh Priebe,Tarik Black,2700,9
Josh Priebe,Theo Wease Jr.,2700,64
Josh Reynolds,Alijah Vera-Tucker,3430,26
Josh Reynolds,Allen Lazard,3430,2
Josh Reynolds,Andrew Beck,3430,4
Josh Reynolds,Armand Membou,3430,26
Josh Reynolds,Braelon Allen,3430,9
Josh Reynolds,Breece Hall,3430,15
Josh Reynolds,Garrett Wilson,3430,26
Josh Reynolds,Isaiah Davis,3430,3
Josh Reynolds,Jeremy Ruckert,3430,19
Josh Reynolds,Joe Tippmann,3430,26
Josh Reynolds,John Simpson,3430,17
Josh Reynolds,Josh Myers,3430,9
Josh Reynolds,Justin Fields,3430,26
Josh Reynolds,Mason Taylor,3430,12
Josh Reynolds,Olumuyiwa Fashanu,3430,26
Josh Reynolds,Tyler Johnson,3430,13
Josh Reynolds,Zack Kuntz,3430,1
Josh Sills,Ajou Ajou,2200,42
Josh Sills,Anthony Gould,2200,10
Josh Sills,Blake Freeland,2200,41
Josh Sills,Blayne Taylor,2200,57
Josh Sills,Coleman Owen,2200,74
Josh Sills,D.J. Montgomery,2200,24
Josh Sills,Dalton Tucker,2200,41
Josh Sills,Danny Pinter,2200,18
Josh Sills,Jalen Travis,2200,52
Josh Sills,Jason Bean,2200,31
Josh Sills,Jelani Woods,2200,61
Josh Sills,Khalil Herbert,2200,23
Josh Sills,Landon Parker,2200,26
Josh Sills,Laquon Treadwell,2200,46
Josh Sills,Luke Tenuta,2200,57
Josh Sills,Marcellus Johnson,2200,32
Josh Sills,Marshall Foerner,2200,32
Josh Sills,Maximilian Mang,2200,10
Josh Sills,Mose Vavao,2200,76
Josh Sills,Nate Noel,2200,16
Josh Sills,Nay'Quan Wright,2200,16
Josh Sills,Riley Leonard,2200,76
Josh Sills,Sean McKeon,2200,29
Josh Sills,Tyler Kahmann,2200,19
Josh Sills,Ulysses Bentley IV,2200,52
Josh Sills,Wesley French,2200,79
Josh Sills,Will Mallory,2200,30
Josh Simmons,Brashard Smith,2310,2
Josh Simmons,Carson Steele,2310,5
Josh Simmons,Creed Humphrey,2310,40
Josh Simmons,Elijah Mitchell,2310,5
Josh Simmons,Gardner Minshew,2310,18
Josh Simmons,Isiah Pacheco,2310,16
Josh Simmons,Jalen Royals,2310,14
Josh Simmons,Jared Wiley,2310,5
Josh Simmons,Jason Brownlee,2310,1
Josh Simmons,Jawaan Taylor,2310,22
Josh Simmons,Jaylon Moore,2310,18
Josh Simmons,JuJu Smith-Schuster,2310,20
Josh Simmons,Kareem Hunt,2310,13
Josh Simmons,Kingsley Suamataia,2310,40
Josh Simmons,Nikko Remigio,2310,1
Josh Simmons,Noah Gray,2310,26
Josh Simmons,Patrick Mahomes,2310,22
Josh Simmons,Rashee Rice,2310,20
Josh Simmons,Robert Tonyan,2310,10
Josh Simmons,Skyy Moore,2310,6
Josh Simmons,Travis Kelce,2310,15
Josh Simmons,Trey Smith,2310,40
Josh Simmons,Tyquan Thornton,2310,16
Josh Simmons,Xavier Worthy,2310,25
Josh Thompson,Arnold Ebiketie,0200,1
Josh Thompson,Billy Bowman Jr.,0200,17
Josh Thompson,Bralen Trice,0200,19
Josh Thompson,Brandon Dorlus,0200,16
Josh Thompson,C.J. Henderson,0200,16
Josh Thompson,Caleb Johnson,0200,46
Josh Thompson,Cobee Bryant,0200,34
Josh Thompson,DeAngelo Malone,0200,60
Josh Thompson,Dee Alford,0200,16
Josh Thompson,Dontae Manning,0200,41
Josh Thompson,Henry Black,0200,63
Josh Thompson,JD Bertrand,0200,10
Josh Thompson,James Pearce Jr.,0200,23
Josh Thompson,Josh Woods,0200,9
Josh Thompson,Keith Taylor,0200,22
Josh Thompson,Kentavius Street,0200,38
Josh Thompson,Khalid Kareem,0200,46
Josh Thompson,LaCale London,0200,33
Josh Thompson,Lamar Jackson,0200,57
Josh Thompson,Mike Ford,0200,43
Josh Thompson,Morgan Fox,0200,36
Josh Thompson,Natrone Brooks,0200,37
Josh Thompson,Nick Kubitz,0200,54
Josh Thompson,Ronnie Harrison,0200,51
Josh Thompson,Ronnie Perkins,0200,16
Josh Thompson,Ruke Orhorhoro,0200,23
Josh Thompson,Simeon Barrow Jr.,0200,46
Josh Thompson,Ta'Quon Graham,0200,6
Josh Thompson,Xavier Watts,0200,11
Josh Thompson,Zach Harrison,0200,30
Josh Tupou,Adetomiwa Adebawore,2200,6
Josh Tupou,Alex Johnson,2200,41
Josh Tupou,Austin Ajiake,2200,21
Josh Tupou,BJ Mayes,2200,23
Josh Tupou,Cameron McGrone,2200,7
Josh Tupou,Chris Lammons,2200,10
Josh Tupou,Daniel Scott,2200,52
Josh Tupou,Desmond Little,2200,33
Josh Tupou,Devonta Davis,2200,16
Josh Tupou,Duke Shelley,2200,22
Josh Tupou,Durell Nchami,2200,23
Josh Tupou,Eric Johnson,2200,34
Josh Tupou,Hunter Wohler,2200,6
Josh Tupou,Isaiah Land,2200,32
Josh Tupou,JT Tuimoloau,2200,22
Josh Tupou,Jacob Phillips,2200,15
Josh Tupou,Jake Chaney,2200,3
Josh Tupou,Joe Bachie,2200,4
Josh Tupou,Johnathan Edwards,2200,21
Josh Tupou,Joseph Vaughn,2200,3
Josh Tupou,Julius Brents,2200,3
Josh Tupou,Ladarius Tennison,2200,13
Josh Tupou,Marcus Haynes,2200,9
Josh Tupou,Rodney Thomas,2200,9
Josh Tupou,Samuel Womack,2200,17
Josh Tupou,Segun Olubi,2200,42
Josh Tupou,Solomon DeShields,2200,24
Josh Tupou,Tim Smith,2200,23
Josh Tupou,Tre Herndon,2200,11
Josh Tupou,Trey Washington,2200,53
Josh Wallace,A.J. Green,2510,24
Josh Wallace,Brennan Jackson,2510,11
Josh Wallace,Cam Lampkin,2510,5
Josh Wallace,Charles Woods,2510,8
Josh Wallace,Derion Kendrick,2510,18
Josh Wallace,Desjuan Johnson,2510,12
Josh Wallace,Elias Neal,2510,5
Josh Wallace,Jack Heflin,2510,13
Josh Wallace,Josaiah Stewart,2510,9
Josh Wallace,Josh Pearcy,2510,3
Josh Wallace,Keir Thomas,2510,16
Josh Wallace,Larrell Murchison,2510,19
Josh Wallace,Nate Valcarcel,2510,2
Josh Wallace,Nick Hampton,2510,17
Josh Wallace,Pooh Paul Jr.,2510,24
Josh Wallace,Shaun Dolac,2510,22
Josh Wallace,Shaun Jolly,2510,22
Josh Wallace,Tanner Ingle,2510,28
Josh Wallace,Tony Fields II,2510,3
Josh Wallace,Ty Hamilton,2510,19
Josh Whyle,Andrew Rupcich,2100,33
Josh Whyle,Arlington Hambright,2100,1
Josh Whyle,Blake Hance,2100,5
Josh Whyle,Brandon Allen,2100,20
Josh Whyle,Brandon Crenshaw-Dickson,2100,15
Josh Whyle,Brenden Jaimes,2100,24
Josh Whyle,Bryce Oliver,2100,12
Josh Whyle,Chimere Dike,2100,4
Josh Whyle,David Martin-Robinson,2100,4
Josh Whyle,Drake Dabney,2100,2
Josh Whyle,Elic Ayomanor,2100,5
Josh Whyle,Gunnar Helm,2100,3
Josh Whyle,Jackson Slater,2100,35
Josh Whyle,Jaelyn Duncan,2100,23
Josh Whyle,James Proche,2100,15
Josh Whyle,Jermar Jefferson,2100,8
Josh Whyle,Jha'Quan Jackson,2100,11
Josh Whyle,John Ojukwu,2100,22
Josh Whyle,Jordan Mims,2100,22
Josh Whyle,Julius Chestnut,2100,2
Josh Whyle,Kalel Mullings,2100,5
Josh Whyle,Mason Kinsey,2100,18
Josh Whyle,Matt Landers,2100,4
Josh Whyle,Olisaemeka Udoh,2100,14
Josh Whyle,Sam Mustipher,2100,13
Josh Whyle,T.J. Sheffield,2100,10
Josh Whyle,Thomas Odukoya,2100,8
Josh Whyle,Tim Boyle,2100,7
Josh Whyle,Trevor Siemian,2100,10
Josh Whyle,Van Jefferson,2100,1
Josh Whyle,Xavier Restrepo,2100,14
Josh Williams,Ben Scott,4900,14
Josh Williams,Benjamin Chukwuma,4900,36
Josh Williams,Connor Bazelak,4900,13
Josh Williams,Devin Culp,4900,12
Josh Williams,Elijah Klein,4900,36
Josh Williams,Garrett Greene,4900,7
Josh Williams,Jacob Harris,4900,4
Josh Williams,Jaden Smith,4900,3
Josh Williams,Jake Majors,4900,13
Josh Williams,Kameron Johnson,4900,5
Josh Williams,Ko Kieft,4900,15
Josh Williams,Kyle Trask,4900,23
Josh Williams,Luke Haggard,4900,33
Josh Williams,Mike Jordan,4900,24
Josh Williams,Payne Durham,4900,15
Josh Williams,Rakim Jarrett,4900,14
Josh Williams,Ryan Miller,4900,26
Josh Williams,Tanner Taula,4900,1
Josh Williams,Tez Johnson,4900,27
Josh Williams,Trey Palmer,4900,15
Josh Williams,Tyler McLellan,4900,24
Josh Woods,Arnold Ebiketie,0200,21
Josh Woods,Billy Bowman Jr.,0200,15
Josh Woods,Bralen Trice,0200,15
Josh Woods,Brandon Dorlus,0200,12
Josh Woods,C.J. Henderson,0200,11
Josh Woods,Cobee Bryant,0200,6
Josh Woods,DeAngelo Malone,0200,32
Josh Woods,DeMarcco Hellams,0200,15
Josh Woods,Dee Alford,0200,28
Josh Woods,Henry Black,0200,19
Josh Woods,JD Bertrand,0200,27
Josh Woods,Jalon Walker,0200,16
Josh Woods,James Pearce Jr.,0200,25
Josh Woods,Jordan Fuller,0200,29
Josh Woods,Josh Thompson,0200,9
Josh Woods,Keith Taylor,0200,8
Josh Woods,Kentavius Street,0200,24
Josh Woods,Khalid Kareem,0200,9
Josh Woods,LaCale London,0200,19
Josh Woods,Lamar Jackson,0200,45
Josh Woods,Mike Ford,0200,7
Josh Woods,Morgan Fox,0200,12
Josh Woods,Natrone Brooks,0200,40
Josh Woods,Ronnie Perkins,0200,7
Josh Woods,Ruke Orhorhoro,0200,32
Josh Woods,Ta'Quon Graham,0200,10
Josh Woods,Xavier Watts,0200,26
Josh Woods,Zach Harrison,0200,21
Joshua Cephus,Austin Trammell,2250,28
Joshua Cephus,Bhayshul Tuten,2250,22
Joshua Cephus,Cam Camper,2250,3
Joshua Cephus,Fred Johnson,2250,50
Joshua Cephus,Hunter Long,2250,35
Joshua Cephus,John Wolford,2250,3
Joshua Cephus,Johnny Mundt,2250,4
Joshua Cephus,Jonah Monheim,2250,50
Joshua Cephus,LeQuint Allen Jr.,2250,17
Joshua Cephus,Luke Fortner,2250,41
Joshua Cephus,Nick Mullens,2250,47
Joshua Cephus,Parker Washington,2250,18
Joshua Cephus,Patrick Herbert,2250,8
Joshua Cephus,Patrick Mekari,2250,9
Joshua Cephus,Ricky Lee,2250,17
Joshua Cephus,Sal Wormley,2250,48
Joshua Cephus,Shawn Bowman,2250,10
Joshua Cephus,Tank Bigsby,2250,11
Joshua Cephus,Tremayne Anchrum,2250,9
Joshua Cephus,Trenton Irwin,2250,44
Joshua Cephus,Wyatt Milum,2250,26
Joshua Dobbs,Antonio Gibson,3200,17
Joshua Dobbs,Ben Brown,3200,36
Joshua Dobbs,CJ Dippre,3200,2
Joshua Dobbs,Cole Fotheringham,3200,21
Joshua Dobbs,Cole Strange,3200,43
Joshua Dobbs,Demontrey Jacobs,3200,36
Joshua Dobbs,Efton Chism III,3200,42
Joshua Dobbs,Garrett Bradbury,3200,7
Joshua Dobbs,Gee Scott Jr.,3200,18
Joshua Dobbs,Ja'Lynn Polk,3200,14
Joshua Dobbs,JaMycal Hasty,3200,18
Joshua Dobbs,Jack Westover,3200,20
Joshua Dobbs,Jaheim Bell,3200,7
Joshua Dobbs,Jared Wilson,3200,26
Joshua Dobbs,Javon Baker,3200,41
Joshua Dobbs,John Jiles,3200,4
Joshua Dobbs,Kyle Williams,3200,27
Joshua Dobbs,Lan Larison,3200,8
Joshua Dobbs,Marcus Bryant,3200,36
Joshua Dobbs,Rhamondre Stevenson,3200,2
Joshua Dobbs,Shane Watts,3200,2
Joshua Dobbs,Sidy Sow,3200,19
Joshua Dobbs,Terrell Jennings,3200,2
Joshua Dobbs,Tyrese Robinson,3200,16
Joshua Dobbs,Vederian Lowe,3200,26
Joshua Ezeudu,Aaron Stinnie,3410,51
Joshua Ezeudu,Antwane Wells Jr.,3410,29
Joshua Ezeudu,Austin Schlottmann,3410,51
Joshua Ezeudu,Bryan Hudson,3410,46
Joshua Ezeudu,Chris Manhertz,3410,2
Joshua Ezeudu,Da'Quan Felton,3410,23
Joshua Ezeudu,Dalen Cambre,3410,19
Joshua Ezeudu,Daniel Bellinger,3410,3
Joshua Ezeudu,Dante Miller,3410,54
Joshua Ezeudu,Devin Singletary,3410,4
Joshua Ezeudu,Evan Neal,3410,21
Joshua Ezeudu,Greg Dulcich,3410,30
Joshua Ezeudu,Gunner Olszewski,3410,46
Joshua Ezeudu,Ihmir Smith-Marsette,3410,9
Joshua Ezeudu,Jaison Williams,3410,8
Joshua Ezeudu,Jake Kubas,3410,24
Joshua Ezeudu,Jameis Winston,3410,17
Joshua Ezeudu,Jaxson Dart,3410,45
Joshua Ezeudu,Jermaine Terry,3410,21
Joshua Ezeudu,Jimmy Morrissey,3410,18
Joshua Ezeudu,Jonathan Ward,3410,22
Joshua Ezeudu,Jordan Bly,3410,12
Joshua Ezeudu,Lil'Jordan Humphrey,3410,42
Joshua Ezeudu,Marcus Mbow,3410,62
Joshua Ezeudu,Montrell Washington,3410,29
Joshua Ezeudu,Stone Forsythe,3410,39
Joshua Ezeudu,Thomas Fidone II,3410,40
Joshua Ezeudu,Tommy DeVito,3410,18
Joshua Ezeudu,Zach Pascal,3410,15
Joshua Farmer,Alex Austin,3200,36
Joshua Farmer,Anfernee Jennings,3200,27
Joshua Farmer,Bradyn Swinson,3200,15
Joshua Farmer,Brandon Crossley,3200,9
Joshua Farmer,Brenden Schooler,3200,4
Joshua Farmer,Cam Riley,3200,12
Joshua Farmer,Christian Elliss,3200,5
Joshua Farmer,Craig Woodson,3200,48
Joshua Farmer,DJ James,3200,27
Joshua Farmer,David Olajiga,3200,6
Joshua Farmer,Dell Pettus,3200,9
Joshua Farmer,Elijah Ponder,3200,19
Joshua Farmer,Isaiah Iton,3200,21
Joshua Farmer,Jabrill Peppers,3200,19
Joshua Farmer,Jack Gibbens,3200,41
Joshua Farmer,Jaylinn Hawkins,3200,13
Joshua Farmer,Jeremiah Pharms Jr.,3200,27
Joshua Farmer,Jordan Polk,3200,11
Joshua Farmer,K'Lavon Chaisson,3200,4
Joshua Farmer,Keion White,3200,26
Joshua Farmer,Khyiris Tonga,3200,5
Joshua Farmer,Kobee Minor,3200,35
Joshua Farmer,Kyle Dugger,3200,18
Joshua Farmer,Kyle Peko,3200,15
Joshua Farmer,Marcus Epps,3200,24
Joshua Farmer,Marcus Jones,3200,5
Joshua Farmer,Marte Mapu,3200,39
Joshua Farmer,Miles Battle,3200,46
Joshua Farmer,Monty Rice,3200,16
Joshua Farmer,Robert Spillane,3200,5
Joshua Farmer,Truman Jones,3200,33
Joshua Gray,Ben DiNucci,0200,9
Joshua Gray,Brandon Parker,0200,66
Joshua Gray,Chris Blair,0200,89
Joshua Gray,DJ Chark,0200,20
Joshua Gray,David Sills,0200,6
Joshua Gray,Dylan Drummond,0200,56
Joshua Gray,Easton Stick,0200,100
Joshua Gray,Elijah Dotson,0200,34
Joshua Gray,Elijah Wilkinson,0200,43
Joshua Gray,Emory Jones,0200,13
Joshua Gray,Feleipe Franks,0200,47
Joshua Gray,Jack Nelson,0200,104
Joshua Gray,Jake Hanson,0200,25
Joshua Gray,Jashaun Corbin,0200,45
Joshua Gray,Jesse Matthews,0200,42
Joshua Gray,Jordan Williams,0200,29
Joshua Gray,Joshua Simon,0200,63
Joshua Gray,Jovaughn Gwyn,0200,97
Joshua Gray,Kyle Hinton,0200,91
Joshua Gray,Matthew Cindric,0200,31
Joshua Gray,Nate Carter,0200,43
Joshua Gray,Nick Nash,0200,96
Joshua Gray,Nikola Kalinic,0200,39
Joshua Gray,Quincy Skinner Jr.,0200,30
Joshua Gray,Tyrone Wheatley Jr.,0200,2
Joshua Miles,Austin Reed,0810,38
Joshua Miles,Brittain Brown,0810,36
Joshua Miles,Case Keenum,0810,22
Joshua Miles,Chris Glaser,0810,82
Joshua Miles,Deion Hankins,0810,15
Joshua Miles,Ian Wheeler,0810,37
Joshua Miles,JP Richardson,0810,43
Joshua Miles,Jahdae Walker,0810,72
Joshua Miles,Joel Wilson,0810,76
Joshua Miles,John Jackson,0810,12
Joshua Miles,Jordan McFadden,0810,80
Joshua Miles,Kiran Amegadjie,0810,55
Joshua Miles,Luke Newman,0810,18
Joshua Miles,Maurice Alexander,0810,31
Joshua Miles,Miles Boykin,0810,5
Joshua Miles,Ozzy Trapilo,0810,25
Joshua Miles,Ricky Stromberg,0810,90
Joshua Miles,Royce Freeman,0810,2
Joshua Miles,Samori Toure,0810,70
Joshua Miles,Stephen Carlson,0810,20
Joshua Miles,Theo Benedet,0810,10
Joshua Miles,Thomas Gordon,0810,16
Joshua Miles,Tyler Scott,0810,15
Joshua Miles,Tyson Bagent,0810,30
Joshua Pickett,Andrew Farmer,1400,27
Joshua Pickett,Delarrin Turner-Yell,1400,31
Joshua Pickett,Eyioma Uwazurike,1400,6
Joshua Pickett,Garret Wallow,1400,11
Joshua Pickett,Garrett Nelson,1400,27
Joshua Pickett,J.B. Brown,1400,3
Joshua Pickett,JL Skinner,1400,2
Joshua Pickett,Jaden Robinson,1400,33
Joshua Pickett,Jordan Jackson,1400,6
Joshua Pickett,Jordan Miller,1400,11
Joshua Pickett,Jordan Turner,1400,28
Joshua Pickett,Karene Reid,1400,20
Joshua Pickett,Keidron Smith,1400,2
Joshua Pickett,Kristian Williams,1400,8
Joshua Pickett,Micah Abraham,1400,24
Joshua Pickett,Michael Dwumfour,1400,16
Joshua Pickett,Que Robinson,1400,12
Joshua Pickett,Quinton Newsome,1400,8
Joshua Pickett,Sai'vion Jones,1400,24
Joshua Pickett,Sam Franklin Jr.,1400,31
Joshua Simon,Ben DiNucci,0200,9
Joshua Simon,Brandon Parker,0200,48
Joshua Simon,Chris Blair,0200,44
Joshua Simon,DJ Chark,0200,21
Joshua Simon,Dylan Drummond,0200,29
Joshua Simon,Easton Stick,0200,55
Joshua Simon,Elijah Dotson,0200,25
Joshua Simon,Elijah Wilkinson,0200,32
Joshua Simon,Emory Jones,0200,14
Joshua Simon,Feleipe Franks,0200,1
Joshua Simon,Jack Nelson,0200,66
Joshua Simon,Jake Hanson,0200,19
Joshua Simon,Jashaun Corbin,0200,40
Joshua Simon,Jesse Matthews,0200,42
Joshua Simon,Jordan Williams,0200,23
Joshua Simon,Joshua Gray,0200,63
Joshua Simon,Jovaughn Gwyn,0200,59
Joshua Simon,Kyle Hinton,0200,53
Joshua Simon,Matthew Cindric,0200,25
Joshua Simon,Nate Carter,0200,13
Joshua Simon,Nick Nash,0200,56
Joshua Simon,Nikola Kalinic,0200,17
Joshua Simon,Quincy Skinner Jr.,0200,24
Joshua Simon,Tyrone Wheatley Jr.,0200,2
Joshua Uche,Adoree' Jackson,3700,26
Joshua Uche,Andre' Sam,3700,9
Joshua Uche,Andrew Mukuba,3700,16
Joshua Uche,Azeez Ojulari,3700,31
Joshua Uche,Brandon Johnson,3700,10
Joshua Uche,Byron Young,3700,12
Joshua Uche,Eli Ricks,3700,3
Joshua Uche,Gabe Hall,3700,23
Joshua Uche,Jacob Sykes,3700,9
Joshua Uche,Jakorian Bennett,3700,8
Joshua Uche,Jeremiah Trotter Jr.,3700,28
Joshua Uche,Jihaad Campbell,3700,18
Joshua Uche,Joe Evans,3700,5
Joshua Uche,Justin Rogers,3700,4
Joshua Uche,Kelee Ringo,3700,28
Joshua Uche,Mac McWilliams,3700,15
Joshua Uche,Patrick Johnson,3700,3
Joshua Uche,Smael Mondon Jr.,3700,22
Joshua Uche,Sydney Brown,3700,31
Joshua Uche,Tristin McCollum,3700,12
Joshua Uche,Ty Robinson,3700,27
Joshua Williams,Ajani Carter,2310,8
Joshua Williams,Ashton Gillotte,2310,21
Joshua Williams,Azizi Hearn,2310,2
Joshua Williams,Brandon George,2310,28
Joshua Williams,Cam Jones,2310,27
Joshua Williams,Charles Omenihu,2310,6
Joshua Williams,Christian Roland-Wallace,2310,30
Joshua Williams,Cole Christiansen,2310,25
Joshua Williams,Cooper McDonald,2310,36
Joshua Williams,Coziah Izzard,2310,28
Joshua Williams,Fabien Lovett Sr.,2310,40
Joshua Williams,Felix Anudike-Uzomah,2310,32
Joshua Williams,Glendon Miller,2310,41
Joshua Williams,Jacobe Covington,2310,2
Joshua Williams,Jaden Hicks,2310,16
Joshua Williams,Janarius Robinson,2310,3
Joshua Williams,Jeffrey Bassa,2310,36
Joshua Williams,Jerry Tillery,2310,7
Joshua Williams,Kevin Knowles,2310,21
Joshua Williams,Major Williams,2310,30
Joshua Williams,Malik Herring,2310,51
Joshua Williams,Marlon Tuipulotu,2310,38
Joshua Williams,Melvin Smith Jr.,2310,36
Joshua Williams,Mike Edwards,2310,21
Joshua Williams,Nate Matlack,2310,17
Joshua Williams,Nohl Williams,2310,15
Joshua Williams,Omarr Norman-Lott,2310,13
Joshuah Bledsoe,Ali Gaye,2100,48
Joshuah Bledsoe,Amani Oruwariye,2100,28
Joshuah Bledsoe,Amari Burney,2100,35
Joshuah Bledsoe,Blake Lynch,2100,9
Joshuah Bledsoe,Brian Asamoah II,2100,4
Joshuah Bledsoe,Cam Horsley,2100,54
Joshuah Bledsoe,Cedric Gray,2100,9
Joshuah Bledsoe,Clarence Lewis,2100,34
Joshuah Bledsoe,Curtis Jacobs,2100,44
Joshuah Bledsoe,David Gbenda,2100,18
Joshuah Bledsoe,Davion Ross,2100,42
Joshuah Bledsoe,Desmond Evans,2100,26
Joshuah Bledsoe,Gabe Jeudy-Lally,2100,10
Joshuah Bledsoe,Isaiah Raikes,2100,6
Joshuah Bledsoe,Jalen Kimber,2100,19
Joshuah Bledsoe,James Williams,2100,3
Joshuah Bledsoe,Jaylen Harrell,2100,22
Joshuah Bledsoe,Jermari Harris,2100,27
Joshuah Bledsoe,Joe Gaziano,2100,37
Joshuah Bledsoe,Josiah Bronson,2100,10
Joshuah Bledsoe,Julius Wood,2100,54
Joshuah Bledsoe,Marcus Harris,2100,10
Joshuah Bledsoe,Mike Brown,2100,7
Joshuah Bledsoe,Philip Blidi,2100,9
Joshuah Bledsoe,T.J. Smith,2100,1
Joshuah Bledsoe,Timmy Horne,2100,44
Josiah Bronson,Ali Gaye,2100,13
Josiah Bronson,Amani Oruwariye,2100,9
Josiah Bronson,Amari Burney,2100,4
Josiah Bronson,Cam Horsley,2100,11
Josiah Bronson,Cedric Gray,2100,7
Josiah Bronson,Clarence Lewis,2100,7
Josiah Bronson,Curtis Jacobs,2100,7
Josiah Bronson,David Gbenda,2100,5
Josiah Bronson,Davion Ross,2100,7
Josiah Bronson,Desmond Evans,2100,6
Josiah Bronson,Gabe Jeudy-Lally,2100,3
Josiah Bronson,Jalen Kimber,2100,3
Josiah Bronson,James Williams,2100,3
Josiah Bronson,Jaylen Harrell,2100,3
Josiah Bronson,Jermari Harris,2100,4
Josiah Bronson,Jihad Ward,2100,3
Josiah Bronson,Joe Gaziano,2100,3
Josiah Bronson,Joshuah Bledsoe,2100,10
Josiah Bronson,Julius Wood,2100,10
Josiah Bronson,Kendell Brooks,2100,3
Josiah Bronson,Marcus Harris,2100,3
Josiah Bronson,Mike Brown,2100,3
Josiah Bronson,Timmy Horne,2100,3
Josiah Deguara,Andre Baccellia,3800,23
Josiah Deguara,Bam Knight,3800,17
Josiah Deguara,Bryson Green,3800,30
Josiah Deguara,Christian Jones,3800,1
Josiah Deguara,Clayton Tune,3800,74
Josiah Deguara,DeeJay Dallas,3800,8
Josiah Deguara,Elijah Higgins,3800,1
Josiah Deguara,Emari Demercado,3800,21
Josiah Deguara,Greg Dortch,3800,1
Josiah Deguara,Hayden Conner,3800,17
Josiah Deguara,Jacoby Brissett,3800,2
Josiah Deguara,Jake Curhan,3800,51
Josiah Deguara,Jeremiah Byers,3800,68
Josiah Deguara,Jon Gaines II,3800,14
Josiah Deguara,Josh Fryar,3800,32
Josiah Deguara,McClendon Curtis,3800,16
Josiah Deguara,Michael Carter,3800,29
Josiah Deguara,Nate McCollum,3800,13
Josiah Deguara,Nick Leverett,3800,60
Josiah Deguara,Oscar Cardenas,3800,20
Josiah Deguara,Royce Newman,3800,53
Josiah Deguara,Simi Fehoko,3800,24
Josiah Deguara,Sincere Haynesworth,3800,68
Josiah Deguara,Tejhaun Palmer,3800,47
Josiah Deguara,Travis Vokolek,3800,25
Josiah Deguara,Trey Benson,3800,1
Josiah Deguara,Trishton Jackson,3800,3
Josiah Deguara,Xavier Weaver,3800,41
Josiah Ezirim,Cam Akers,3300,5
Josiah Ezirim,Cedrick Wilson Jr.,3300,7
Josiah Ezirim,Dante Pettis,3300,24
Josiah Ezirim,Donovan Peoples-Jones,3300,5
Josiah Ezirim,Easton Kilty,3300,10
Josiah Ezirim,Jake Haener,3300,16
Josiah Ezirim,Jonathan Mendoza,3300,25
Josiah Ezirim,Kevin Austin Jr.,3300,14
Josiah Ezirim,Kyle Hergel,3300,20
Josiah Ezirim,Luke Fortner,3300,6
Josiah Ezirim,Marcus Yarns,3300,11
Josiah Ezirim,Mason Tipton,3300,14
Josiah Ezirim,Michael Jacobson,3300,8
Josiah Ezirim,Mike Panasiuk,3300,15
Josiah Ezirim,Moliki Matavao,3300,4
Josiah Ezirim,Moochie Dixon,3300,6
Josiah Ezirim,Roderick Daniels Jr.,3300,5
Josiah Ezirim,Seth Green,3300,13
Josiah Ezirim,Shane Lemieux,3300,14
Josiah Ezirim,Spencer Rattler,3300,9
Josiah Ezirim,Torricelli Simpkins III,3300,10
Josiah Ezirim,Velus Jones Jr.,3300,9
Jourdan Lewis,Andrew Wingard,2250,14
Jourdan Lewis,Austin Johnson,2250,2
Jourdan Lewis,Christian Braswell,2250,5
Jourdan Lewis,DaVon Hamilton,2250,14
Jourdan Lewis,Darnell Savage,2250,4
Jourdan Lewis,Dawuane Smoot,2250,4
Jourdan Lewis,Devin Lloyd,2250,12
Jourdan Lewis,Emmanuel Ogbah,2250,2
Jourdan Lewis,Eric Murray,2250,16
Jourdan Lewis,Foye Oluokun,2250,16
Jourdan Lewis,Jarrian Jones,2250,13
Jourdan Lewis,Josh Hines-Allen,2250,15
Jourdan Lewis,Travon Walker,2250,14
Jourdan Lewis,Tyler Lacy,2250,12
Jourdan Lewis,Tyson Campbell,2250,9
Jourdan Lewis,Ventrell Miller,2250,2
Jourdan Lewis,Yasir Abdullah,2250,5
Jovaughn Gwyn,Ben DiNucci,0200,4
Jovaughn Gwyn,Brandon Parker,0200,80
Jovaughn Gwyn,Casey Washington,0200,11
Jovaughn Gwyn,Chris Blair,0200,103
Jovaughn Gwyn,DJ Chark,0200,9
Jovaughn Gwyn,David Sills,0200,17
Jovaughn Gwyn,Dylan Drummond,0200,77
Jovaughn Gwyn,Easton Stick,0200,116
Jovaughn Gwyn,Elijah Dotson,0200,36
Jovaughn Gwyn,Elijah Wilkinson,0200,75
Jovaughn Gwyn,Emory Jones,0200,9
Jovaughn Gwyn,Feleipe Franks,0200,53
Jovaughn Gwyn,Jack Nelson,0200,129
Jovaughn Gwyn,Jashaun Corbin,0200,44
Jovaughn Gwyn,Jesse Matthews,0200,41
Jovaughn Gwyn,Jordan Williams,0200,4
Jovaughn Gwyn,Joshua Gray,0200,97
Jovaughn Gwyn,Joshua Simon,0200,59
Jovaughn Gwyn,Kyle Hinton,0200,123
Jovaughn Gwyn,Matthew Cindric,0200,6
Jovaughn Gwyn,Nate Carter,0200,49
Jovaughn Gwyn,Nick Nash,0200,95
Jovaughn Gwyn,Nikola Kalinic,0200,43
Jovaughn Gwyn,Quincy Skinner Jr.,0200,8
Jovaughn Gwyn,Tyrone Wheatley Jr.,0200,2
Jowon Briggs,Adin Huntington,1050,8
Jowon Briggs,Cameron Mitchell,1050,7
Jowon Briggs,Cameron Thomas,1050,21
Jowon Briggs,Chigozie Anusiem,1050,6
Jowon Briggs,Chris Edmonds,1050,44
Jowon Briggs,Christian Holmes,1050,4
Jowon Briggs,Damontae Kazee,1050,7
Jowon Briggs,Darius Rush,1050,1
Jowon Briggs,Dom Jones,1050,28
Jowon Briggs,Donovan McMillon,1050,37
Jowon Briggs,Easton Mascarenas-Arnold,1050,34
Jowon Briggs,Jerome Baker,1050,5
Jowon Briggs,Joe Tryon-Shoyinka,1050,3
Jowon Briggs,Julian Okwara,1050,34
Jowon Briggs,KJ Henry,1050,23
Jowon Briggs,Keenan Isaac,1050,21
Jowon Briggs,LaMareon James,1050,6
Jowon Briggs,Myles Harden,1050,10
Jowon Briggs,Nathaniel Watson,1050,41
Jowon Briggs,Nik Needham,1050,22
Jowon Briggs,Ralph Holley,1050,27
Jowon Briggs,Sam Kamara,1050,11
Jowon Briggs,Titus Leo,1050,7
Jowon Briggs,Tony Brown,1050,21
Jowon Briggs,Winston Reid,1050,12
JuJu Smith-Schuster,Brashard Smith,2310,2
JuJu Smith-Schuster,Carson Steele,2310,4
JuJu Smith-Schuster,Creed Humphrey,2310,20
JuJu Smith-Schuster,Elijah Mitchell,2310,1
JuJu Smith-Schuster,Gardner Minshew,2310,7
JuJu Smith-Schuster,Isiah Pacheco,2310,9
JuJu Smith-Schuster,Jalen Royals,2310,6
JuJu Smith-Schuster,Jared Wiley,2310,2
JuJu Smith-Schuster,Jason Brownlee,2310,1
JuJu Smith-Schuster,Jawaan Taylor,2310,13
JuJu Smith-Schuster,Jaylon Moore,2310,7
JuJu Smith-Schuster,Josh Simmons,2310,20
JuJu Smith-Schuster,Kareem Hunt,2310,4
JuJu Smith-Schuster,Kingsley Suamataia,2310,20
JuJu Smith-Schuster,Nikko Remigio,2310,1
JuJu Smith-Schuster,Noah Gray,2310,9
JuJu Smith-Schuster,Patrick Mahomes,2310,13
JuJu Smith-Schuster,Rashee Rice,2310,11
JuJu Smith-Schuster,Robert Tonyan,2310,2
JuJu Smith-Schuster,Travis Kelce,2310,9
JuJu Smith-Schuster,Trey Smith,2310,20
JuJu Smith-Schuster,Tyquan Thornton,2310,6
JuJu Smith-Schuster,Xavier Worthy,2310,13
Juan Thornhill,Beanie Bishop Jr.,3900,10
Juan Thornhill,Brandin Echols,3900,30
Juan Thornhill,Chuck Clark,3900,30
Juan Thornhill,Cole Holcomb,3900,26
Juan Thornhill,Daniel Ekuale,3900,5
Juan Thornhill,Daryl Porter,3900,15
Juan Thornhill,DeMarvin Leal,3900,20
Juan Thornhill,Derrick Harmon,3900,22
Juan Thornhill,Eku Leota,3900,8
Juan Thornhill,Isaiahh Loudermilk,3900,10
Juan Thornhill,Jack Sawyer,3900,21
Juan Thornhill,James Pierre,3900,30
Juan Thornhill,Julius Welschof,3900,8
Juan Thornhill,Keeanu Benton,3900,22
Juan Thornhill,Malik Harrison,3900,4
Juan Thornhill,Nick Herbig,3900,3
Juan Thornhill,Payton Wilson,3900,30
Juan Thornhill,Yahya Black,3900,6
Juanyeh Thomas,Andrew Booth,1200,32
Juanyeh Thomas,Damone Clark,1200,23
Juanyeh Thomas,Darius Harris,1200,1
Juanyeh Thomas,Donovan Ezeiruaku,1200,17
Juanyeh Thomas,Earnest Brown IV,1200,12
Juanyeh Thomas,Israel Mukuamu,1200,3
Juanyeh Thomas,Jack Sanborn,1200,18
Juanyeh Thomas,James Houston,1200,9
Juanyeh Thomas,Jay Toia,1200,12
Juanyeh Thomas,Kaiir Elam,1200,16
Juanyeh Thomas,Kemon Hall,1200,11
Juanyeh Thomas,Marist Liufau,1200,27
Juanyeh Thomas,Markquese Bell,1200,27
Juanyeh Thomas,Marshawn Kneeland,1200,15
Juanyeh Thomas,Mazi Smith,1200,16
Juanyeh Thomas,Mike Smith Jr.,1200,2
Juanyeh Thomas,Payton Turner,1200,13
Juanyeh Thomas,Perrion Winfrey,1200,16
Juanyeh Thomas,Robert Rochell,1200,6
Juanyeh Thomas,Sam Williams,1200,13
Juanyeh Thomas,Shemar James,1200,5
Juanyeh Thomas,Troy Pride,1200,10
Juanyeh Thomas,Tyrus Wheat,1200,5
Juanyeh Thomas,Zion Childress,1200,11
Juice Scruggs,Aireontae Ersery,2120,10
Juice Scruggs,Austin Deculus,2120,49
Juice Scruggs,Blake Fisher,2120,20
Juice Scruggs,Braxton Berrios,2120,16
Juice Scruggs,Brevin Jordan,2120,13
Juice Scruggs,British Brooks,2120,1
Juice Scruggs,Cade Stover,2120,15
Juice Scruggs,Dameon Pierce,2120,10
Juice Scruggs,Daniel Jackson,2120,8
Juice Scruggs,Dare Ogunbowale,2120,12
Juice Scruggs,Davis Mills,2120,19
Juice Scruggs,Ed Ingram,2120,20
Juice Scruggs,Graham Mertz,2120,19
Juice Scruggs,Harrison Bryant,2120,7
Juice Scruggs,Irv Smith,2120,26
Juice Scruggs,J.J. Taylor,2120,2
Juice Scruggs,Jake Andrews,2120,10
Juice Scruggs,Jakob Johnson,2120,9
Juice Scruggs,Jarrett Patterson,2120,59
Juice Scruggs,Jawhar Jordan,2120,17
Juice Scruggs,Jayden Higgins,2120,40
Juice Scruggs,Jaylin Noel,2120,26
Juice Scruggs,Jaylon Thomas,2120,44
Juice Scruggs,John Metchie III,2120,19
Juice Scruggs,Justin Watson,2120,19
Juice Scruggs,Kedon Slovis,2120,31
Juice Scruggs,LaDarius Henderson,2120,5
Juice Scruggs,Luke Lachey,2120,26
Juice Scruggs,Quintez Cephus,2120,12
Juice Scruggs,Tre' McKitty,2120,3
Juice Scruggs,Woody Marks,2120,27
Juice Scruggs,Xavier Hutchinson,2120,25
Juice Scruggs,Xavier Johnson,2120,12
Juice Scruggs,Zach Thomas,2120,59
Julian Blackmon,Bryan Bresee,3300,25
Julian Blackmon,Cameron Jordan,3300,12
Julian Blackmon,Carl Granderson,3300,12
Julian Blackmon,Chase Young,3300,11
Julian Blackmon,Chris Rumph II,3300,10
Julian Blackmon,D'Marco Jackson,3300,8
Julian Blackmon,Danny Stutsman,3300,8
Julian Blackmon,Davon Godchaux,3300,11
Julian Blackmon,Demario Davis,3300,19
Julian Blackmon,Fadil Diggs,3300,6
Julian Blackmon,Isaac Yiadom,3300,27
Julian Blackmon,Isaiah Foskey,3300,5
Julian Blackmon,Jonathan Bullard,3300,3
Julian Blackmon,Jordan Howden,3300,10
Julian Blackmon,Justin Reid,3300,18
Julian Blackmon,Khalen Saunders,3300,6
Julian Blackmon,Kool-Aid McKinstry,3300,27
Julian Blackmon,Nathan Shepherd,3300,18
Julian Blackmon,Pete Werner,3300,14
Julian Blackmon,Terrell Burgess,3300,4
Julian Blackmon,Ugo Amadi,3300,16
Julian Good-Jones,Ben Sinnott,5110,32
Julian Good-Jones,Bobby Hart,5110,49
Julian Good-Jones,Braylon Sanders,5110,16
Julian Good-Jones,Chris Moore,5110,6
Julian Good-Jones,Chris Paul,5110,35
Julian Good-Jones,Chris Rodriguez Jr.,5110,16
Julian Good-Jones,Cole Turner,5110,12
Julian Good-Jones,Colson Yankoff,5110,24
Julian Good-Jones,Demetric Felton,5110,13
Julian Good-Jones,Foster Sarell,5110,35
Julian Good-Jones,Ja'Corey Brooks,5110,29
Julian Good-Jones,Jacoby Jones,5110,13
Julian Good-Jones,Jacory Croskey-Merritt,5110,19
Julian Good-Jones,Jaylin Lane,5110,26
Julian Good-Jones,Jeremy McNichols,5110,20
Julian Good-Jones,Josh Conerly Jr.,5110,21
Julian Good-Jones,Josh Johnson,5110,35
Julian Good-Jones,K.J. Osborn,5110,31
Julian Good-Jones,Kazmeir Allen,5110,2
Julian Good-Jones,Lawrence Cager,5110,15
Julian Good-Jones,Lucas Niang,5110,5
Julian Good-Jones,Luke McCaffrey,5110,25
Julian Good-Jones,Michael Deiter,5110,53
Julian Good-Jones,Michael Gallup,5110,12
Julian Good-Jones,Mike Strachan,5110,10
Julian Good-Jones,Noah Brown,5110,2
Julian Good-Jones,Sam Hartman,5110,35
Julian Good-Jones,Tay Martin,5110,27
Julian Good-Jones,Trent Scott,5110,49
Julian Good-Jones,Tyre Phillips,5110,33
Julian Hicks,Amar Johnson,1800,30
Julian Hicks,Anthony Belton,1800,79
Julian Hicks,Ben Sims,1800,41
Julian Hicks,Brant Banks,1800,13
Julian Hicks,Chris Brooks,1800,7
Julian Hicks,Cornelius Johnson,1800,39
Julian Hicks,Donovan Jennings,1800,76
Julian Hicks,Emanuel Wilson,1800,12
Julian Hicks,Isaiah Neyor,1800,25
Julian Hicks,Israel Abanikanda,1800,28
Julian Hicks,J.J. Lippe,1800,13
Julian Hicks,Jacob Monk,1800,39
Julian Hicks,Jalen White,1800,2
Julian Hicks,John FitzPatrick,1800,20
Julian Hicks,Johnny Lumpkin,1800,12
Julian Hicks,Jordan Morgan,1800,26
Julian Hicks,Kadeem Telfort,1800,60
Julian Hicks,Lecitus Smith,1800,30
Julian Hicks,Malik Heath,1800,29
Julian Hicks,Malik Willis,1800,26
Julian Hicks,MarShawn Lloyd,1800,7
Julian Hicks,Mecole Hardman,1800,37
Julian Hicks,Messiah Swinson,1800,37
Julian Hicks,Sean Clifford,1800,27
Julian Hicks,Sean Rhyan,1800,26
Julian Hicks,Taylor Elgersma,1800,36
Julian Hicks,Trey Hill,1800,45
Julian Hicks,Tyler Cooper,1800,38
Julian Hicks,Tyrion Davis-Price,1800,3
Julian Hicks,Will Sheppard,1800,27
Julian Hill,Aaron Brewer,2700,11
Julian Hill,Alexander Mattison,2700,3
Julian Hill,Daniel Brunskill,2700,9
Julian Hill,De'Von Achane,2700,5
Julian Hill,Dee Eskridge,2700,13
Julian Hill,Erik Ezukanma,2700,3
Julian Hill,Germain Ifedi,2700,3
Julian Hill,James Daniels,2700,11
Julian Hill,Jaylen Wright,2700,12
Julian Hill,Jonah Savaiinaea,2700,20
Julian Hill,Kion Smith,2700,9
Julian Hill,Larry Borom,2700,20
Julian Hill,Malik Washington,2700,3
Julian Hill,Nick Westbrook-Ikhine,2700,17
Julian Hill,Patrick Paul,2700,17
Julian Hill,Pharaoh Brown,2700,7
Julian Hill,Tahj Washington,2700,4
Julian Hill,Tanner Conner,2700,8
Julian Hill,Tarik Black,2700,5
Julian Hill,Tua Tagovailoa,2700,11
Julian Hill,Zach Wilson,2700,9
Julian Love,Boye Mafe,4600,10
Julian Love,Brandon Pili,4600,3
Julian Love,Byron Murphy II,4600,10
Julian Love,Coby Bryant,4600,10
Julian Love,Derick Hall,4600,10
Julian Love,Devon Witherspoon,4600,10
Julian Love,Ernest Jones,4600,10
Julian Love,Josh Jobe,4600,4
Julian Love,Mike Morris,4600,4
Julian Love,Nick Emmanwori,4600,6
Julian Love,Patrick O'Connell,4600,9
Julian Love,Quinton Bohanna,4600,4
Julian Love,Riq Woolen,4600,10
Julian Okwara,Adin Huntington,1050,27
Julian Okwara,Cameron Mitchell,1050,11
Julian Okwara,Cameron Thomas,1050,30
Julian Okwara,Charlie Thomas,1050,8
Julian Okwara,Chigozie Anusiem,1050,14
Julian Okwara,Chris Edmonds,1050,60
Julian Okwara,Christian Holmes,1050,2
Julian Okwara,Damontae Kazee,1050,16
Julian Okwara,Darius Rush,1050,3
Julian Okwara,Dom Jones,1050,29
Julian Okwara,Donovan McMillon,1050,45
Julian Okwara,Easton Mascarenas-Arnold,1050,47
Julian Okwara,Jerome Baker,1050,9
Julian Okwara,Jowon Briggs,1050,34
Julian Okwara,KJ Henry,1050,27
Julian Okwara,Keenan Isaac,1050,28
Julian Okwara,LaMareon James,1050,13
Julian Okwara,Myles Harden,1050,15
Julian Okwara,Nathaniel Watson,1050,45
Julian Okwara,Nik Needham,1050,28
Julian Okwara,Ralph Holley,1050,44
Julian Okwara,Sam Kamara,1050,15
Julian Okwara,Shelby Harris,1050,1
Julian Okwara,Titus Leo,1050,3
Julian Okwara,Tony Brown,1050,30
Julian Okwara,Winston Reid,1050,16
Julian Pearl,Doug Nester,3900,12
Julian Pearl,Dylan Cook,3900,5
Julian Pearl,Evan Hull,3900,5
Julian Pearl,JJ Galbreath,3900,12
Julian Pearl,Ke'Shawn Williams,3900,9
Julian Pearl,Kevin Foelsch,3900,7
Julian Pearl,Lance McCutcheon,3900,12
Julian Pearl,Lew Nichols III,3900,5
Julian Pearl,Logan Woodside,3900,12
Julian Pearl,Max Hurleman,3900,5
Julian Pearl,Max Scharping,3900,12
Julian Pearl,Robert Woods,3900,3
Julian Pearl,Ryan McCollum,3900,12
Julian Pearl,Steven Jones,3900,7
Julian Pearl,Trey Sermon,3900,2
Julius Brents,Adetomiwa Adebawore,2200,14
Julius Brents,Austin Ajiake,2200,12
Julius Brents,Cameron McGrone,2200,13
Julius Brents,Chris Lammons,2200,18
Julius Brents,Daniel Scott,2200,16
Julius Brents,Desmond Little,2200,3
Julius Brents,Durell Nchami,2200,15
Julius Brents,Eric Johnson,2200,4
Julius Brents,Isaiah Land,2200,5
Julius Brents,JT Tuimoloau,2200,15
Julius Brents,Johnathan Edwards,2200,18
Julius Brents,Josh Tupou,2200,3
Julius Brents,Neville Gallimore,2200,12
Julius Brents,Rodney Thomas,2200,18
Julius Brents,Segun Olubi,2200,5
Julius Brents,Solomon DeShields,2200,5
Julius Brents,Tim Smith,2200,1
Julius Brents,Trey Washington,2200,2
Julius Chestnut,Andrew Rupcich,2100,22
Julius Chestnut,Blake Hance,2100,30
Julius Chestnut,Brandon Allen,2100,25
Julius Chestnut,Brandon Crenshaw-Dickson,2100,2
Julius Chestnut,Brenden Jaimes,2100,25
Julius Chestnut,Bryce Oliver,2100,23
Julius Chestnut,Cam Ward,2100,10
Julius Chestnut,Cameron Ward,2100,8
Julius Chestnut,Chig Okonkwo,2100,13
Julius Chestnut,Chimere Dike,2100,34
Julius Chestnut,Corey Levin,2100,18
Julius Chestnut,Dan Moore Jr.,2100,16
Julius Chestnut,David Martin-Robinson,2100,7
Julius Chestnut,Elic Ayomanor,2100,32
Julius Chestnut,Gunnar Helm,2100,31
Julius Chestnut,JC Latham,2100,8
Julius Chestnut,Jackson Slater,2100,16
Julius Chestnut,Jaelyn Duncan,2100,13
Julius Chestnut,James Proche,2100,8
Julius Chestnut,John Ojukwu,2100,24
Julius Chestnut,Josh Whyle,2100,2
Julius Chestnut,Kalel Mullings,2100,1
Julius Chestnut,Olisaemeka Udoh,2100,24
Julius Chestnut,Peter Skoronski,2100,18
Julius Chestnut,Tyler Lockett,2100,5
Julius Chestnut,Van Jefferson,2100,15
Julius Welschof,Beanie Bishop Jr.,3900,15
Julius Welschof,Brandin Echols,3900,35
Julius Welschof,Breiden Fehoko,3900,19
Julius Welschof,Cameron McCutcheon,3900,6
Julius Welschof,Carson Bruener,3900,32
Julius Welschof,Chuck Clark,3900,37
Julius Welschof,Cole Holcomb,3900,30
Julius Welschof,D'Shawn Jamison,3900,29
Julius Welschof,Daniel Ekuale,3900,16
Julius Welschof,Darius Slay,3900,3
Julius Welschof,Daryl Porter,3900,33
Julius Welschof,DeShon Elliott,3900,3
Julius Welschof,Derrick Harmon,3900,22
Julius Welschof,Devin Harper,3900,28
Julius Welschof,Domenique Davis,3900,15
Julius Welschof,Eku Leota,3900,79
Julius Welschof,Esezi Otomewo,3900,21
Julius Welschof,Isaiahh Loudermilk,3900,27
Julius Welschof,Jalen Ramsey,3900,3
Julius Welschof,James Pierre,3900,38
Julius Welschof,Joey Porter Jr.,3900,3
Julius Welschof,Juan Thornhill,3900,8
Julius Welschof,Kam Alexander,3900,6
Julius Welschof,Keeanu Benton,3900,6
Julius Welschof,Kyler Baugh,3900,15
Julius Welschof,Kyler McMichael,3900,32
Julius Welschof,Logan Lee,3900,15
Julius Welschof,Malik Harrison,3900,33
Julius Welschof,Mark Robinson,3900,21
Julius Welschof,Mikey Victor,3900,17
Julius Welschof,Miles Killebrew,3900,30
Julius Welschof,Patrick Queen,3900,3
Julius Welschof,Payton Wilson,3900,11
Julius Welschof,Quindell Johnson,3900,38
Julius Welschof,Sebastian Castro,3900,42
Julius Welschof,Yahya Black,3900,19
Julius Wood,Ali Gaye,2100,56
Julius Wood,Amani Oruwariye,2100,32
Julius Wood,Amari Burney,2100,28
Julius Wood,Blake Lynch,2100,22
Julius Wood,Brian Asamoah II,2100,17
Julius Wood,Cam Horsley,2100,53
Julius Wood,Carlos Watkins,2100,7
Julius Wood,Cedric Gray,2100,9
Julius Wood,Clarence Lewis,2100,34
Julius Wood,Curtis Jacobs,2100,40
Julius Wood,David Gbenda,2100,18
Julius Wood,Davion Ross,2100,42
Julius Wood,Desmond Evans,2100,20
Julius Wood,Gabe Jeudy-Lally,2100,16
Julius Wood,Isaiah Raikes,2100,6
Julius Wood,Jalen Kimber,2100,19
Julius Wood,James Lynch,2100,7
Julius Wood,Jaylen Harrell,2100,35
Julius Wood,Jermari Harris,2100,27
Julius Wood,Joe Gaziano,2100,34
Julius Wood,Joshuah Bledsoe,2100,54
Julius Wood,Josiah Bronson,2100,10
Julius Wood,Marcus Harris,2100,16
Julius Wood,Mike Brown,2100,13
Julius Wood,Philip Blidi,2100,9
Julius Wood,T.J. Smith,2100,1
Julius Wood,Timmy Horne,2100,45
Junior Bergen,Ameer Abdullah,4500,1
Junior Bergen,Austen Pleasants,4500,13
Junior Bergen,Brayden Willis,4500,13
Junior Bergen,Carter Bradley,4500,27
Junior Bergen,Connor Colby,4500,23
Junior Bergen,Corey Kiner,4500,16
Junior Bergen,Drake Nugent,4500,35
Junior Bergen,Drew Moss,4500,29
Junior Bergen,Isaac Alarcon,4500,29
Junior Bergen,Isaiah Hodgins,4500,7
Junior Bergen,Isaiah Prince,4500,26
Junior Bergen,Jake Tonges,4500,28
Junior Bergen,Jeff Wilson,4500,8
Junior Bergen,Jordan Watkins,4500,15
Junior Bergen,Ke'Shawn Vaughn,4500,14
Junior Bergen,Luke Farrell,4500,4
Junior Bergen,Mac Jones,4500,4
Junior Bergen,Malik Turner,4500,7
Junior Bergen,Matt Hennessy,4500,4
Junior Bergen,Michael Dunn,4500,5
Junior Bergen,Nick Zakelj,4500,21
Junior Bergen,Robbie Chosen,4500,20
Junior Bergen,Russell Gage,4500,6
Junior Bergen,Spencer Burford,4500,10
Junior Bergen,Tanner Mordecai,4500,8
Junior Bergen,Terique Owens,4500,17
Junior Colson,Caleb Murphy,4400,38
Junior Colson,Christopher Hinton,4400,21
Junior Colson,Da'Shawn Hand,4400,7
Junior Colson,Deane Leonard,4400,13
Junior Colson,Emany Johnson,4400,27
Junior Colson,Eric Rogers,4400,5
Junior Colson,Garmon Randolph,4400,11
Junior Colson,Ja'Sir Taylor,4400,51
Junior Colson,Jamaree Caldwell,4400,32
Junior Colson,Jordan Oladokun,4400,11
Junior Colson,Josh Fuga,4400,5
Junior Colson,Justin Eboigbe,4400,18
Junior Colson,Kendall Williamson,4400,37
Junior Colson,Kylan Guidry,4400,34
Junior Colson,Kyle Kennard,4400,10
Junior Colson,Marlowe Wax,4400,11
Junior Colson,Myles Purchase,4400,12
Junior Colson,Naquan Jones,4400,24
Junior Colson,Nikko Reed,4400,46
Junior Colson,Otito Ogbonnia,4400,4
Junior Colson,R.J. Mickens,4400,57
Junior Colson,Scott Matlock,4400,16
Junior Colson,TeRah Edwards,4400,14
Junior Colson,Tony Jefferson,4400,29
Junior Colson,Tre'Mon Morris-Brash,4400,35
Junior Colson,Trikweze Bridges,4400,46
Junior Colson,Troy Dye,4400,26
Junior Tafuna,Arthur Maulet,2120,36
Junior Tafuna,Casey Toohill,2120,54
Junior Tafuna,Christian Harris,2120,2
Junior Tafuna,D'Angelo Ross,2120,32
Junior Tafuna,Damon Arnette,2120,47
Junior Tafuna,Darrell Taylor,2120,15
Junior Tafuna,Dylan Horton,2120,15
Junior Tafuna,E.J. Speed,2120,12
Junior Tafuna,Haggai Ndubuisi,2120,43
Junior Tafuna,Henry To'oTo'o,2120,4
Junior Tafuna,Jackson Woodard,2120,40
Junior Tafuna,Jake Hansen,2120,15
Junior Tafuna,Jalen Mills,2120,26
Junior Tafuna,Jamal Hill,2120,41
Junior Tafuna,Jaylin Smith,2120,24
Junior Tafuna,K.C. Ossai,2120,41
Junior Tafuna,M.J. Stewart,2120,26
Junior Tafuna,Marlon Davidson,2120,19
Junior Tafuna,Myles Bryant,2120,60
Junior Tafuna,Nick Niemann,2120,36
Junior Tafuna,Russ Yeast,2120,55
Junior Tafuna,Solomon Byrd,2120,53
Junior Tafuna,Tim Settle,2120,1
Junior Tafuna,Tommy Togiai,2120,27
Junior Tafuna,Tremon Smith,2120,56
Justin Barron,Alijah Clark,1200,6
Justin Barron,Andrew Booth,1200,26
Justin Barron,Buddy Johnson,1200,1
Justin Barron,Christian Matthew,1200,12
Justin Barron,Darius Harris,1200,54
Justin Barron,Denzel Daxon,1200,33
Justin Barron,Donovan Ezeiruaku,1200,7
Justin Barron,Earnest Brown IV,1200,23
Justin Barron,Israel Mukuamu,1200,64
Justin Barron,James Houston,1200,48
Justin Barron,Jay Toia,1200,18
Justin Barron,Kemon Hall,1200,15
Justin Barron,Mazi Smith,1200,6
Justin Barron,Michael Ojemudia,1200,30
Justin Barron,Mike Smith Jr.,1200,66
Justin Barron,Payton Turner,1200,3
Justin Barron,Perrion Winfrey,1200,32
Justin Barron,Robert Rochell,1200,13
Justin Barron,Shemar James,1200,42
Justin Barron,Tommy Akingbesote,1200,48
Justin Barron,Troy Pride,1200,55
Justin Barron,Tyrus Wheat,1200,54
Justin Barron,Zion Childress,1200,24
Justin Dedich,A.J. Arcuri,2510,62
Justin Dedich,Anthony Torres,2510,22
Justin Dedich,Beaux Limmer,2510,72
Justin Dedich,Blake Corum,2510,28
Justin Dedich,Brennan Presley,2510,16
Justin Dedich,Britain Covey,2510,24
Justin Dedich,Cody Schrader,2510,6
Justin Dedich,David Quessenberry,2510,49
Justin Dedich,Davis Allen,2510,36
Justin Dedich,Drake Stoops,2510,65
Justin Dedich,Jarquez Hunter,2510,53
Justin Dedich,KT Leveston,2510,38
Justin Dedich,Konata Mumpfield,2510,62
Justin Dedich,Mario Williams,2510,25
Justin Dedich,Mark Redman,2510,30
Justin Dedich,McCallan Castles,2510,1
Justin Dedich,Stetson Bennett,2510,87
Justin Dedich,Tru Edwards,2510,15
Justin Dedich,Warren McClendon Jr.,2510,25
Justin Dedich,Willie Lampkin,2510,27
Justin Dedich,Wyatt Bowles,2510,75
Justin Dedich,Xavier Smith,2510,52
Justin Eboigbe,Benjamin St-Juste,4400,2
Justin Eboigbe,Caleb Murphy,4400,27
Justin Eboigbe,Cam Hart,4400,3
Justin Eboigbe,Christopher Hinton,4400,5
Justin Eboigbe,Deane Leonard,4400,8
Justin Eboigbe,Del'Shawn Phillips,4400,10
Justin Eboigbe,Emany Johnson,4400,36
Justin Eboigbe,Eric Rogers,4400,7
Justin Eboigbe,Garmon Randolph,4400,25
Justin Eboigbe,Ja'Sir Taylor,4400,39
Justin Eboigbe,Jamaree Caldwell,4400,38
Justin Eboigbe,Jaylen Jones,4400,9
Justin Eboigbe,Junior Colson,4400,18
Justin Eboigbe,Kana'i Mauga,4400,14
Justin Eboigbe,Kendall Williamson,4400,47
Justin Eboigbe,Kylan Guidry,4400,23
Justin Eboigbe,Kyle Kennard,4400,13
Justin Eboigbe,Marlowe Wax,4400,33
Justin Eboigbe,Myles Purchase,4400,20
Justin Eboigbe,Naquan Jones,4400,22
Justin Eboigbe,Nehemiah Shelton,4400,1
Justin Eboigbe,Nesta Jade Silvera,4400,2
Justin Eboigbe,Nikko Reed,4400,34
Justin Eboigbe,R.J. Mickens,4400,47
Justin Eboigbe,Scott Matlock,4400,5
Justin Eboigbe,Tarheeb Still,4400,2
Justin Eboigbe,TeRah Edwards,4400,2
Justin Eboigbe,Tony Jefferson,4400,19
Justin Eboigbe,Tre'Mon Morris-Brash,4400,34
Justin Eboigbe,Trikweze Bridges,4400,54
Justin Eboigbe,Troy Dye,4400,11
Justin Fields,Alijah Vera-Tucker,3430,28
Justin Fields,Allen Lazard,3430,2
Justin Fields,Andrew Beck,3430,5
Justin Fields,Arian Smith,3430,2
Justin Fields,Armand Membou,3430,28
Justin Fields,Braelon Allen,3430,10
Justin Fields,Breece Hall,3430,16
Justin Fields,Garrett Wilson,3430,28
Justin Fields,Isaiah Davis,3430,3
Justin Fields,Jeremy Ruckert,3430,20
Justin Fields,Joe Tippmann,3430,28
Justin Fields,John Simpson,3430,18
Justin Fields,Josh Myers,3430,10
Justin Fields,Josh Reynolds,3430,26
Justin Fields,Mason Taylor,3430,13
Justin Fields,Olumuyiwa Fashanu,3430,28
Justin Fields,Tyler Johnson,3430,13
Justin Fields,Zack Kuntz,3430,2
Justin Herbert,Bradley Bozeman,4400,7
Justin Herbert,Jamaree Salyer,4400,7
Justin Herbert,Joe Alt,4400,7
Justin Herbert,KeAndre Lambert-Smith,4400,4
Justin Herbert,Keenan Allen,4400,5
Justin Herbert,Ladd McConkey,4400,7
Justin Herbert,Omarion Hampton,4400,7
Justin Herbert,Quentin Johnston,4400,3
Justin Herbert,Scott Matlock,4400,2
Justin Herbert,Trey Pipkins,4400,7
Justin Herbert,Tyler Conklin,4400,4
Justin Herbert,Will Dissly,4400,3
Justin Herbert,Zion Johnson,4400,7
Justin Hollins,Brandon Codrington,0610,15
Justin Hollins,Casey Rogers,0610,13
Justin Hollins,Dane Jackson,0610,6
Justin Hollins,Darrick Forrest,0610,14
Justin Hollins,Dorian Strong,0610,21
Justin Hollins,Edefuan Ulofoshio,0610,23
Justin Hollins,Ja'Marcus Ingram,0610,19
Justin Hollins,Jimmy Ciarlo,0610,11
Justin Hollins,Jordan Hancock,0610,19
Justin Hollins,Keonta Jenkins,0610,12
Justin Hollins,Marcus Harris,0610,12
Justin Hollins,Paris Shand,0610,23
Justin Hollins,Te'Cory Couch,0610,8
Justin Hollins,Wande Owens,0610,13
Justin Hollins,Zion Logue,0610,21
Justin Reid,Bryan Bresee,3300,16
Justin Reid,Cameron Jordan,3300,12
Justin Reid,Carl Granderson,3300,11
Justin Reid,Chase Young,3300,10
Justin Reid,Chris Rumph II,3300,5
Justin Reid,Davon Godchaux,3300,10
Justin Reid,Demario Davis,3300,18
Justin Reid,Isaac Yiadom,3300,18
Justin Reid,Jonathan Bullard,3300,3
Justin Reid,Jordan Howden,3300,1
Justin Reid,Julian Blackmon,3300,18
Justin Reid,Kool-Aid McKinstry,3300,18
Justin Reid,Nathan Shepherd,3300,12
Justin Reid,Pete Werner,3300,13
Justin Reid,Ugo Amadi,3300,15
Justin Rogers,Andre' Sam,3700,18
Justin Rogers,Andrew Mukuba,3700,4
Justin Rogers,Antwaun Powell-Ryland,3700,17
Justin Rogers,Azeez Ojulari,3700,1
Justin Rogers,Brandon Johnson,3700,4
Justin Rogers,Chance Campbell,3700,15
Justin Rogers,Dallas Gant,3700,19
Justin Rogers,Eli Ricks,3700,16
Justin Rogers,Jacob Sykes,3700,18
Justin Rogers,Jakorian Bennett,3700,4
Justin Rogers,Jereme Robinson,3700,5
Justin Rogers,Jeremiah Trotter Jr.,3700,4
Justin Rogers,Joe Evans,3700,20
Justin Rogers,Joshua Uche,3700,4
Justin Rogers,Kelee Ringo,3700,4
Justin Rogers,Lance Dixon,3700,4
Justin Rogers,Lewis Cine,3700,1
Justin Rogers,Mac McWilliams,3700,15
Justin Rogers,Maxen Hook,3700,15
Justin Rogers,Ochaun Mathis,3700,16
Justin Rogers,Parry Nickerson,3700,10
Justin Rogers,Patrick Johnson,3700,3
Justin Rogers,Smael Mondon Jr.,3700,4
Justin Rogers,Sydney Brown,3700,4
Justin Rogers,Tristin McCollum,3700,4
Justin Rogers,Ty Robinson,3700,1
Justin Shorter,Aidan O'Connell,2520,24
Justin Shorter,Albert Okwuegbunam,2520,11
Justin Shorter,Atonio Mafi,2520,26
Justin Shorter,Caleb Rogers,2520,26
Justin Shorter,Cam Miller,2520,28
Justin Shorter,Carter Runyon,2520,29
Justin Shorter,Charles Grant,2520,26
Justin Shorter,Chris Collier,2520,19
Justin Shorter,Dalton Wagner,2520,26
Justin Shorter,Dylan Laube,2520,22
Justin Shorter,Gottlieb Ayedze,2520,25
Justin Shorter,Jackson Powers-Johnson,2520,4
Justin Shorter,Jarrod Hufford,2520,26
Justin Shorter,Jordan Meredith,2520,4
Justin Shorter,Kawaan Baker,2520,2
Justin Shorter,Ketron Jackson Jr.,2520,11
Justin Shorter,Laki Tasi,2520,19
Justin Shorter,Parker Clements,2520,26
Justin Shorter,Phillip Dorsett,2520,40
Justin Shorter,Qadir Ismail,2520,14
Justin Shorter,Raheem Mostert,2520,4
Justin Shorter,Shedrick Jackson,2520,45
Justin Shorter,Sincere McCormick,2520,4
Justin Shorter,Thayer Munford Jr.,2520,26
Justin Shorter,Tommy Mellott,2520,4
Justin Shorter,Will Putnam,2520,26
Justin Shorter,Zamir White,2520,3
Justin Skule,Brian O'Neill,3000,12
Justin Skule,C.J. Ham,3000,3
Justin Skule,Donovan Jackson,3000,12
Justin Skule,J.J. McCarthy,3000,12
Justin Skule,Jalen Nailor,3000,12
Justin Skule,Jordan Addison,3000,12
Justin Skule,Jordan Mason,3000,12
Justin Skule,Josh Oliver,3000,8
Justin Skule,Lucky Jackson,3000,5
Justin Skule,Ryan Kelly,3000,12
Justin Skule,T.J. Hockenson,3000,8
Justin Skule,Will Fries,3000,12
Justin Strnad,Alex Singleton,1400,9
Justin Strnad,Brandon Jones,1400,18
Justin Strnad,D.J. Jones,1400,9
Justin Strnad,Damarri Mathis,1400,20
Justin Strnad,Devon Key,1400,23
Justin Strnad,Dondrea Tillman,1400,24
Justin Strnad,Eyioma Uwazurike,1400,23
Justin Strnad,JL Skinner,1400,3
Justin Strnad,Ja'Quan McMillian,1400,10
Justin Strnad,Jahdae Barron,1400,21
Justin Strnad,John Franklin-Myers,1400,8
Justin Strnad,Jonah Elliss,1400,26
Justin Strnad,Jonathon Cooper,1400,18
Justin Strnad,Jordan Jackson,1400,20
Justin Strnad,Jordan Miller,1400,10
Justin Strnad,Keidron Smith,1400,3
Justin Strnad,Kris Abrams-Draine,1400,24
Justin Strnad,Kristian Williams,1400,3
Justin Strnad,Levelle Bailey,1400,35
Justin Strnad,Malcolm Roach,1400,11
Justin Strnad,Nik Bonitto,1400,9
Justin Strnad,P.J. Locke,1400,23
Justin Strnad,Pat Surtain II,1400,18
Justin Strnad,Que Robinson,1400,11
Justin Strnad,Riley Moss,1400,18
Justin Strnad,Sai'vion Jones,1400,12
Justin Strnad,Talanoa Hufanga,1400,18
Justin Strnad,Zach Allen,1400,13
Justin Watson,Aireontae Ersery,2120,5
Justin Watson,Austin Deculus,2120,38
Justin Watson,Blake Fisher,2120,15
Justin Watson,Braxton Berrios,2120,21
Justin Watson,Brevin Jordan,2120,2
Justin Watson,British Brooks,2120,2
Justin Watson,Cade Stover,2120,2
Justin Watson,Dalton Keene,2120,5
Justin Watson,Dalton Schultz,2120,2
Justin Watson,Dameon Pierce,2120,2
Justin Watson,Daniel Jackson,2120,2
Justin Watson,Dare Ogunbowale,2120,4
Justin Watson,Davis Mills,2120,7
Justin Watson,Ed Ingram,2120,6
Justin Watson,Eli Cox,2120,14
Justin Watson,Graham Mertz,2120,21
Justin Watson,Harrison Bryant,2120,4
Justin Watson,Irv Smith,2120,9
Justin Watson,J.J. Taylor,2120,4
Justin Watson,Jake Andrews,2120,5
Justin Watson,Jakob Johnson,2120,7
Justin Watson,Jarrett Patterson,2120,25
Justin Watson,Jawhar Jordan,2120,15
Justin Watson,Jayden Higgins,2120,3
Justin Watson,Jaylin Noel,2120,9
Justin Watson,Jaylon Thomas,2120,37
Justin Watson,John Metchie III,2120,34
Justin Watson,Juice Scruggs,2120,19
Justin Watson,Kedon Slovis,2120,16
Justin Watson,LaDarius Henderson,2120,24
Justin Watson,Laken Tomlinson,2120,2
Justin Watson,Luke Lachey,2120,27
Justin Watson,Woody Marks,2120,17
Justin Watson,Xavier Hutchinson,2120,1
Justin Watson,Xavier Johnson,2120,4
Justin Watson,Zach Thomas,2120,30
Juwan Johnson,Alvin Kamara,3300,1
Juwan Johnson,Brandin Cooks,3300,16
Juwan Johnson,Cedrick Wilson Jr.,3300,5
Juwan Johnson,Cesar Ruiz,3300,20
Juwan Johnson,Chris Olave,3300,12
Juwan Johnson,Clyde Edwards-Helaire,3300,3
Juwan Johnson,Dillon Radunz,3300,12
Juwan Johnson,Erik McCoy,3300,12
Juwan Johnson,Jack Stoll,3300,6
Juwan Johnson,Kelvin Banks Jr.,3300,20
Juwan Johnson,Kendre Miller,3300,16
Juwan Johnson,Landon Young,3300,12
Juwan Johnson,Mason Tipton,3300,7
Juwan Johnson,Rashid Shaheed,3300,12
Juwan Johnson,Spencer Rattler,3300,20
Juwan Johnson,Taliese Fuaga,3300,8
Juwan Johnson,Torricelli Simpkins III,3300,6
Juwan Johnson,Trevor Penning,3300,8
Juwan Johnson,Velus Jones Jr.,3300,2
Juwan Johnson,Will Clapp,3300,2
Juwann Winfree,Austin Deculus,2120,40
Juwann Winfree,British Brooks,2120,12
Juwann Winfree,Conor McDermott,2120,25
Juwann Winfree,Cornell Powell,2120,25
Juwann Winfree,Daniel Jackson,2120,9
Juwann Winfree,Dare Ogunbowale,2120,4
Juwann Winfree,Eli Cox,2120,40
Juwann Winfree,Graham Mertz,2120,14
Juwann Winfree,Harrison Bryant,2120,16
Juwann Winfree,Irv Smith,2120,6
Juwann Winfree,Jakob Johnson,2120,11
Juwann Winfree,Jawhar Jordan,2120,14
Juwann Winfree,Jaylon Thomas,2120,40
Juwann Winfree,Kedon Slovis,2120,26
Juwann Winfree,LaDarius Henderson,2120,40
Juwann Winfree,Luke Lachey,2120,20
Juwann Winfree,Quintez Cephus,2120,33
Juwann Winfree,Woody Marks,2120,10
Juwann Winfree,Zach Thomas,2120,15
K'Lavon Chaisson,Alex Austin,3200,5
K'Lavon Chaisson,Cam Riley,3200,4
K'Lavon Chaisson,Christian Elliss,3200,1
K'Lavon Chaisson,Craig Woodson,3200,6
K'Lavon Chaisson,Dell Pettus,3200,1
K'Lavon Chaisson,Isaiah Iton,3200,5
K'Lavon Chaisson,Jack Gibbens,3200,5
K'Lavon Chaisson,Jaylinn Hawkins,3200,1
K'Lavon Chaisson,Jeremiah Pharms Jr.,3200,3
K'Lavon Chaisson,Joshua Farmer,3200,4
K'Lavon Chaisson,Keion White,3200,4
K'Lavon Chaisson,Khyiris Tonga,3200,1
K'Lavon Chaisson,Kobee Minor,3200,5
K'Lavon Chaisson,Kyle Dugger,3200,5
K'Lavon Chaisson,Miles Battle,3200,6
K'Lavon Chaisson,Milton Williams,3200,1
K'Lavon Chaisson,Robert Spillane,3200,1
K'Lavon Chaisson,Truman Jones,3200,2
K'Von Wallace,Abdul Carter,3410,3
K'Von Wallace,Andru Phillips,3410,6
K'Von Wallace,Art Green,3410,14
K'Von Wallace,Chauncey Golston,3410,9
K'Von Wallace,Chris Board,3410,4
K'Von Wallace,Cordale Flott,3410,6
K'Von Wallace,Cory Durden,3410,4
K'Von Wallace,DJ Davidson,3410,24
K'Von Wallace,Darius Alexander,3410,13
K'Von Wallace,Dee Williams,3410,18
K'Von Wallace,Dyontae Johnson,3410,37
K'Von Wallace,Elijah Chatman,3410,7
K'Von Wallace,Elijah Garcia,3410,21
K'Von Wallace,Jeremiah Ledbetter,3410,12
K'Von Wallace,Jordon Riley,3410,13
K'Von Wallace,K.J. Cloyd,3410,33
K'Von Wallace,Makari Paige,3410,37
K'Von Wallace,Nic Jones,3410,21
K'Von Wallace,O'Donnell Fortune,3410,13
K'Von Wallace,TJ Moore,3410,23
K'Von Wallace,Tomon Fox,3410,29
K'Von Wallace,Trace Ford,3410,23
K.C. Ossai,Arthur Maulet,2120,22
K.C. Ossai,Casey Toohill,2120,30
K.C. Ossai,D'Angelo Ross,2120,15
K.C. Ossai,Damon Arnette,2120,34
K.C. Ossai,Darrell Taylor,2120,5
K.C. Ossai,Dylan Horton,2120,4
K.C. Ossai,Haggai Ndubuisi,2120,30
K.C. Ossai,Jackson Woodard,2120,35
K.C. Ossai,Jalen Mills,2120,15
K.C. Ossai,Jamal Hill,2120,23
K.C. Ossai,Jaylin Smith,2120,3
K.C. Ossai,Junior Tafuna,2120,41
K.C. Ossai,M.J. Stewart,2120,8
K.C. Ossai,Marlon Davidson,2120,15
K.C. Ossai,Myles Bryant,2120,36
K.C. Ossai,Nick Niemann,2120,16
K.C. Ossai,Russ Yeast,2120,26
K.C. Ossai,Solomon Byrd,2120,34
K.C. Ossai,Tim Settle,2120,1
K.C. Ossai,Tommy Togiai,2120,8
K.C. Ossai,Tremon Smith,2120,39
K.J. Britt,Alex Huntley,2700,3
K.J. Britt,Ben Stille,2700,2
K.J. Britt,Benito Jones,2700,14
K.J. Britt,Bradley Chubb,2700,2
K.J. Britt,Cam Smith,2700,9
K.J. Britt,Cameron Goode,2700,8
K.J. Britt,Channing Tindall,2700,11
K.J. Britt,Chop Robinson,2700,10
K.J. Britt,Cornell Armstrong,2700,12
K.J. Britt,Dante Trader Jr.,2700,5
K.J. Britt,Derrick McLendon,2700,16
K.J. Britt,Elijah Campbell,2700,32
K.J. Britt,Ethan Bonner,2700,16
K.J. Britt,Grayson Murphy,2700,28
K.J. Britt,Ifeatu Melifonwu,2700,35
K.J. Britt,Isaiah Johnson,2700,9
K.J. Britt,Jack Jones,2700,21
K.J. Britt,Jaelan Phillips,2700,2
K.J. Britt,Jason Marshall Jr.,2700,11
K.J. Britt,Jordan Colbert,2700,7
K.J. Britt,Jordan Phillips,2700,22
K.J. Britt,Kendall Sheffield,2700,20
K.J. Britt,Kenneth Grant,2700,30
K.J. Britt,Matt Dickerson,2700,9
K.J. Britt,Matthew Butler,2700,36
K.J. Britt,Matthew Judon,2700,10
K.J. Britt,Mike Hilton,2700,11
K.J. Britt,Patrick McMorris,2700,27
K.J. Britt,Quinton Bell,2700,30
K.J. Britt,Storm Duck,2700,31
K.J. Britt,Willie Gay Jr.,2700,44
K.J. Britt,Zeek Biggers,2700,7
K.J. Cloyd,Abdul Carter,3410,2
K.J. Cloyd,Andru Phillips,3410,5
K.J. Cloyd,Art Green,3410,26
K.J. Cloyd,Chauncey Golston,3410,12
K.J. Cloyd,Cordale Flott,3410,3
K.J. Cloyd,Cory Durden,3410,36
K.J. Cloyd,DJ Davidson,3410,24
K.J. Cloyd,Darius Alexander,3410,31
K.J. Cloyd,Dee Williams,3410,70
K.J. Cloyd,Dyontae Johnson,3410,101
K.J. Cloyd,Elijah Chatman,3410,21
K.J. Cloyd,Elijah Garcia,3410,55
K.J. Cloyd,Jeremiah Ledbetter,3410,45
K.J. Cloyd,Jordon Riley,3410,42
K.J. Cloyd,K'Von Wallace,3410,33
K.J. Cloyd,Makari Paige,3410,101
K.J. Cloyd,Nic Jones,3410,78
K.J. Cloyd,O'Donnell Fortune,3410,53
K.J. Cloyd,Raheem Layne,3410,28
K.J. Cloyd,TJ Moore,3410,70
K.J. Cloyd,Tomon Fox,3410,87
K.J. Cloyd,Trace Ford,3410,87
K.J. Osborn,Andrew Wylie,5110,3
K.J. Osborn,Ben Sinnott,5110,41
K.J. Osborn,Bobby Hart,5110,29
K.J. Osborn,Brandon Coleman,5110,10
K.J. Osborn,Chris Moore,5110,23
K.J. Osborn,Chris Paul,5110,64
K.J. Osborn,Chris Rodriguez Jr.,5110,21
K.J. Osborn,Cole Turner,5110,15
K.J. Osborn,Colson Yankoff,5110,9
K.J. Osborn,Demetric Felton,5110,9
K.J. Osborn,Foster Sarell,5110,22
K.J. Osborn,George Fant,5110,15
K.J. Osborn,Ja'Corey Brooks,5110,22
K.J. Osborn,Jacory Croskey-Merritt,5110,18
K.J. Osborn,Jaylin Lane,5110,19
K.J. Osborn,Jeremy McNichols,5110,22
K.J. Osborn,John Bates,5110,3
K.J. Osborn,Josh Conerly Jr.,5110,30
K.J. Osborn,Josh Johnson,5110,20
K.J. Osborn,Julian Good-Jones,5110,31
K.J. Osborn,Kazmeir Allen,5110,4
K.J. Osborn,Lawrence Cager,5110,9
K.J. Osborn,Luke McCaffrey,5110,44
K.J. Osborn,Michael Deiter,5110,55
K.J. Osborn,Michael Gallup,5110,20
K.J. Osborn,Nick Allegretti,5110,3
K.J. Osborn,Sam Hartman,5110,54
K.J. Osborn,Tay Martin,5110,17
K.J. Osborn,Timothy McKay,5110,10
K.J. Osborn,Trent Scott,5110,56
K.J. Osborn,Tyler Biadasz,5110,3
K.J. Osborn,Tyre Phillips,5110,39
KJ Hamler,Chase Lundt,0610,69
KJ Hamler,Dan Feeney,0610,38
KJ Hamler,Darrynton Evans,0610,5
KJ Hamler,Deon Cain,0610,15
KJ Hamler,Elijah Moore,0610,17
KJ Hamler,Elijah Young,0610,20
KJ Hamler,Frank Gore Jr.,0610,43
KJ Hamler,Jackson Hawes,0610,15
KJ Hamler,Jacob Bayer,0610,32
KJ Hamler,Jalen Virgil,0610,4
KJ Hamler,Kaden Prather,0610,8
KJ Hamler,Keleki Latu,0610,25
KJ Hamler,Kendrick Green,0610,37
KJ Hamler,Kristian Wilkerson,0610,37
KJ Hamler,Laviska Shenault Jr.,0610,15
KJ Hamler,Matt Sokol,0610,2
KJ Hamler,Mike Edwards,0610,54
KJ Hamler,Mike White,0610,15
KJ Hamler,Mitchell Trubisky,0610,17
KJ Hamler,Ray Davis,0610,1
KJ Hamler,Richard Gouraige,0610,69
KJ Hamler,Rush Reimer,0610,15
KJ Hamler,Ryan Van Demark,0610,31
KJ Hamler,Shane Buechele,0610,37
KJ Hamler,Stephen Gosnell,0610,8
KJ Hamler,Tyrell Shavers,0610,34
KJ Hamler,Zach Davidson,0610,27
KJ Henry,Adin Huntington,1050,42
KJ Henry,Cameron Mitchell,1050,7
KJ Henry,Cameron Thomas,1050,7
KJ Henry,Charlie Thomas,1050,21
KJ Henry,Chigozie Anusiem,1050,5
KJ Henry,Chris Edmonds,1050,63
KJ Henry,Christian Holmes,1050,14
KJ Henry,Damontae Kazee,1050,7
KJ Henry,Darius Rush,1050,18
KJ Henry,Dom Jones,1050,14
KJ Henry,Donovan McMillon,1050,57
KJ Henry,Easton Mascarenas-Arnold,1050,54
KJ Henry,Jerome Baker,1050,3
KJ Henry,Jowon Briggs,1050,23
KJ Henry,Julian Okwara,1050,27
KJ Henry,Keenan Isaac,1050,41
KJ Henry,LaMareon James,1050,23
KJ Henry,Marvin Moody,1050,5
KJ Henry,Myles Harden,1050,7
KJ Henry,Nathaniel Watson,1050,38
KJ Henry,Nik Needham,1050,45
KJ Henry,Ralph Holley,1050,55
KJ Henry,Sam Kamara,1050,7
KJ Henry,Titus Leo,1050,29
KJ Henry,Tony Brown,1050,10
KJ Henry,Winston Reid,1050,8
KT Leveston,A.J. Arcuri,2510,102
KT Leveston,Anthony Torres,2510,16
KT Leveston,Beaux Limmer,2510,24
KT Leveston,Ben Dooley,2510,98
KT Leveston,Blake Corum,2510,4
KT Leveston,Brennan Presley,2510,94
KT Leveston,Britain Covey,2510,109
KT Leveston,Cody Schrader,2510,74
KT Leveston,Drake Stoops,2510,49
KT Leveston,Dresser Winn,2510,57
KT Leveston,Jarquez Hunter,2510,39
KT Leveston,John Leglue,2510,23
KT Leveston,Jordan Waters,2510,16
KT Leveston,Justin Dedich,2510,38
KT Leveston,Konata Mumpfield,2510,16
KT Leveston,Mario Williams,2510,54
KT Leveston,Mark Redman,2510,84
KT Leveston,McCallan Castles,2510,20
KT Leveston,Mike Mcallister,2510,13
KT Leveston,Ronnie Rivers,2510,3
KT Leveston,Stetson Bennett,2510,79
KT Leveston,Terrance Ferguson,2510,20
KT Leveston,Trey Wedig,2510,88
KT Leveston,Tru Edwards,2510,76
KT Leveston,Willie Lampkin,2510,47
KT Leveston,Wyatt Bowles,2510,111
KT Leveston,Xavier Smith,2510,6
Kadeem Telfort,Amar Johnson,1800,34
Kadeem Telfort,Anthony Belton,1800,62
Kadeem Telfort,Ben Sims,1800,35
Kadeem Telfort,Brant Banks,1800,21
Kadeem Telfort,Cornelius Johnson,1800,49
Kadeem Telfort,Donovan Jennings,1800,62
Kadeem Telfort,Emanuel Wilson,1800,12
Kadeem Telfort,Isaiah Neyor,1800,34
Kadeem Telfort,Israel Abanikanda,1800,26
Kadeem Telfort,J.J. Lippe,1800,21
Kadeem Telfort,Jacob Monk,1800,15
Kadeem Telfort,Johnny Lumpkin,1800,26
Kadeem Telfort,Julian Hicks,1800,60
Kadeem Telfort,Kawaan Baker,1800,8
Kadeem Telfort,Lecitus Smith,1800,42
Kadeem Telfort,Malik Heath,1800,12
Kadeem Telfort,Mecole Hardman,1800,18
Kadeem Telfort,Messiah Swinson,1800,55
Kadeem Telfort,Sean Clifford,1800,41
Kadeem Telfort,Taylor Elgersma,1800,42
Kadeem Telfort,Trey Hill,1800,53
Kadeem Telfort,Tyler Cooper,1800,56
Kadeem Telfort,Tyrion Davis-Price,1800,11
Kadeem Telfort,Will Sheppard,1800,35
Kaden Davis,Adin Huntington,1050,1
Kaden Davis,Ahmani Marshall,1050,30
Kaden Davis,Blake Whiteheart,1050,15
Kaden Davis,Brenden Bates,1050,38
Kaden Davis,Bucky Williams,1050,24
Kaden Davis,Cade McDonald,1050,22
Kaden Davis,Cedric Tillman,1050,3
Kaden Davis,Chase Cota,1050,13
Kaden Davis,Cornelius Lucas,1050,23
Kaden Davis,Dartanyan Tinsley,1050,10
Kaden Davis,David Njoku,1050,7
Kaden Davis,Dawand Jones,1050,17
Kaden Davis,Dillon Gabriel,1050,28
Kaden Davis,Diontae Johnson,1050,34
Kaden Davis,Dylan Sampson,1050,11
Kaden Davis,Ethan Pocic,1050,3
Kaden Davis,Gage Larvadain,1050,35
Kaden Davis,Harold Fannin Jr.,1050,12
Kaden Davis,Isaiah Bond,1050,3
Kaden Davis,Jack Conklin,1050,5
Kaden Davis,Jackson Barton,1050,61
Kaden Davis,Jamari Thrash,1050,40
Kaden Davis,Jason Ivey,1050,37
Kaden Davis,Javion Cohen,1050,47
Kaden Davis,Jerome Ford,1050,2
Kaden Davis,Jerry Jeudy,1050,1
Kaden Davis,Joe Flacco,1050,11
Kaden Davis,Kilian Zierer,1050,10
Kaden Davis,Kisean Johnson,1050,1
Kaden Davis,Lorenzo Thompson,1050,21
Kaden Davis,Luke Floriea,1050,10
Kaden Davis,Luke Wypler,1050,60
Kaden Davis,Mitch Van Vooren,1050,6
Kaden Davis,Pierre Strong,1050,27
Kaden Davis,Sal Cannella,1050,24
Kaden Davis,Sebastian Gutierrez,1050,21
Kaden Davis,Shedeur Sanders,1050,35
Kaden Davis,Teven Jenkins,1050,46
Kaden Davis,Trayveon Williams,1050,13
Kaden Davis,Tyler Huntley,1050,13
Kaden Davis,Wyatt Teller,1050,11
Kaden Davis,Zak Zinter,1050,39
Kaden Prather,Chase Lundt,0610,10
Kaden Prather,Deon Cain,0610,2
Kaden Prather,Frank Gore Jr.,0610,10
Kaden Prather,Jacob Bayer,0610,10
Kaden Prather,KJ Hamler,0610,8
Kaden Prather,Keleki Latu,0610,4
Kaden Prather,Matt Sokol,0610,2
Kaden Prather,Mike Edwards,0610,10
Kaden Prather,Mitchell Trubisky,0610,8
Kaden Prather,Richard Gouraige,0610,10
Kaden Prather,Ryan Van Demark,0610,8
Kaden Prather,Shane Buechele,0610,2
Kaden Prather,Stephen Gosnell,0610,10
Kaden Prather,Travis Clayton,0610,2
Kaden Prather,Zach Davidson,0610,4
Kaevon Merriweather,Adam Gotsis,4900,29
Kaevon Merriweather,Anthony Nelson,4900,14
Kaevon Merriweather,Antonio Grier Jr.,4900,15
Kaevon Merriweather,Bryce Hall,4900,30
Kaevon Merriweather,C.J. Brewer,4900,38
Kaevon Merriweather,Chris Braswell,4900,60
Kaevon Merriweather,Christian Izien,4900,23
Kaevon Merriweather,Deion Jones,4900,74
Kaevon Merriweather,Dvon J-Thomas,4900,23
Kaevon Merriweather,Elijah Roberts,4900,48
Kaevon Merriweather,Eric Banks,4900,34
Kaevon Merriweather,Greg Gaines,4900,30
Kaevon Merriweather,Jacob Parrish,4900,30
Kaevon Merriweather,JayVian Farr,4900,20
Kaevon Merriweather,John Bullock,4900,53
Kaevon Merriweather,Jose Ramirez,4900,57
Kaevon Merriweather,Josh Hayes,4900,14
Kaevon Merriweather,Kindle Vildor,4900,71
Kaevon Merriweather,Markees Watts,4900,66
Kaevon Merriweather,Mike Greene,4900,47
Kaevon Merriweather,Nash Hutmacher,4900,21
Kaevon Merriweather,Nick Jackson,4900,66
Kaevon Merriweather,Rashad Wisdom,4900,70
Kaevon Merriweather,Roman Parodie,4900,31
Kaevon Merriweather,Shilo Sanders,4900,31
Kaevon Merriweather,SirVocea Dennis,4900,14
Kaevon Merriweather,Tre Avery,4900,35
Kaevon Merriweather,Warren Peeples,4900,25
Kaevon Merriweather,Will Brooks,4900,41
Kahlef Hailassie,Ambry Thomas,3000,31
Kahlef Hailassie,Austin Keys,3000,29
Kahlef Hailassie,Bo Richter,3000,12
Kahlef Hailassie,Brian Asamoah,3000,5
Kahlef Hailassie,Cam Gill,3000,20
Kahlef Hailassie,Chaz Chambliss,3000,41
Kahlef Hailassie,Dallas Turner,3000,1
Kahlef Hailassie,Dorian Mausi,3000,17
Kahlef Hailassie,Dwight McGlothern,3000,30
Kahlef Hailassie,Elijah Williams,3000,33
Kahlef Hailassie,Gabriel Murphy,3000,14
Kahlef Hailassie,Gervarrius Owens,3000,6
Kahlef Hailassie,Isaiah Rodgers,3000,1
Kahlef Hailassie,Ivan Pace Jr.,3000,1
Kahlef Hailassie,Jalen Redmond,3000,4
Kahlef Hailassie,Jay Ward,3000,15
Kahlef Hailassie,Jeff Okudah,3000,1
Kahlef Hailassie,Jonathan Harris,3000,17
Kahlef Hailassie,Keenan Garber,3000,1
Kahlef Hailassie,Kobe King,3000,34
Kahlef Hailassie,Levi Drake Rodriguez,3000,21
Kahlef Hailassie,Mekhi Blackmon,3000,21
Kahlef Hailassie,Mishael Powell,3000,35
Kahlef Hailassie,Reddy Steward,3000,20
Kahlef Hailassie,Taki Taimani,3000,12
Kahlef Hailassie,Tavierre Thomas,3000,19
Kahlef Hailassie,Theo Jackson,3000,1
Kahlef Hailassie,Travis Bell,3000,20
Kahlef Hailassie,Tyler Batty,3000,19
Kahlef Hailassie,Tyrion Ingram-Dawkins,3000,25
Kahlef Hailassie,Zemaiah Vaughn,3000,44
Kaiir Elam,Andrew Booth,1200,16
Kaiir Elam,Damone Clark,1200,9
Kaiir Elam,Donovan Ezeiruaku,1200,6
Kaiir Elam,Earnest Brown IV,1200,5
Kaiir Elam,Jack Sanborn,1200,16
Kaiir Elam,James Houston,1200,2
Kaiir Elam,Jay Toia,1200,5
Kaiir Elam,Juanyeh Thomas,1200,16
Kaiir Elam,Marist Liufau,1200,16
Kaiir Elam,Markquese Bell,1200,16
Kaiir Elam,Marshawn Kneeland,1200,11
Kaiir Elam,Mazi Smith,1200,9
Kaiir Elam,Payton Turner,1200,5
Kaiir Elam,Perrion Winfrey,1200,9
Kaiir Elam,Sam Williams,1200,12
Kaiir Elam,Zion Childress,1200,7
Kaimon Rucker,Adedayo Odeleye,0325,30
Kaimon Rucker,Aeneas Peebles,0325,32
Kaimon Rucker,Basil Okoye,0325,40
Kaimon Rucker,Beau Brade,0325,33
Kaimon Rucker,C.J. Ravenell,0325,38
Kaimon Rucker,Chandler Martin,0325,72
Kaimon Rucker,David Ojabo,0325,7
Kaimon Rucker,Desmond Igbinosun,0325,33
Kaimon Rucker,Jalyn Armour-Davis,0325,11
Kaimon Rucker,Jay Higgins,0325,71
Kaimon Rucker,Jayson Jones,0325,35
Kaimon Rucker,Keondre Jackson,0325,57
Kaimon Rucker,Keyon Martin,0325,40
Kaimon Rucker,MJ Devonshire,0325,22
Kaimon Rucker,Malik Hamm,0325,74
Kaimon Rucker,Marquise Robinson,0325,71
Kaimon Rucker,Mike Green,0325,1
Kaimon Rucker,Reuben Lowery,0325,62
Kaimon Rucker,Sanoussi Kane,0325,11
Kaimon Rucker,T.J. Tampa,0325,54
Kaimon Rucker,Teddye Buchanan,0325,11
Kaimon Rucker,Thomas Graham Jr.,0325,12
Kaimon Rucker,Trenton Simpson,0325,11
Kaimon Rucker,William Kwenkeu,0325,1
Kain Medrano,Ale Kaho,5110,44
Kain Medrano,Allan George,5110,28
Kain Medrano,Andre Jones Jr.,5110,75
Kain Medrano,Antonio Hamilton,5110,18
Kain Medrano,Ben Nikkel,5110,63
Kain Medrano,Bobby Price,5110,41
Kain Medrano,Car'lin Vigers,5110,97
Kain Medrano,Carl Davis,5110,42
Kain Medrano,Clelin Ferrell,5110,42
Kain Medrano,Daron Payne,5110,10
Kain Medrano,Daryl Worley,5110,34
Kain Medrano,Deatrich Wise,5110,15
Kain Medrano,Dominique Hampton,5110,40
Kain Medrano,Dorance Armstrong,5110,5
Kain Medrano,Duke Riley,5110,10
Kain Medrano,Eddie Goldman,5110,50
Kain Medrano,Essang Bassey,5110,12
Kain Medrano,Frankie Luvu,5110,9
Kain Medrano,Jacob Martin,5110,26
Kain Medrano,Jalyn Holmes,5110,61
Kain Medrano,Javon Kinlaw,5110,8
Kain Medrano,Javontae Jean-Baptiste,5110,7
Kain Medrano,Jer'Zhan Newton,5110,39
Kain Medrano,Jeremy Reaves,5110,32
Kain Medrano,Jordan Magee,5110,14
Kain Medrano,Kam Arnold,5110,26
Kain Medrano,Kevon Seymour,5110,2
Kain Medrano,Marshon Lattimore,5110,9
Kain Medrano,Mike Sainristil,5110,11
Kain Medrano,Noah Igbinoghene,5110,78
Kain Medrano,Norell Pollard,5110,32
Kain Medrano,Percy Butler,5110,39
Kain Medrano,Quan Martin,5110,11
Kain Medrano,Ricky Barber,5110,32
Kain Medrano,Robert McDaniel,5110,65
Kain Medrano,Sheldon Day,5110,47
Kain Medrano,T.J. Maguranyanga,5110,26
Kain Medrano,Trey Amos,5110,26
Kain Medrano,Tyler Owens,5110,39
Kain Medrano,Viliami Fehoko Jr.,5110,13
Kain Medrano,Will Harris,5110,11
Kaleb Hayes,Alex Cook,0810,23
Kaleb Hayes,Amen Ogbongbemiga,0810,8
Kaleb Hayes,Carl Jones,0810,15
Kaleb Hayes,Daniel Hardy,0810,14
Kaleb Hayes,Jamree Kromah,0810,15
Kaleb Hayes,Jeremiah Walker,0810,19
Kaleb Hayes,Jonathan Ford,0810,21
Kaleb Hayes,Mark Perry,0810,23
Kaleb Hayes,Mekhi Garner,0810,23
Kaleb Hayes,Power Echols,0810,17
Kaleb Hayes,Swayze Bozeman,0810,10
Kaleb Hayes,Xavier Carlton,0810,19
Kaleb Hayes,Zacch Pickens,0810,23
Kaleb Johnson,Aiden Williams,3900,13
Kaleb Johnson,Andrus Peat,3900,29
Kaleb Johnson,Ben Skowronek,3900,2
Kaleb Johnson,Brandon Johnson,3900,29
Kaleb Johnson,Broderick Jones,3900,15
Kaleb Johnson,Connor Heyward,3900,34
Kaleb Johnson,Darnell Washington,3900,18
Kaleb Johnson,Doug Nester,3900,36
Kaleb Johnson,Dylan Cook,3900,43
Kaleb Johnson,Gareth Warren,3900,1
Kaleb Johnson,JJ Galbreath,3900,23
Kaleb Johnson,Ke'Shawn Williams,3900,2
Kaleb Johnson,Kevin Foelsch,3900,6
Kaleb Johnson,Lance McCutcheon,3900,24
Kaleb Johnson,Mason McCormick,3900,15
Kaleb Johnson,Mason Rudolph,3900,14
Kaleb Johnson,Max Hurleman,3900,14
Kaleb Johnson,Max Scharping,3900,43
Kaleb Johnson,Pat Freiermuth,3900,3
Kaleb Johnson,Robert Woods,3900,34
Kaleb Johnson,Roman Wilson,3900,24
Kaleb Johnson,Ryan McCollum,3900,7
Kaleb Johnson,Scott Miller,3900,19
Kaleb Johnson,Skylar Thompson,3900,44
Kaleb Johnson,Spencer Anderson,3900,15
Kaleb Johnson,Steven Jones,3900,43
Kaleb Johnson,Troy Fautanu,3900,15
Kaleb Johnson,Zach Frazier,3900,15
Kalel Mullings,Andrew Rupcich,2100,17
Kalel Mullings,Blake Hance,2100,24
Kalel Mullings,Brandon Allen,2100,18
Kalel Mullings,Brandon Crenshaw-Dickson,2100,4
Kalel Mullings,Brenden Jaimes,2100,22
Kalel Mullings,Bryce Oliver,2100,9
Kalel Mullings,Cam Ward,2100,6
Kalel Mullings,Cameron Ward,2100,3
Kalel Mullings,Chig Okonkwo,2100,7
Kalel Mullings,Chimere Dike,2100,14
Kalel Mullings,Corey Levin,2100,9
Kalel Mullings,Dan Moore Jr.,2100,7
Kalel Mullings,David Martin-Robinson,2100,11
Kalel Mullings,Drake Dabney,2100,2
Kalel Mullings,Elic Ayomanor,2100,21
Kalel Mullings,Gunnar Helm,2100,16
Kalel Mullings,JC Latham,2100,3
Kalel Mullings,Jackson Slater,2100,16
Kalel Mullings,Jaelyn Duncan,2100,5
Kalel Mullings,James Proche,2100,10
Kalel Mullings,Jha'Quan Jackson,2100,5
Kalel Mullings,John Ojukwu,2100,20
Kalel Mullings,Josh Whyle,2100,5
Kalel Mullings,Julius Chestnut,2100,1
Kalel Mullings,Mason Kinsey,2100,4
Kalel Mullings,Olisaemeka Udoh,2100,27
Kalel Mullings,Peter Skoronski,2100,9
Kalel Mullings,Sam Mustipher,2100,2
Kalel Mullings,T.J. Sheffield,2100,2
Kalel Mullings,Thomas Odukoya,2100,6
Kalel Mullings,Tim Boyle,2100,4
Kalel Mullings,Trevor Siemian,2100,2
Kalel Mullings,Tyler Lockett,2100,3
Kalel Mullings,Van Jefferson,2100,13
Kalel Mullings,Xavier Restrepo,2100,3
Kalen King,Arron Mosby,1800,43
Kalen King,Barryn Sorrell,1800,19
Kalen King,Bo Melton,1800,57
Kalen King,Brenton Cox Jr.,1800,41
Kalen King,Colby Wooden,1800,29
Kalen King,Deslin Alexandre,1800,32
Kalen King,Devonte O'Malley,1800,1
Kalen King,Garnett Hollis Jr.,1800,6
Kalen King,Isaiah Dunn,1800,9
Kalen King,Isaiah Simmons,1800,78
Kalen King,James Ester,1800,21
Kalen King,Jamon Johnson,1800,15
Kalen King,Jared Bartlett,1800,5
Kalen King,Jaylin Simpson,1800,1
Kalen King,Johnathan Baldwin,1800,53
Kalen King,Kamal Hadden,1800,43
Kalen King,Karl Brooks,1800,26
Kalen King,Keith Randolph Jr.,1800,13
Kalen King,Kingsley Enagbare,1800,39
Kalen King,Kitan Oladapo,1800,73
Kalen King,Kristian Welch,1800,26
Kalen King,Micah Robinson,1800,45
Kalen King,Nazir Stackhouse,1800,40
Kalen King,Omar Brown,1800,45
Kalen King,Ty'Ron Hopper,1800,66
Kalen King,Tyron Herring,1800,12
Kalen King,Warren Brinson,1800,52
Kalia Davis,Alfred Collins,4500,15
Kalia Davis,Bradlee Anae,4500,7
Kalia Davis,Bryce Huff,4500,16
Kalia Davis,CJ West,4500,9
Kalia Davis,Chase Lucas,4500,22
Kalia Davis,Dallis Flowers,4500,31
Kalia Davis,Darrell Luter Jr.,4500,22
Kalia Davis,Dee Winters,4500,16
Kalia Davis,Deommodore Lenoir,4500,7
Kalia Davis,Derrick Canteen,4500,10
Kalia Davis,Jason Pinnock,4500,7
Kalia Davis,Jaylen Mahoney,4500,2
Kalia Davis,Jaylon Allen,4500,4
Kalia Davis,Ji'Ayir Brown,4500,14
Kalia Davis,Jonathan Garvin,4500,28
Kalia Davis,Luke Gifford,4500,9
Kalia Davis,Marques Sigle,4500,29
Kalia Davis,Nick Martin,4500,15
Kalia Davis,Sebastian Valdez,4500,9
Kalia Davis,Stone Blanton,4500,2
Kalia Davis,Tatum Bethune,4500,29
Kalia Davis,Trevis Gipson,4500,7
Kam Alexander,Anthony Campbell,4600,3
Kam Alexander,Carson Bruener,3900,17
Kam Alexander,Connor O'Toole,4600,5
Kam Alexander,D'Eryk Jackson,4600,5
Kam Alexander,D'Shawn Jamison,3900,14
Kam Alexander,Damarion Williams,4600,5
Kam Alexander,DeMarvin Leal,3900,9
Kam Alexander,Domenique Davis,3900,8
Kam Alexander,Eku Leota,3900,8
Kam Alexander,Esezi Otomewo,3900,10
Kam Alexander,Isas Waxter,4600,5
Kam Alexander,J.R. Singleton,4600,2
Kam Alexander,Jalan Gaines,4600,3
Kam Alexander,Jared Ivey,4600,1
Kam Alexander,Jerrick Reed II,4600,5
Kam Alexander,Julius Welschof,3900,6
Kam Alexander,Kenny Willekes,3900,11
Kam Alexander,Kyler Baugh,3900,8
Kam Alexander,Logan Lee,3900,11
Kam Alexander,Mark Robinson,3900,17
Kam Alexander,Michael Dowell,4600,5
Kam Alexander,Mikey Victor,3900,17
Kam Alexander,Quindell Johnson,3900,17
Kam Alexander,Sebastian Castro,3900,17
Kam Alexander,Seth Coleman,4600,1
Kam Alexander,Tyler Hall,4600,5
Kam Alexander,Wy'Kevious Thomas,4600,5
Kam Arnold,Ale Kaho,5110,14
Kam Arnold,Allan George,5110,13
Kam Arnold,Andre Jones Jr.,5110,40
Kam Arnold,Antonio Hamilton,5110,23
Kam Arnold,Ben Nikkel,5110,45
Kam Arnold,Bobby Price,5110,33
Kam Arnold,Car'lin Vigers,5110,43
Kam Arnold,Carl Davis,5110,6
Kam Arnold,Clelin Ferrell,5110,14
Kam Arnold,Daryl Worley,5110,22
Kam Arnold,Duke Riley,5110,21
Kam Arnold,Eddie Goldman,5110,5
Kam Arnold,Essang Bassey,5110,26
Kam Arnold,Jalyn Holmes,5110,14
Kam Arnold,Jeremy Reaves,5110,5
Kam Arnold,Kain Medrano,5110,26
Kam Arnold,Kevon Seymour,5110,2
Kam Arnold,Noah Igbinoghene,5110,7
Kam Arnold,Norell Pollard,5110,46
Kam Arnold,Ricky Barber,5110,35
Kam Arnold,Robert McDaniel,5110,48
Kam Arnold,Sheldon Day,5110,19
Kam Arnold,T.J. Maguranyanga,5110,39
Kam Arnold,Viliami Fehoko Jr.,5110,4
Kamal Hadden,Arron Mosby,1800,43
Kamal Hadden,Bo Melton,1800,41
Kamal Hadden,Brenton Cox Jr.,1800,32
Kamal Hadden,Colby Wooden,1800,14
Kamal Hadden,Corey Ballentine,1800,6
Kamal Hadden,Deslin Alexandre,1800,36
Kamal Hadden,Devonte O'Malley,1800,5
Kamal Hadden,Isaiah Simmons,1800,66
Kamal Hadden,James Ester,1800,14
Kamal Hadden,Jamon Johnson,1800,6
Kamal Hadden,Jaylin Simpson,1800,6
Kamal Hadden,Johnathan Baldwin,1800,52
Kamal Hadden,Kalen King,1800,43
Kamal Hadden,Karl Brooks,1800,14
Kamal Hadden,Keith Randolph Jr.,1800,5
Kamal Hadden,Kingsley Enagbare,1800,21
Kamal Hadden,Kitan Oladapo,1800,59
Kamal Hadden,Kristian Welch,1800,26
Kamal Hadden,Micah Robinson,1800,25
Kamal Hadden,Nazir Stackhouse,1800,38
Kamal Hadden,Omar Brown,1800,15
Kamal Hadden,Ty'Ron Hopper,1800,51
Kamal Hadden,Warren Brinson,1800,42
Kamari Lassiter,Azeez Al-Shaair,2120,11
Kamari Lassiter,Calen Bullock,2120,11
Kamari Lassiter,Danielle Hunter,2120,9
Kamari Lassiter,Darrell Taylor,2120,2
Kamari Lassiter,Derek Stingley Jr.,2120,10
Kamari Lassiter,Dylan Horton,2120,2
Kamari Lassiter,E.J. Speed,2120,4
Kamari Lassiter,Henry To'oTo'o,2120,9
Kamari Lassiter,Jalen Pitre,2120,11
Kamari Lassiter,Jaylin Smith,2120,1
Kamari Lassiter,M.J. Stewart,2120,9
Kamari Lassiter,Mario Edwards,2120,3
Kamari Lassiter,Sheldon Rankins,2120,9
Kamari Lassiter,Tim Settle,2120,8
Kamari Lassiter,Tommy Togiai,2120,2
Kamari Lassiter,Will Anderson Jr.,2120,9
Kameron Johnson,Ben Scott,4900,20
Kameron Johnson,Benjamin Chukwuma,4900,15
Kameron Johnson,Connor Bazelak,4900,18
Kameron Johnson,Devin Culp,4900,10
Kameron Johnson,Elijah Klein,4900,24
Kameron Johnson,Garrett Greene,4900,14
Kameron Johnson,Jase McClellan,4900,7
Kameron Johnson,Josh Williams,4900,5
Kameron Johnson,Ko Kieft,4900,4
Kameron Johnson,Kyle Trask,4900,9
Kameron Johnson,Lorenz Metz,4900,15
Kameron Johnson,Luke Haggard,4900,9
Kameron Johnson,Mike Jordan,4900,10
Kameron Johnson,Owen Wright,4900,11
Kameron Johnson,Payne Durham,4900,4
Kameron Johnson,Rakim Jarrett,4900,14
Kameron Johnson,Ryan Miller,4900,11
Kameron Johnson,Sean Tucker,4900,4
Kameron Johnson,Sua Opeta,4900,18
Kameron Johnson,Tanner Taula,4900,11
Kameron Johnson,Tez Johnson,4900,7
Kameron Johnson,Trey Palmer,4900,6
Kameron Johnson,Tyler McLellan,4900,24
Kana'i Mauga,Caleb Murphy,4400,14
Kana'i Mauga,Christopher Hinton,4400,28
Kana'i Mauga,Deane Leonard,4400,8
Kana'i Mauga,Emany Johnson,4400,26
Kana'i Mauga,Eric Rogers,4400,12
Kana'i Mauga,Garmon Randolph,4400,27
Kana'i Mauga,Harrison Hand,4400,6
Kana'i Mauga,Ja'Sir Taylor,4400,25
Kana'i Mauga,Jamaree Caldwell,4400,6
Kana'i Mauga,Jaylen Jones,4400,12
Kana'i Mauga,Jordan Oladokun,4400,8
Kana'i Mauga,Josh Fuga,4400,1
Kana'i Mauga,Justin Eboigbe,4400,14
Kana'i Mauga,Kendall Williamson,4400,44
Kana'i Mauga,Kylan Guidry,4400,23
Kana'i Mauga,Kyle Kennard,4400,11
Kana'i Mauga,Marlowe Wax,4400,25
Kana'i Mauga,Myles Purchase,4400,37
Kana'i Mauga,Naquan Jones,4400,15
Kana'i Mauga,Nesta Jade Silvera,4400,21
Kana'i Mauga,Nikko Reed,4400,20
Kana'i Mauga,R.J. Mickens,4400,30
Kana'i Mauga,Scott Matlock,4400,7
Kana'i Mauga,TeRah Edwards,4400,22
Kana'i Mauga,Tre'Mon Morris-Brash,4400,28
Kana'i Mauga,Trikweze Bridges,4400,40
Kareem Hunt,Creed Humphrey,2310,13
Kareem Hunt,Gardner Minshew,2310,6
Kareem Hunt,Jalen Royals,2310,6
Kareem Hunt,Jawaan Taylor,2310,7
Kareem Hunt,Jaylon Moore,2310,6
Kareem Hunt,Josh Simmons,2310,13
Kareem Hunt,JuJu Smith-Schuster,2310,4
Kareem Hunt,Kingsley Suamataia,2310,13
Kareem Hunt,Noah Gray,2310,9
Kareem Hunt,Patrick Mahomes,2310,7
Kareem Hunt,Rashee Rice,2310,7
Kareem Hunt,Robert Tonyan,2310,2
Kareem Hunt,Skyy Moore,2310,2
Kareem Hunt,Travis Kelce,2310,6
Kareem Hunt,Trey Smith,2310,13
Kareem Hunt,Tyquan Thornton,2310,7
Kareem Hunt,Xavier Worthy,2310,9
Karene Reid,Andrew Farmer,1400,17
Karene Reid,Damarri Mathis,1400,35
Karene Reid,Delarrin Turner-Yell,1400,23
Karene Reid,Devon Key,1400,14
Karene Reid,Dondrea Tillman,1400,28
Karene Reid,Eyioma Uwazurike,1400,32
Karene Reid,Garret Wallow,1400,5
Karene Reid,Garrett Nelson,1400,20
Karene Reid,J.B. Brown,1400,3
Karene Reid,JL Skinner,1400,27
Karene Reid,Jaden Robinson,1400,25
Karene Reid,Jahdae Barron,1400,12
Karene Reid,Jonah Elliss,1400,24
Karene Reid,Jordan Jackson,1400,26
Karene Reid,Jordan Miller,1400,19
Karene Reid,Jordan Turner,1400,26
Karene Reid,Joshua Pickett,1400,20
Karene Reid,Keidron Smith,1400,27
Karene Reid,Kris Abrams-Draine,1400,39
Karene Reid,Kristian Williams,1400,14
Karene Reid,Levelle Bailey,1400,30
Karene Reid,Micah Abraham,1400,17
Karene Reid,Michael Dwumfour,1400,9
Karene Reid,P.J. Locke,1400,14
Karene Reid,Que Robinson,1400,39
Karene Reid,Quinton Newsome,1400,25
Karene Reid,Sai'vion Jones,1400,47
Karene Reid,Sam Franklin Jr.,1400,23
Karl Brooks,Arron Mosby,1800,2
Karl Brooks,Barryn Sorrell,1800,15
Karl Brooks,Bo Melton,1800,29
Karl Brooks,Brenton Cox Jr.,1800,24
Karl Brooks,Carrington Valentine,1800,5
Karl Brooks,Colby Wooden,1800,28
Karl Brooks,Corey Ballentine,1800,4
Karl Brooks,Edgerrin Cooper,1800,5
Karl Brooks,Evan Williams,1800,5
Karl Brooks,Isaiah Dunn,1800,4
Karl Brooks,Isaiah McDuffie,1800,4
Karl Brooks,Isaiah Simmons,1800,37
Karl Brooks,Javon Bullard,1800,5
Karl Brooks,Johnathan Baldwin,1800,10
Karl Brooks,Kalen King,1800,26
Karl Brooks,Kamal Hadden,1800,14
Karl Brooks,Keisean Nixon,1800,5
Karl Brooks,Kingsley Enagbare,1800,35
Karl Brooks,Kitan Oladapo,1800,34
Karl Brooks,Kristian Welch,1800,9
Karl Brooks,Lukas Van Ness,1800,4
Karl Brooks,Micah Robinson,1800,21
Karl Brooks,Nazir Stackhouse,1800,4
Karl Brooks,Omar Brown,1800,31
Karl Brooks,Quay Walker,1800,4
Karl Brooks,Rashan Gary,1800,4
Karl Brooks,Ty'Ron Hopper,1800,37
Karl Brooks,Tyron Herring,1800,4
Karl Brooks,Warren Brinson,1800,10
Karl Brooks,Zayne Anderson,1800,1
Karsen Barnhart,Andre James,4400,67
Karsen Barnhart,Branson Taylor,4400,73
Karsen Barnhart,Brenden Rice,4400,48
Karsen Barnhart,Corey Stewart,4400,150
Karsen Barnhart,DJ Uiagalelei,4400,33
Karsen Barnhart,Dalevon Campbell,4400,72
Karsen Barnhart,David Sharpe,4400,56
Karsen Barnhart,Derius Davis,4400,20
Karsen Barnhart,Dez Fitzpatrick,4400,2
Karsen Barnhart,Hassan Haskins,4400,26
Karsen Barnhart,JaQuae Jackson,4400,33
Karsen Barnhart,Jalen Reagor,4400,6
Karsen Barnhart,Jamaree Salyer,4400,21
Karsen Barnhart,Jaret Patterson,4400,6
Karsen Barnhart,Jaylen Johnson,4400,52
Karsen Barnhart,Josh Kaltenberger,4400,84
Karsen Barnhart,KeAndre Lambert-Smith,4400,71
Karsen Barnhart,Kimani Vidal,4400,35
Karsen Barnhart,Luke Grimm,4400,36
Karsen Barnhart,Nash Jones,4400,85
Karsen Barnhart,Nyheim Hines,4400,58
Karsen Barnhart,Omarion Hampton,4400,5
Karsen Barnhart,Oronde Gadsden II,4400,88
Karsen Barnhart,Raheim Sanders,4400,32
Karsen Barnhart,Ryan Nelson,4400,83
Karsen Barnhart,Scott Matlock,4400,33
Karsen Barnhart,Stevo Klotz,4400,46
Karsen Barnhart,Taylor Heinicke,4400,40
Karsen Barnhart,Thomas Yassmin,4400,7
Karsen Barnhart,Tre Harris,4400,71
Karsen Barnhart,Trey Lance,4400,89
Karsen Barnhart,Trey Pipkins,4400,11
Karsen Barnhart,Tucker Fisk,4400,54
Karsen Barnhart,Tyler Conklin,4400,2
Karsen Barnhart,Will Dissly,4400,4
Karsen Barnhart,Zion Johnson,4400,21
Kawaan Baker,Albert Okwuegbunam,2520,3
Kawaan Baker,Amar Johnson,1800,7
Kawaan Baker,Anthony Belton,1800,9
Kawaan Baker,Atonio Mafi,2520,3
Kawaan Baker,Brant Banks,1800,17
Kawaan Baker,Cam Miller,2520,3
Kawaan Baker,Chris Collier,2520,2
Kawaan Baker,Collin Johnson,2520,1
Kawaan Baker,Cornelius Johnson,1800,9
Kawaan Baker,Dalton Wagner,2520,3
Kawaan Baker,Dylan Laube,2520,1
Kawaan Baker,Isaiah Neyor,1800,10
Kawaan Baker,J.J. Lippe,1800,17
Kawaan Baker,Jarrod Hufford,2520,3
Kawaan Baker,Johnny Lumpkin,1800,12
Kawaan Baker,Justin Shorter,2520,2
Kawaan Baker,Kadeem Telfort,1800,8
Kawaan Baker,Ketron Jackson Jr.,2520,2
Kawaan Baker,Laki Tasi,2520,3
Kawaan Baker,Lecitus Smith,1800,17
Kawaan Baker,Messiah Swinson,1800,17
Kawaan Baker,Parker Clements,2520,3
Kawaan Baker,Sean Clifford,1800,8
Kawaan Baker,Shedrick Jackson,2520,1
Kawaan Baker,Taylor Elgersma,1800,9
Kawaan Baker,Trey Hill,1800,9
Kawaan Baker,Tyler Cooper,1800,8
Kawaan Baker,Tyrion Davis-Price,1800,10
Kawaan Baker,Will Sheppard,1800,3
Kayode Awosika,Craig Reynolds,1540,51
Kayode Awosika,Dan Skipper,1540,65
Kayode Awosika,Dominic Lovett,1540,27
Kayode Awosika,Giovanni Manu,1540,38
Kayode Awosika,Hendon Hooker,1540,26
Kayode Awosika,Isaac TeSlaa,1540,83
Kayode Awosika,Jabari Small,1540,15
Kayode Awosika,Jackson Meeks,1540,35
Kayode Awosika,Jacob Saylors,1540,11
Kayode Awosika,Jamarco Jones,1540,49
Kayode Awosika,Kenny Yeboah,1540,22
Kayode Awosika,Kingsley Eguakun,1540,67
Kayode Awosika,Kyle Allen,1540,61
Kayode Awosika,Mason Miller,1540,22
Kayode Awosika,Netane Muti,1540,65
Kayode Awosika,Ronnie Bell,1540,4
Kayode Awosika,Shane Zylstra,1540,61
Kayode Awosika,Sione Vaki,1540,10
Kayode Awosika,Steven Stilianos,1540,3
Kayode Awosika,Tate Ratledge,1540,22
Kayode Awosika,Tom Kennedy,1540,84
Kayode Awosika,Trystan Colon,1540,20
Kayode Awosika,Zach Horton,1540,29
Kayron Lynch-Adams,Brady Christensen,0750,6
Kayron Lynch-Adams,Brandon Walton,0750,21
Kayron Lynch-Adams,Bryce Perkins,0750,15
Kayron Lynch-Adams,Bryce Pierre,0750,14
Kayron Lynch-Adams,Dominique Dafney,0750,14
Kayron Lynch-Adams,Ja'Seem Reed,0750,6
Kayron Lynch-Adams,Jack Plummer,0750,9
Kayron Lynch-Adams,Jacolby George,0750,18
Kayron Lynch-Adams,Jarrett Kingston,0750,18
Kayron Lynch-Adams,Jimmy Horn Jr.,0750,17
Kayron Lynch-Adams,Kobe Hudson,0750,24
Kayron Lynch-Adams,Luke Kandra,0750,24
Kayron Lynch-Adams,Michael Tarquin,0750,24
Kayron Lynch-Adams,Steven Losoya,0750,24
Kayron Lynch-Adams,T.J. Luther,0750,3
Kayron Lynch-Adams,Yosh Nijman,0750,3
Kayshon Boutte,Antonio Gibson,3200,6
Kayshon Boutte,Austin Hooper,3200,18
Kayshon Boutte,Ben Brown,3200,18
Kayshon Boutte,DeMario Douglas,3200,13
Kayshon Boutte,Drake Maye,3200,22
Kayshon Boutte,Garrett Bradbury,3200,16
Kayshon Boutte,Hunter Henry,3200,4
Kayshon Boutte,Jack Westover,3200,10
Kayshon Boutte,Jared Wilson,3200,10
Kayshon Boutte,Kyle Williams,3200,6
Kayshon Boutte,Mack Hollins,3200,15
Kayshon Boutte,Marcus Bryant,3200,22
Kayshon Boutte,Mike Onwenu,3200,22
Kayshon Boutte,Rhamondre Stevenson,3200,5
Kayshon Boutte,TreVeyon Henderson,3200,11
Kayshon Boutte,Will Campbell,3200,22
Kayvon Thibodeaux,Abdul Carter,3410,14
Kayvon Thibodeaux,Andru Phillips,3410,15
Kayvon Thibodeaux,Art Green,3410,4
Kayvon Thibodeaux,Bobby Okereke,3410,18
Kayvon Thibodeaux,Brian Burns,3410,13
Kayvon Thibodeaux,Cordale Flott,3410,13
Kayvon Thibodeaux,DJ Davidson,3410,3
Kayvon Thibodeaux,Dane Belton,3410,19
Kayvon Thibodeaux,Darius Muasau,3410,5
Kayvon Thibodeaux,Deonte Banks,3410,6
Kayvon Thibodeaux,Elijah Chatman,3410,13
Kayvon Thibodeaux,Elijah Garcia,3410,1
Kayvon Thibodeaux,Jevon Holland,3410,20
Kayvon Thibodeaux,Korie Black,3410,5
Kayvon Thibodeaux,Micah McFadden,3410,21
Kayvon Thibodeaux,Nic Jones,3410,1
Kayvon Thibodeaux,Paulson Adebo,3410,20
Kayvon Thibodeaux,Raheem Layne,3410,6
Kayvon Thibodeaux,Rakeem Nunez-Roches,3410,18
Kayvon Thibodeaux,Roy Robertson-Harris,3410,19
Kayvon Thibodeaux,Tyler Nubin,3410,6
Kazmeir Allen,Bobby Hart,5110,21
Kazmeir Allen,Braylon Sanders,5110,2
Kazmeir Allen,Chris Paul,5110,4
Kazmeir Allen,Cole Turner,5110,7
Kazmeir Allen,Colson Yankoff,5110,2
Kazmeir Allen,Foster Sarell,5110,17
Kazmeir Allen,Ja'Corey Brooks,5110,12
Kazmeir Allen,Jacoby Jones,5110,10
Kazmeir Allen,Josh Johnson,5110,13
Kazmeir Allen,Julian Good-Jones,5110,2
Kazmeir Allen,K.J. Osborn,5110,4
Kazmeir Allen,Lawrence Cager,5110,14
Kazmeir Allen,Luke McCaffrey,5110,2
Kazmeir Allen,Michael Deiter,5110,10
Kazmeir Allen,Michael Gallup,5110,11
Kazmeir Allen,Mike Strachan,5110,2
Kazmeir Allen,Nick Harris,5110,11
Kazmeir Allen,River Cracraft,5110,7
Kazmeir Allen,Sam Hartman,5110,8
Kazmeir Allen,Tay Martin,5110,11
Kazmeir Allen,Timothy McKay,5110,19
Kazmeir Allen,Trent Scott,5110,4
Kazmeir Allen,Tyre Phillips,5110,17
Ke'Shawn Vaughn,Austen Pleasants,4500,27
Ke'Shawn Vaughn,Brayden Willis,4500,23
Ke'Shawn Vaughn,Carter Bradley,4500,17
Ke'Shawn Vaughn,Connor Colby,4500,21
Ke'Shawn Vaughn,Demarcus Robinson,4500,9
Ke'Shawn Vaughn,Drake Nugent,4500,26
Ke'Shawn Vaughn,Drew Moss,4500,26
Ke'Shawn Vaughn,Isaac Alarcon,4500,26
Ke'Shawn Vaughn,Isaiah Hodgins,4500,13
Ke'Shawn Vaughn,Isaiah Prince,4500,18
Ke'Shawn Vaughn,Jake Tonges,4500,35
Ke'Shawn Vaughn,Jeff Wilson,4500,2
Ke'Shawn Vaughn,Junior Bergen,4500,14
Ke'Shawn Vaughn,Luke Farrell,4500,13
Ke'Shawn Vaughn,Mac Jones,4500,19
Ke'Shawn Vaughn,Malik Turner,4500,17
Ke'Shawn Vaughn,Matt Hennessy,4500,19
Ke'Shawn Vaughn,Michael Dunn,4500,15
Ke'Shawn Vaughn,Nick Zakelj,4500,28
Ke'Shawn Vaughn,Robbie Chosen,4500,23
Ke'Shawn Vaughn,Russell Gage,4500,15
Ke'Shawn Vaughn,Spencer Burford,4500,19
Ke'Shawn Vaughn,Tanner Mordecai,4500,9
Ke'Shawn Vaughn,Terique Owens,4500,16
Ke'Shawn Williams,Aiden Williams,3900,25
Ke'Shawn Williams,Andrus Peat,3900,25
Ke'Shawn Williams,Broderick Jones,3900,1
Ke'Shawn Williams,Connor Heyward,3900,11
Ke'Shawn Williams,Darnell Washington,3900,1
Ke'Shawn Williams,Doug Nester,3900,46
Ke'Shawn Williams,Dylan Cook,3900,27
Ke'Shawn Williams,Evan Hull,3900,16
Ke'Shawn Williams,Gareth Warren,3900,30
Ke'Shawn Williams,JJ Galbreath,3900,45
Ke'Shawn Williams,Julian Pearl,3900,9
Ke'Shawn Williams,Kaleb Johnson,3900,2
Ke'Shawn Williams,Kevin Foelsch,3900,13
Ke'Shawn Williams,Lance McCutcheon,3900,23
Ke'Shawn Williams,Lew Nichols III,3900,16
Ke'Shawn Williams,Logan Woodside,3900,21
Ke'Shawn Williams,Mason McCormick,3900,1
Ke'Shawn Williams,Mason Rudolph,3900,1
Ke'Shawn Williams,Max Hurleman,3900,26
Ke'Shawn Williams,Max Scharping,3900,51
Ke'Shawn Williams,Pat Freiermuth,3900,1
Ke'Shawn Williams,Robert Woods,3900,3
Ke'Shawn Williams,Roc Taylor,3900,29
Ke'Shawn Williams,Roman Wilson,3900,3
Ke'Shawn Williams,Ryan McCollum,3900,14
Ke'Shawn Williams,Skylar Thompson,3900,30
Ke'Shawn Williams,Spencer Anderson,3900,1
Ke'Shawn Williams,Steven Jones,3900,29
Ke'Shawn Williams,Trey Sermon,3900,18
Ke'Shawn Williams,Troy Fautanu,3900,1
Ke'Shawn Williams,Zach Frazier,3900,1
KeAndre Lambert-Smith,Andre James,4400,50
KeAndre Lambert-Smith,Bradley Bozeman,4400,4
KeAndre Lambert-Smith,Branson Taylor,4400,39
KeAndre Lambert-Smith,Brenden Rice,4400,2
KeAndre Lambert-Smith,Corey Stewart,4400,73
KeAndre Lambert-Smith,DJ Uiagalelei,4400,2
KeAndre Lambert-Smith,Dalevon Campbell,4400,6
KeAndre Lambert-Smith,David Sharpe,4400,37
KeAndre Lambert-Smith,Derius Davis,4400,18
KeAndre Lambert-Smith,Hassan Haskins,4400,7
KeAndre Lambert-Smith,JaQuae Jackson,4400,5
KeAndre Lambert-Smith,Jalen Reagor,4400,5
KeAndre Lambert-Smith,Jamaree Salyer,4400,23
KeAndre Lambert-Smith,Jaret Patterson,4400,5
KeAndre Lambert-Smith,Jaylen Johnson,4400,30
KeAndre Lambert-Smith,Joe Alt,4400,4
KeAndre Lambert-Smith,Josh Kaltenberger,4400,25
KeAndre Lambert-Smith,Justin Herbert,4400,4
KeAndre Lambert-Smith,Karsen Barnhart,4400,71
KeAndre Lambert-Smith,Keenan Allen,4400,3
KeAndre Lambert-Smith,Kimani Vidal,4400,23
KeAndre Lambert-Smith,Ladd McConkey,4400,4
KeAndre Lambert-Smith,Luke Grimm,4400,3
KeAndre Lambert-Smith,Nash Jones,4400,33
KeAndre Lambert-Smith,Nyheim Hines,4400,32
KeAndre Lambert-Smith,Omarion Hampton,4400,9
KeAndre Lambert-Smith,Oronde Gadsden II,4400,61
KeAndre Lambert-Smith,Raheim Sanders,4400,13
KeAndre Lambert-Smith,Ryan Nelson,4400,49
KeAndre Lambert-Smith,Scott Matlock,4400,20
KeAndre Lambert-Smith,Stevo Klotz,4400,11
KeAndre Lambert-Smith,Taylor Heinicke,4400,26
KeAndre Lambert-Smith,Tre Harris,4400,63
KeAndre Lambert-Smith,Trey Lance,4400,57
KeAndre Lambert-Smith,Trey Pipkins,4400,14
KeAndre Lambert-Smith,Tucker Fisk,4400,26
KeAndre Lambert-Smith,Tyler Conklin,4400,5
KeAndre Lambert-Smith,Will Dissly,4400,5
KeAndre Lambert-Smith,Zion Johnson,4400,23
Keaton Mitchell,Andrew Vorhees,0325,7
Keaton Mitchell,Ben Cleveland,0325,4
Keaton Mitchell,Carson Vinson,0325,4
Keaton Mitchell,Charlie Kolar,0325,7
Keaton Mitchell,Cooper Rush,0325,7
Keaton Mitchell,Corey Bullock,0325,11
Keaton Mitchell,Daniel Faalele,0325,7
Keaton Mitchell,Darrian Dalcourt,0325,4
Keaton Mitchell,Dayton Wade,0325,5
Keaton Mitchell,Devin Leary,0325,4
Keaton Mitchell,Devontez Walker,0325,11
Keaton Mitchell,Joe Noteboom,0325,11
Keaton Mitchell,Keith Kirkwood,0325,2
Keaton Mitchell,Lucas Scott,0325,7
Keaton Mitchell,Roger Rosengarten,0325,7
Keaton Mitchell,Scotty Washington,0325,1
Keaton Mitchell,Tylan Wallace,0325,7
Keaton Mitchell,Zaire Mitchell-Paden,0325,4
Kedon Slovis,Austin Deculus,2120,67
Kedon Slovis,Blake Fisher,2120,19
Kedon Slovis,Braxton Berrios,2120,14
Kedon Slovis,Brevin Jordan,2120,7
Kedon Slovis,British Brooks,2120,17
Kedon Slovis,Cade Stover,2120,5
Kedon Slovis,Conor McDermott,2120,18
Kedon Slovis,Cornell Powell,2120,17
Kedon Slovis,Daniel Jackson,2120,28
Kedon Slovis,Ed Ingram,2120,10
Kedon Slovis,Eli Cox,2120,37
Kedon Slovis,Harrison Bryant,2120,20
Kedon Slovis,Irv Smith,2120,12
Kedon Slovis,Jakob Johnson,2120,20
Kedon Slovis,Jarrett Patterson,2120,40
Kedon Slovis,Jawhar Jordan,2120,35
Kedon Slovis,Jayden Higgins,2120,14
Kedon Slovis,Jaylin Noel,2120,10
Kedon Slovis,Jaylon Thomas,2120,62
Kedon Slovis,John Metchie III,2120,18
Kedon Slovis,Juice Scruggs,2120,31
Kedon Slovis,Justin Watson,2120,16
Kedon Slovis,Juwann Winfree,2120,26
Kedon Slovis,LaDarius Henderson,2120,51
Kedon Slovis,Luke Lachey,2120,47
Kedon Slovis,Quintez Cephus,2120,37
Kedon Slovis,Woody Marks,2120,25
Kedon Slovis,Xavier Hutchinson,2120,8
Kedon Slovis,Xavier Johnson,2120,9
Kedon Slovis,Zach Thomas,2120,50
Keeanu Benton,Beanie Bishop Jr.,3900,7
Keeanu Benton,Brandin Echols,3900,25
Keeanu Benton,Chuck Clark,3900,28
Keeanu Benton,Cole Holcomb,3900,19
Keeanu Benton,Darius Slay,3900,4
Keeanu Benton,Daryl Porter,3900,11
Keeanu Benton,DeMarvin Leal,3900,21
Keeanu Benton,DeShon Elliott,3900,4
Keeanu Benton,Derrick Harmon,3900,28
Keeanu Benton,Eku Leota,3900,6
Keeanu Benton,Isaiahh Loudermilk,3900,8
Keeanu Benton,Jack Sawyer,3900,22
Keeanu Benton,Jalen Ramsey,3900,4
Keeanu Benton,James Pierre,3900,25
Keeanu Benton,Joey Porter Jr.,3900,4
Keeanu Benton,Juan Thornhill,3900,22
Keeanu Benton,Julius Welschof,3900,6
Keeanu Benton,Malik Harrison,3900,6
Keeanu Benton,Miles Killebrew,3900,3
Keeanu Benton,Nick Herbig,3900,3
Keeanu Benton,Patrick Queen,3900,4
Keeanu Benton,Payton Wilson,3900,29
Keeanu Benton,Yahya Black,3900,1
Keenan Allen,Bradley Bozeman,4400,5
Keenan Allen,Jamaree Salyer,4400,5
Keenan Allen,Joe Alt,4400,5
Keenan Allen,Justin Herbert,4400,5
Keenan Allen,KeAndre Lambert-Smith,4400,3
Keenan Allen,Ladd McConkey,4400,5
Keenan Allen,Omarion Hampton,4400,5
Keenan Allen,Quentin Johnston,4400,2
Keenan Allen,Trey Pipkins,4400,5
Keenan Allen,Tyler Conklin,4400,4
Keenan Allen,Will Dissly,4400,1
Keenan Allen,Zion Johnson,4400,5
Keenan Garber,Ambry Thomas,3000,12
Keenan Garber,Austin Keys,3000,5
Keenan Garber,Cam Gill,3000,12
Keenan Garber,Chaz Chambliss,3000,12
Keenan Garber,Dorian Mausi,3000,12
Keenan Garber,Elijah Williams,3000,4
Keenan Garber,Gervarrius Owens,3000,12
Keenan Garber,Jonathan Harris,3000,6
Keenan Garber,Kahlef Hailassie,3000,1
Keenan Garber,Kobe King,3000,6
Keenan Garber,Levi Drake Rodriguez,3000,3
Keenan Garber,Mishael Powell,3000,12
Keenan Garber,Reddy Steward,3000,12
Keenan Garber,Travis Bell,3000,7
Keenan Garber,Tyrion Ingram-Dawkins,3000,4
Keenan Isaac,Adin Huntington,1050,26
Keenan Isaac,Cameron Mitchell,1050,3
Keenan Isaac,Cameron Thomas,1050,3
Keenan Isaac,Charlie Thomas,1050,12
Keenan Isaac,Chris Edmonds,1050,47
Keenan Isaac,Christian Holmes,1050,4
Keenan Isaac,Damontae Kazee,1050,1
Keenan Isaac,Darius Rush,1050,8
Keenan Isaac,Dom Jones,1050,14
Keenan Isaac,Donovan McMillon,1050,47
Keenan Isaac,Easton Mascarenas-Arnold,1050,46
Keenan Isaac,Jowon Briggs,1050,21
Keenan Isaac,Julian Okwara,1050,28
Keenan Isaac,KJ Henry,1050,41
Keenan Isaac,LaMareon James,1050,21
Keenan Isaac,Marvin Moody,1050,1
Keenan Isaac,Myles Harden,1050,7
Keenan Isaac,Nathaniel Watson,1050,34
Keenan Isaac,Nik Needham,1050,35
Keenan Isaac,Ralph Holley,1050,42
Keenan Isaac,Sam Kamara,1050,7
Keenan Isaac,Titus Leo,1050,22
Kei'Trel Clark,Akeem Davis-Gaither,3800,8
Kei'Trel Clark,Anthony Goodlow,3800,44
Kei'Trel Clark,Benton Whitley,3800,40
Kei'Trel Clark,Cody Simon,3800,50
Kei'Trel Clark,Dadrion Taylor-Demerson,3800,13
Kei'Trel Clark,Darren Hall,3800,43
Kei'Trel Clark,Denzel Burke,3800,58
Kei'Trel Clark,Elijah Jones,3800,19
Kei'Trel Clark,Elijah Simmons,3800,27
Kei'Trel Clark,Elliott Brown,3800,45
Kei'Trel Clark,Jammie Robinson,3800,44
Kei'Trel Clark,Jaylon Jones,3800,59
Kei'Trel Clark,Joey Blount,3800,27
Kei'Trel Clark,Jordan Burch,3800,17
Kei'Trel Clark,Kitan Crawford,3800,44
Kei'Trel Clark,Kyon Barrs,3800,37
Kei'Trel Clark,L.J. Collier,3800,16
Kei'Trel Clark,Mykal Walker,3800,56
Kei'Trel Clark,Owen Pappoe,3800,26
Kei'Trel Clark,PJ Mustipher,3800,28
Kei'Trel Clark,Patrick Jenkins,3800,26
Kei'Trel Clark,Steven Gilmore,3800,2
Kei'Trel Clark,Vi Jones,3800,13
Kei'Trel Clark,Xavier Thomas,3800,48
Keidron Smith,Andrew Farmer,1400,5
Keidron Smith,Damarri Mathis,1400,33
Keidron Smith,Dondrea Tillman,1400,29
Keidron Smith,Eyioma Uwazurike,1400,24
Keidron Smith,Garrett Nelson,1400,3
Keidron Smith,J.B. Brown,1400,6
Keidron Smith,JL Skinner,1400,41
Keidron Smith,Jaden Robinson,1400,6
Keidron Smith,Jahdae Barron,1400,14
Keidron Smith,Jonah Elliss,1400,19
Keidron Smith,Jordan Jackson,1400,13
Keidron Smith,Jordan Miller,1400,22
Keidron Smith,Jordan Turner,1400,20
Keidron Smith,Joshua Pickett,1400,2
Keidron Smith,Justin Strnad,1400,3
Keidron Smith,Karene Reid,1400,27
Keidron Smith,Kris Abrams-Draine,1400,32
Keidron Smith,Kristian Williams,1400,13
Keidron Smith,Levelle Bailey,1400,21
Keidron Smith,Micah Abraham,1400,2
Keidron Smith,Michael Dwumfour,1400,2
Keidron Smith,Que Robinson,1400,26
Keidron Smith,Quinton Newsome,1400,13
Keidron Smith,Sai'vion Jones,1400,34
Keilan Robinson,Ainias Smith,3700,27
Keilan Robinson,Ben VanSumeren,3700,1
Keilan Robinson,Brett Toth,3700,47
Keilan Robinson,Cameron Latu,3700,16
Keilan Robinson,Cameron Williams,3700,36
Keilan Robinson,Darian Kinnard,3700,30
Keilan Robinson,Darius Cooper,3700,37
Keilan Robinson,Dorian Thompson-Robinson,3700,3
Keilan Robinson,Drew Kendall,3700,34
Keilan Robinson,E.J. Jenkins,3700,19
Keilan Robinson,Elijah Cooks,3700,6
Keilan Robinson,Giles Jackson,3700,18
Keilan Robinson,Hollin Pierce,3700,15
Keilan Robinson,Ife Adeyi,3700,16
Keilan Robinson,Johnny Wilson,3700,14
Keilan Robinson,Kendall Lamm,3700,3
Keilan Robinson,Kenyon Green,3700,21
Keilan Robinson,Kyle McCord,3700,48
Keilan Robinson,Kylen Granson,3700,29
Keilan Robinson,Laekin Vakalahi,3700,7
Keilan Robinson,Matt Pryor,3700,14
Keilan Robinson,Myles Hinton,3700,59
Keilan Robinson,Nick Muse,3700,19
Keilan Robinson,Tanner McKee,3700,11
Keilan Robinson,Taylor Morin,3700,15
Keilan Robinson,Terrace Marshall Jr.,3700,30
Keilan Robinson,Trevor Keegan,3700,44
Keion White,Alex Austin,3200,28
Keion White,Bradyn Swinson,3200,7
Keion White,Brandon Crossley,3200,9
Keion White,Cam Riley,3200,3
Keion White,Carlton Davis III,3200,6
Keion White,Christian Elliss,3200,22
Keion White,Craig Woodson,3200,28
Keion White,DJ James,3200,23
Keion White,David Olajiga,3200,11
Keion White,Dell Pettus,3200,6
Keion White,Elijah Ponder,3200,9
Keion White,Harold Landry III,3200,6
Keion White,Isaiah Iton,3200,9
Keion White,Jabrill Peppers,3200,33
Keion White,Jack Gibbens,3200,22
Keion White,Jahvaree Ritzie,3200,6
Keion White,Jaylinn Hawkins,3200,21
Keion White,Jeremiah Pharms Jr.,3200,15
Keion White,Jordan Polk,3200,13
Keion White,Joshua Farmer,3200,26
Keion White,K'Lavon Chaisson,3200,4
Keion White,Khyiris Tonga,3200,18
Keion White,Kobee Minor,3200,21
Keion White,Kyle Dugger,3200,30
Keion White,Kyle Peko,3200,12
Keion White,Marcus Epps,3200,9
Keion White,Marcus Jones,3200,21
Keion White,Marte Mapu,3200,22
Keion White,Miles Battle,3200,20
Keion White,Milton Williams,3200,18
Keion White,Monty Rice,3200,9
Keion White,Philip Blidi,3200,2
Keion White,Robert Spillane,3200,23
Keion White,Truman Jones,3200,28
Keir Thomas,A.J. Green,2510,16
Keir Thomas,Brennan Jackson,2510,8
Keir Thomas,Cam Lampkin,2510,6
Keir Thomas,Derion Kendrick,2510,19
Keir Thomas,Desjuan Johnson,2510,10
Keir Thomas,Elias Neal,2510,5
Keir Thomas,Jack Heflin,2510,12
Keir Thomas,Josaiah Stewart,2510,3
Keir Thomas,Josh Wallace,2510,16
Keir Thomas,Larrell Murchison,2510,14
Keir Thomas,Malik Dixon-Williams,2510,6
Keir Thomas,Nate Valcarcel,2510,2
Keir Thomas,Nick Hampton,2510,11
Keir Thomas,Pooh Paul Jr.,2510,21
Keir Thomas,Shaun Dolac,2510,16
Keir Thomas,Shaun Jolly,2510,17
Keir Thomas,Tanner Ingle,2510,22
Keir Thomas,Ty Hamilton,2510,16
Keisean Nixon,Brenton Cox Jr.,1800,2
Keisean Nixon,Carrington Valentine,1800,14
Keisean Nixon,Colby Wooden,1800,5
Keisean Nixon,Devonte Wyatt,1800,9
Keisean Nixon,Edgerrin Cooper,1800,14
Keisean Nixon,Evan Williams,1800,14
Keisean Nixon,Isaiah McDuffie,1800,13
Keisean Nixon,Isaiah Simmons,1800,4
Keisean Nixon,Javon Bullard,1800,14
Keisean Nixon,Karl Brooks,1800,5
Keisean Nixon,Kenny Clark,1800,9
Keisean Nixon,Kingsley Enagbare,1800,1
Keisean Nixon,Kitan Oladapo,1800,3
Keisean Nixon,Lukas Van Ness,1800,13
Keisean Nixon,Quay Walker,1800,4
Keisean Nixon,Rashan Gary,1800,12
Keisean Nixon,Zayne Anderson,1800,4
Keith Cooper,Ahmed Hassanein,1540,20
Keith Cooper,Al-Quadin Muhammad,1540,19
Keith Cooper,Allan George,1540,42
Keith Cooper,Anthony Pittman,1540,83
Keith Cooper,Avonte Maddox,1540,28
Keith Cooper,Brodric Martin,1540,34
Keith Cooper,Chris Smith,1540,52
Keith Cooper,D.J. Miller,1540,34
Keith Cooper,DaRon Gilbert,1540,44
Keith Cooper,Dan Jackson,1540,21
Keith Cooper,Dicaprio Bootle,1540,33
Keith Cooper,Ennis Rakestraw Jr.,1540,12
Keith Cooper,Erick Hallett,1540,62
Keith Cooper,Ezekiel Turner,1540,57
Keith Cooper,Grant Stuard,1540,33
Keith Cooper,Ian Kennelly,1540,82
Keith Cooper,Isaac Ukwu,1540,60
Keith Cooper,Loren Strickland,1540,65
Keith Cooper,Luq Barcoo,1540,12
Keith Cooper,Mitchell Agude,1540,35
Keith Cooper,Morice Norris Jr.,1540,17
Keith Cooper,Myles Adams,1540,68
Keith Cooper,Nate Lynn,1540,68
Keith Cooper,Nick Whiteside,1540,61
Keith Cooper,Pat O'Connor,1540,13
Keith Cooper,Raequan Williams,1540,9
Keith Cooper,Rock Ya-Sin,1540,43
Keith Cooper,Trevor Nowaske,1540,67
Keith Cooper,Tyleik Williams,1540,3
Keith Cooper,Tyson Russell,1540,67
Keith Cooper,Zach Cunningham,1540,26
Keith Kirkwood,Andrew Vorhees,0325,2
Keith Kirkwood,Anthony Miller,0325,10
Keith Kirkwood,Baylor Cupp,0325,2
Keith Kirkwood,Ben Cleveland,0325,12
Keith Kirkwood,Carson Vinson,0325,34
Keith Kirkwood,Charlie Kolar,0325,10
Keith Kirkwood,Cooper Rush,0325,10
Keith Kirkwood,Corey Bullock,0325,10
Keith Kirkwood,D'Ernest Johnson,0325,12
Keith Kirkwood,Daniel Faalele,0325,2
Keith Kirkwood,Darrian Dalcourt,0325,18
Keith Kirkwood,Dayton Wade,0325,18
Keith Kirkwood,Devin Leary,0325,26
Keith Kirkwood,Devontez Walker,0325,5
Keith Kirkwood,Garrett Dellinger,0325,30
Keith Kirkwood,Gerad Lichtenhan,0325,26
Keith Kirkwood,Jared Penning,0325,8
Keith Kirkwood,Joe Noteboom,0325,10
Keith Kirkwood,Keaton Mitchell,0325,2
Keith Kirkwood,LaJohntay Wester,0325,10
Keith Kirkwood,Lucas Scott,0325,13
Keith Kirkwood,Malik Cunningham,0325,7
Keith Kirkwood,Nick Samac,0325,26
Keith Kirkwood,Rasheen Ali,0325,22
Keith Kirkwood,Roger Rosengarten,0325,2
Keith Kirkwood,Scotty Washington,0325,10
Keith Kirkwood,Xavier Guillory,0325,1
Keith Kirkwood,Zaire Mitchell-Paden,0325,22
Keith Randolph Jr.,Arron Mosby,1800,28
Keith Randolph Jr.,Barryn Sorrell,1800,6
Keith Randolph Jr.,Bo Melton,1800,5
Keith Randolph Jr.,Corey Ballentine,1800,11
Keith Randolph Jr.,Deslin Alexandre,1800,19
Keith Randolph Jr.,Garnett Hollis Jr.,1800,19
Keith Randolph Jr.,Isaiah Dunn,1800,6
Keith Randolph Jr.,Isaiah Simmons,1800,11
Keith Randolph Jr.,James Ester,1800,13
Keith Randolph Jr.,Jamon Johnson,1800,20
Keith Randolph Jr.,Jared Bartlett,1800,7
Keith Randolph Jr.,Johnathan Baldwin,1800,29
Keith Randolph Jr.,Kalen King,1800,13
Keith Randolph Jr.,Kamal Hadden,1800,5
Keith Randolph Jr.,Kitan Oladapo,1800,5
Keith Randolph Jr.,Kristian Welch,1800,22
Keith Randolph Jr.,Micah Robinson,1800,24
Keith Randolph Jr.,Nazir Stackhouse,1800,7
Keith Randolph Jr.,Omar Brown,1800,5
Keith Randolph Jr.,Ty'Ron Hopper,1800,5
Keith Randolph Jr.,Tyron Herring,1800,16
Keith Randolph Jr.,Warren Brinson,1800,14
Keith Taylor,Bralen Trice,0200,7
Keith Taylor,C.J. Henderson,0200,9
Keith Taylor,Cobee Bryant,0200,10
Keith Taylor,DeAngelo Malone,0200,20
Keith Taylor,Dee Alford,0200,11
Keith Taylor,Henry Black,0200,18
Keith Taylor,JD Bertrand,0200,8
Keith Taylor,Josh Thompson,0200,22
Keith Taylor,Josh Woods,0200,8
Keith Taylor,Kentavius Street,0200,12
Keith Taylor,Khalid Kareem,0200,16
Keith Taylor,LaCale London,0200,11
Keith Taylor,Lamar Jackson,0200,20
Keith Taylor,Mike Ford,0200,11
Keith Taylor,Morgan Fox,0200,11
Keith Taylor,Natrone Brooks,0200,14
Keith Taylor,Nick Kubitz,0200,22
Keith Taylor,Ronnie Harrison,0200,21
Keith Taylor,Ronnie Perkins,0200,15
Keith Taylor,Ruke Orhorhoro,0200,14
Keith Taylor,Simeon Barrow Jr.,0200,11
Keith Taylor,Zach Harrison,0200,9
Keivie Rose,Antonio Johnson,2250,32
Keivie Rose,Austin Johnson,2250,3
Keivie Rose,Aydan White,2250,56
Keivie Rose,BJ Green II,2250,50
Keivie Rose,Branson Combs,2250,33
Keivie Rose,Cam'Ron Silmon-Craig,2250,48
Keivie Rose,Chad Muma,2250,50
Keivie Rose,Christian Braswell,2250,17
Keivie Rose,Daniel Thomas,2250,37
Keivie Rose,Danny Striggow,2250,57
Keivie Rose,Deantre Prince,2250,17
Keivie Rose,Doneiko Slaughter,2250,47
Keivie Rose,Ethan Downs,2250,24
Keivie Rose,Jabbar Muhammad,2250,42
Keivie Rose,Jack Kiser,2250,66
Keivie Rose,James Carpenter,2250,35
Keivie Rose,Jordan Jefferson,2250,42
Keivie Rose,Keni-H Lovely,2250,29
Keivie Rose,Maason Smith,2250,2
Keivie Rose,Myles Cole,2250,33
Keivie Rose,Rayuan Lane III,2250,48
Keivie Rose,Ventrell Miller,2250,14
Keivie Rose,Yasir Abdullah,2250,23
Keivie Rose,Zech McPhearson,2250,15
Kelee Ringo,Adoree' Jackson,3700,33
Kelee Ringo,Andre' Sam,3700,12
Kelee Ringo,Andrew Mukuba,3700,17
Kelee Ringo,Azeez Ojulari,3700,32
Kelee Ringo,Brandon Johnson,3700,10
Kelee Ringo,Byron Young,3700,17
Kelee Ringo,Gabe Hall,3700,25
Kelee Ringo,Jacob Sykes,3700,18
Kelee Ringo,Jakorian Bennett,3700,8
Kelee Ringo,Jeremiah Trotter Jr.,3700,38
Kelee Ringo,Jihaad Campbell,3700,26
Kelee Ringo,Joe Evans,3700,12
Kelee Ringo,Joshua Uche,3700,28
Kelee Ringo,Justin Rogers,3700,4
Kelee Ringo,Mac McWilliams,3700,20
Kelee Ringo,Ochaun Mathis,3700,2
Kelee Ringo,Ogbo Okoronkwo,3700,17
Kelee Ringo,Parry Nickerson,3700,4
Kelee Ringo,Patrick Johnson,3700,15
Kelee Ringo,Smael Mondon Jr.,3700,30
Kelee Ringo,Sydney Brown,3700,41
Kelee Ringo,Tristin McCollum,3700,24
Kelee Ringo,Ty Robinson,3700,37
Keleki Latu,Chase Lundt,0610,59
Keleki Latu,Dan Feeney,0610,20
Keleki Latu,Darrynton Evans,0610,1
Keleki Latu,Deon Cain,0610,19
Keleki Latu,Elijah Moore,0610,11
Keleki Latu,Elijah Young,0610,20
Keleki Latu,Frank Gore Jr.,0610,32
Keleki Latu,Jackson Hawes,0610,4
Keleki Latu,Jacob Bayer,0610,40
Keleki Latu,Jalen Virgil,0610,12
Keleki Latu,Josh Palmer,0610,4
Keleki Latu,KJ Hamler,0610,25
Keleki Latu,Kaden Prather,0610,4
Keleki Latu,Kendrick Green,0610,19
Keleki Latu,Kristian Wilkerson,0610,32
Keleki Latu,Laviska Shenault Jr.,0610,19
Keleki Latu,Matt Sokol,0610,12
Keleki Latu,Mike Edwards,0610,50
Keleki Latu,Mike White,0610,10
Keleki Latu,Mitchell Trubisky,0610,12
Keleki Latu,Ray Davis,0610,6
Keleki Latu,Richard Gouraige,0610,59
Keleki Latu,Rush Reimer,0610,22
Keleki Latu,Ryan Van Demark,0610,19
Keleki Latu,Shane Buechele,0610,37
Keleki Latu,Stephen Gosnell,0610,10
Keleki Latu,Travis Clayton,0610,7
Keleki Latu,Tyrell Shavers,0610,18
Keleki Latu,Zach Davidson,0610,7
Kelvin Banks Jr.,Alvin Kamara,3300,1
Kelvin Banks Jr.,Brandin Cooks,3300,18
Kelvin Banks Jr.,Cam Akers,3300,7
Kelvin Banks Jr.,Cedrick Wilson Jr.,3300,25
Kelvin Banks Jr.,Cesar Ruiz,3300,38
Kelvin Banks Jr.,Chris Olave,3300,30
Kelvin Banks Jr.,Clyde Edwards-Helaire,3300,4
Kelvin Banks Jr.,Dillon Radunz,3300,39
Kelvin Banks Jr.,Erik McCoy,3300,14
Kelvin Banks Jr.,Jack Stoll,3300,25
Kelvin Banks Jr.,Juwan Johnson,3300,20
Kelvin Banks Jr.,Kendre Miller,3300,35
Kelvin Banks Jr.,Kevin Austin Jr.,3300,5
Kelvin Banks Jr.,Kyle Hergel,3300,9
Kelvin Banks Jr.,Landon Young,3300,14
Kelvin Banks Jr.,Mason Tipton,3300,16
Kelvin Banks Jr.,Moliki Matavao,3300,3
Kelvin Banks Jr.,Rashid Shaheed,3300,30
Kelvin Banks Jr.,Spencer Rattler,3300,31
Kelvin Banks Jr.,Taliese Fuaga,3300,24
Kelvin Banks Jr.,Torricelli Simpkins III,3300,31
Kelvin Banks Jr.,Trevor Penning,3300,17
Kelvin Banks Jr.,Treyton Welch,3300,12
Kelvin Banks Jr.,Tyler Shough,3300,16
Kelvin Banks Jr.,Velus Jones Jr.,3300,4
Kelvin Banks Jr.,Will Clapp,3300,2
Kemon Hall,Alijah Clark,1200,25
Kemon Hall,Andrew Booth,1200,24
Kemon Hall,Bruce Harmon,1200,8
Kemon Hall,Buddy Johnson,1200,26
Kemon Hall,Christian Matthew,1200,7
Kemon Hall,Damone Clark,1200,21
Kemon Hall,Darius Harris,1200,13
Kemon Hall,Denzel Daxon,1200,6
Kemon Hall,Donovan Ezeiruaku,1200,21
Kemon Hall,Earnest Brown IV,1200,17
Kemon Hall,Israel Mukuamu,1200,32
Kemon Hall,James Houston,1200,37
Kemon Hall,Jay Toia,1200,22
Kemon Hall,Juanyeh Thomas,1200,11
Kemon Hall,Justin Barron,1200,15
Kemon Hall,Marist Liufau,1200,20
Kemon Hall,Markquese Bell,1200,15
Kemon Hall,Marshawn Kneeland,1200,3
Kemon Hall,Mazi Smith,1200,24
Kemon Hall,Michael Ojemudia,1200,10
Kemon Hall,Mike Smith Jr.,1200,41
Kemon Hall,Payton Turner,1200,23
Kemon Hall,Perrion Winfrey,1200,40
Kemon Hall,Robert Rochell,1200,19
Kemon Hall,Shemar James,1200,29
Kemon Hall,Tommy Akingbesote,1200,15
Kemon Hall,Troy Pride,1200,56
Kemon Hall,Tyrus Wheat,1200,39
Kendall Lamm,AJ Dillon,3700,6
Kendall Lamm,Ainias Smith,3700,26
Kendall Lamm,Ben VanSumeren,3700,5
Kendall Lamm,Brett Toth,3700,46
Kendall Lamm,Cameron Latu,3700,1
Kendall Lamm,Darian Kinnard,3700,37
Kendall Lamm,Darius Cooper,3700,33
Kendall Lamm,Dorian Thompson-Robinson,3700,9
Kendall Lamm,Drew Kendall,3700,46
Kendall Lamm,E.J. Jenkins,3700,16
Kendall Lamm,Grant Calcaterra,3700,13
Kendall Lamm,Harrison Bryant,3700,11
Kendall Lamm,Jahan Dotson,3700,9
Kendall Lamm,John Metchie III,3700,15
Kendall Lamm,Johnny Wilson,3700,21
Kendall Lamm,Keilan Robinson,3700,3
Kendall Lamm,Kyle McCord,3700,23
Kendall Lamm,Kylen Granson,3700,16
Kendall Lamm,Matt Pryor,3700,30
Kendall Lamm,Montrell Johnson Jr.,3700,23
Kendall Lamm,Nick Muse,3700,4
Kendall Lamm,Tanner McKee,3700,14
Kendall Lamm,Terrace Marshall Jr.,3700,14
Kendall Lamm,Trevor Keegan,3700,16
Kendall Lamm,Tyler Steen,3700,9
Kendall Lamm,Will Shipley,3700,14
Kendall Milton,Andrew Coker,0920,38
Kendall Milton,Andrew Raym,0920,11
Kendall Milton,Andrew Stueber,0920,26
Kendall Milton,Caleb Etienne,0920,27
Kendall Milton,Cam Grandy,0920,10
Kendall Milton,Cole Burgess,0920,11
Kendall Milton,Desmond Ridder,0920,26
Kendall Milton,Isaiah Williams,0920,19
Kendall Milton,Jake Browning,0920,11
Kendall Milton,Jalen Rivers,0920,23
Kendall Milton,Jamoi Mayes,0920,18
Kendall Milton,Jaxson Kirkland,0920,38
Kendall Milton,Jermaine Burton,0920,9
Kendall Milton,Jordan Moore,0920,10
Kendall Milton,Kendric Pryor,0920,26
Kendall Milton,Matt Lee,0920,20
Kendall Milton,Payton Thorne,0920,1
Kendall Milton,Rashod Owens,0920,16
Kendall Milton,Seth McLaughlin,0920,7
Kendall Milton,Tanner Hudson,0920,4
Kendall Milton,Tanner McLachlan,0920,29
Kendall Sheffield,Benito Jones,2700,3
Kendall Sheffield,Bradley Chubb,2700,2
Kendall Sheffield,Cameron Goode,2700,11
Kendall Sheffield,Channing Tindall,2700,6
Kendall Sheffield,Chop Robinson,2700,2
Kendall Sheffield,Cornell Armstrong,2700,6
Kendall Sheffield,Dequan Jackson,2700,3
Kendall Sheffield,Derrick McLendon,2700,8
Kendall Sheffield,Elijah Campbell,2700,14
Kendall Sheffield,Eugene Asante,2700,1
Kendall Sheffield,Grayson Murphy,2700,18
Kendall Sheffield,Ifeatu Melifonwu,2700,25
Kendall Sheffield,Jack Jones,2700,4
Kendall Sheffield,Jason Marshall Jr.,2700,1
Kendall Sheffield,Jordan Phillips,2700,10
Kendall Sheffield,Jordyn Brooks,2700,2
Kendall Sheffield,K.J. Britt,2700,20
Kendall Sheffield,Kenneth Grant,2700,19
Kendall Sheffield,Matt Dickerson,2700,5
Kendall Sheffield,Matthew Butler,2700,17
Kendall Sheffield,Mike Hilton,2700,10
Kendall Sheffield,Minkah Fitzpatrick,2700,2
Kendall Sheffield,Patrick McMorris,2700,12
Kendall Sheffield,Quinton Bell,2700,11
Kendall Sheffield,Storm Duck,2700,22
Kendall Sheffield,Tyrel Dodson,2700,2
Kendall Sheffield,Willie Gay Jr.,2700,20
Kendall Sheffield,Zach Sieler,2700,2
Kendall Sheffield,Zeek Biggers,2700,2
Kendall Williamson,Caleb Murphy,4400,63
Kendall Williamson,Christopher Hinton,4400,81
Kendall Williamson,Deane Leonard,4400,20
Kendall Williamson,Del'Shawn Phillips,4400,11
Kendall Williamson,Emany Johnson,4400,133
Kendall Williamson,Eric Rogers,4400,27
Kendall Williamson,Garmon Randolph,4400,70
Kendall Williamson,Harrison Hand,4400,15
Kendall Williamson,Ja'Sir Taylor,4400,104
Kendall Williamson,Jamaree Caldwell,4400,45
Kendall Williamson,Jaylen Jones,4400,24
Kendall Williamson,Jordan Oladokun,4400,14
Kendall Williamson,Josh Fuga,4400,4
Kendall Williamson,Junior Colson,4400,37
Kendall Williamson,Justin Eboigbe,4400,47
Kendall Williamson,Kana'i Mauga,4400,44
Kendall Williamson,Kylan Guidry,4400,81
Kendall Williamson,Kyle Kennard,4400,33
Kendall Williamson,Marlowe Wax,4400,109
Kendall Williamson,Myles Purchase,4400,83
Kendall Williamson,Naquan Jones,4400,53
Kendall Williamson,Nehemiah Shelton,4400,4
Kendall Williamson,Nesta Jade Silvera,4400,61
Kendall Williamson,Nikko Reed,4400,76
Kendall Williamson,R.J. Mickens,4400,109
Kendall Williamson,Scott Matlock,4400,22
Kendall Williamson,TeRah Edwards,4400,67
Kendall Williamson,Tony Jefferson,4400,15
Kendall Williamson,Tre'Mon Morris-Brash,4400,91
Kendall Williamson,Trikweze Bridges,4400,143
Kendall Williamson,Troy Dye,4400,4
Kendell Brooks,Ali Gaye,2100,39
Kendell Brooks,Amani Oruwariye,2100,39
Kendell Brooks,Amari Burney,2100,16
Kendell Brooks,Blake Lynch,2100,5
Kendell Brooks,Cam Horsley,2100,17
Kendell Brooks,Carlos Watkins,2100,33
Kendell Brooks,Cedric Gray,2100,56
Kendell Brooks,Curtis Jacobs,2100,5
Kendell Brooks,Desmond Evans,2100,6
Kendell Brooks,Gabe Jeudy-Lally,2100,77
Kendell Brooks,Isaiah Raikes,2100,16
Kendell Brooks,Jalen Kimber,2100,28
Kendell Brooks,James Lynch,2100,49
Kendell Brooks,James Williams,2100,72
Kendell Brooks,Jaylen Harrell,2100,21
Kendell Brooks,Jihad Ward,2100,58
Kendell Brooks,Joe Gaziano,2100,7
Kendell Brooks,Josiah Bronson,2100,3
Kendell Brooks,Marcus Harris,2100,77
Kendell Brooks,Mike Brown,2100,77
Kendell Brooks,Oluwafemi Oladejo,2100,32
Kendell Brooks,Philip Blidi,2100,2
Kendell Brooks,Timmy Horne,2100,35
Kendre Miller,Brandin Cooks,3300,14
Kendre Miller,Cedrick Wilson Jr.,3300,18
Kendre Miller,Cesar Ruiz,3300,29
Kendre Miller,Chris Olave,3300,21
Kendre Miller,Dillon Radunz,3300,27
Kendre Miller,Erik McCoy,3300,9
Kendre Miller,Jack Stoll,3300,19
Kendre Miller,Juwan Johnson,3300,16
Kendre Miller,Kelvin Banks Jr.,3300,35
Kendre Miller,Kevin Austin Jr.,3300,3
Kendre Miller,Kyle Hergel,3300,6
Kendre Miller,Landon Young,3300,9
Kendre Miller,Mason Tipton,3300,13
Kendre Miller,Moliki Matavao,3300,2
Kendre Miller,Rashid Shaheed,3300,21
Kendre Miller,Spencer Rattler,3300,23
Kendre Miller,Taliese Fuaga,3300,20
Kendre Miller,Torricelli Simpkins III,3300,24
Kendre Miller,Trevor Penning,3300,14
Kendre Miller,Treyton Welch,3300,9
Kendre Miller,Tyler Shough,3300,12
Kendre Miller,Velus Jones Jr.,3300,4
Kendre Miller,Will Clapp,3300,2
Kendric Pryor,Andrew Coker,0920,60
Kendric Pryor,Andrew Raym,0920,35
Kendric Pryor,Andrew Stueber,0920,43
Kendric Pryor,Caleb Etienne,0920,37
Kendric Pryor,Cam Grandy,0920,17
Kendric Pryor,Charlie Jones,0920,1
Kendric Pryor,Cole Burgess,0920,6
Kendric Pryor,Cordell Volson,0920,3
Kendric Pryor,Desmond Ridder,0920,37
Kendric Pryor,Devin Cochran,0920,4
Kendric Pryor,Gary Brightwell,0920,16
Kendric Pryor,Isaiah Williams,0920,44
Kendric Pryor,Jake Browning,0920,27
Kendric Pryor,Jalen Rivers,0920,45
Kendric Pryor,Jamoi Mayes,0920,25
Kendric Pryor,Jaxson Kirkland,0920,64
Kendric Pryor,Jermaine Burton,0920,15
Kendric Pryor,Jordan Moore,0920,18
Kendric Pryor,Kendall Milton,0920,26
Kendric Pryor,Matt Lee,0920,29
Kendric Pryor,Mitchell Tinsley,0920,9
Kendric Pryor,Rashod Owens,0920,5
Kendric Pryor,Tahj Brooks,0920,22
Kendric Pryor,Tanner Hudson,0920,13
Kendric Pryor,Tanner McLachlan,0920,39
Kendrick Green,Chase Lundt,0610,67
Kendrick Green,Dan Feeney,0610,67
Kendrick Green,Darrynton Evans,0610,10
Kendrick Green,Deon Cain,0610,9
Kendrick Green,Elijah Moore,0610,38
Kendrick Green,Elijah Young,0610,8
Kendrick Green,Frank Gore Jr.,0610,33
Kendrick Green,Jackson Hawes,0610,32
Kendrick Green,Jalen Virgil,0610,8
Kendrick Green,Josh Palmer,0610,8
Kendrick Green,KJ Hamler,0610,37
Kendrick Green,Keleki Latu,0610,19
Kendrick Green,Kristian Wilkerson,0610,30
Kendrick Green,Laviska Shenault Jr.,0610,6
Kendrick Green,Mike Edwards,0610,30
Kendrick Green,Mike White,0610,35
Kendrick Green,Mitchell Trubisky,0610,6
Kendrick Green,Ray Davis,0610,16
Kendrick Green,Richard Gouraige,0610,67
Kendrick Green,Ryan Van Demark,0610,37
Kendrick Green,Shane Buechele,0610,26
Kendrick Green,Stephen Gosnell,0610,2
Kendrick Green,Tyrell Shavers,0610,53
Kendrick Green,Zach Davidson,0610,26
Kene Nwangwu,Adrian Martinez,3430,27
Kene Nwangwu,Andrew Beck,3430,12
Kene Nwangwu,Arian Smith,3430,41
Kene Nwangwu,Armand Membou,3430,10
Kene Nwangwu,Brady Cook,3430,21
Kene Nwangwu,Brandon Smith,3430,46
Kene Nwangwu,Carter Warren,3430,19
Kene Nwangwu,Chukwuma Okorafor,3430,19
Kene Nwangwu,Jamaal Pritchett,3430,17
Kene Nwangwu,Jeremy Ruckert,3430,10
Kene Nwangwu,Josh Myers,3430,13
Kene Nwangwu,Kohl Levao,3430,48
Kene Nwangwu,Liam Fornadel,3430,26
Kene Nwangwu,Malachi Corley,3430,15
Kene Nwangwu,Marquis Hayes,3430,19
Kene Nwangwu,Max Mitchell,3430,38
Kene Nwangwu,Neal Johnson,3430,3
Kene Nwangwu,Quentin Skinner,3430,9
Kene Nwangwu,Samuel Jackson,3430,10
Kene Nwangwu,Stone Smartt,3430,21
Kene Nwangwu,Xavier Newman-Johnson,3430,38
Kene Nwangwu,Zack Kuntz,3430,18
Keni-H Lovely,Aydan White,2250,38
Keni-H Lovely,BJ Green II,2250,20
Keni-H Lovely,Branson Combs,2250,17
Keni-H Lovely,Cam'Ron Silmon-Craig,2250,41
Keni-H Lovely,Chad Muma,2250,29
Keni-H Lovely,Daniel Thomas,2250,3
Keni-H Lovely,Danny Striggow,2250,19
Keni-H Lovely,Doneiko Slaughter,2250,11
Keni-H Lovely,Eli Mostaert,2250,6
Keni-H Lovely,Ethan Downs,2250,21
Keni-H Lovely,Jabbar Muhammad,2250,22
Keni-H Lovely,Jack Kiser,2250,36
Keni-H Lovely,James Carpenter,2250,19
Keni-H Lovely,Jordan Jefferson,2250,20
Keni-H Lovely,Keivie Rose,2250,29
Keni-H Lovely,Maason Smith,2250,8
Keni-H Lovely,Myles Cole,2250,22
Keni-H Lovely,Rayuan Lane III,2250,38
Keni-H Lovely,Yasir Abdullah,2250,11
Kenneth Gainwell,Ben Skowronek,3900,1
Kenneth Gainwell,Brandon Johnson,3900,8
Kenneth Gainwell,Broderick Jones,3900,12
Kenneth Gainwell,Connor Heyward,3900,4
Kenneth Gainwell,Darnell Washington,3900,9
Kenneth Gainwell,Lance McCutcheon,3900,2
Kenneth Gainwell,Mason McCormick,3900,12
Kenneth Gainwell,Mason Rudolph,3900,12
Kenneth Gainwell,Max Hurleman,3900,4
Kenneth Gainwell,Pat Freiermuth,3900,3
Kenneth Gainwell,Robert Woods,3900,3
Kenneth Gainwell,Roman Wilson,3900,9
Kenneth Gainwell,Scott Miller,3900,5
Kenneth Gainwell,Spencer Anderson,3900,12
Kenneth Gainwell,Troy Fautanu,3900,12
Kenneth Gainwell,Zach Frazier,3900,12
Kenneth Grant,Benito Jones,2700,8
Kenneth Grant,Bradley Chubb,2700,1
Kenneth Grant,Cameron Goode,2700,8
Kenneth Grant,Channing Tindall,2700,6
Kenneth Grant,Chop Robinson,2700,1
Kenneth Grant,Cornell Armstrong,2700,10
Kenneth Grant,Dante Trader Jr.,2700,5
Kenneth Grant,Dequan Jackson,2700,1
Kenneth Grant,Derrick McLendon,2700,15
Kenneth Grant,Elijah Campbell,2700,13
Kenneth Grant,Ethan Bonner,2700,13
Kenneth Grant,Eugene Asante,2700,3
Kenneth Grant,Grayson Murphy,2700,21
Kenneth Grant,Ifeatu Melifonwu,2700,28
Kenneth Grant,Jack Jones,2700,13
Kenneth Grant,Jason Marshall Jr.,2700,3
Kenneth Grant,Jordan Colbert,2700,6
Kenneth Grant,Jordan Phillips,2700,5
Kenneth Grant,Jordyn Brooks,2700,1
Kenneth Grant,K.J. Britt,2700,30
Kenneth Grant,Kendall Sheffield,2700,19
Kenneth Grant,Matt Dickerson,2700,1
Kenneth Grant,Matthew Butler,2700,29
Kenneth Grant,Mike Hilton,2700,10
Kenneth Grant,Minkah Fitzpatrick,2700,1
Kenneth Grant,Patrick McMorris,2700,17
Kenneth Grant,Quinton Bell,2700,24
Kenneth Grant,Storm Duck,2700,25
Kenneth Grant,Tyrel Dodson,2700,1
Kenneth Grant,Willie Gay Jr.,2700,30
Kenneth Grant,Zach Sieler,2700,1
Kenneth Grant,Zeek Biggers,2700,1
Kenny Clark,Brenton Cox Jr.,1800,1
Kenny Clark,Carrington Valentine,1800,9
Kenny Clark,Devonte Wyatt,1800,9
Kenny Clark,Edgerrin Cooper,1800,9
Kenny Clark,Evan Williams,1800,9
Kenny Clark,Isaiah McDuffie,1800,9
Kenny Clark,Isaiah Simmons,1800,4
Kenny Clark,Javon Bullard,1800,9
Kenny Clark,Keisean Nixon,1800,9
Kenny Clark,Kitan Oladapo,1800,2
Kenny Clark,Lukas Van Ness,1800,9
Kenny Clark,Rashan Gary,1800,8
Kenny Clark,Zayne Anderson,1800,3
Kenny Willekes,Carson Bruener,3900,14
Kenny Willekes,D'Shawn Jamison,3900,11
Kenny Willekes,Daryl Porter,3900,3
Kenny Willekes,DeMarvin Leal,3900,9
Kenny Willekes,Domenique Davis,3900,11
Kenny Willekes,Eku Leota,3900,2
Kenny Willekes,Esezi Otomewo,3900,7
Kenny Willekes,Jack Sawyer,3900,3
Kenny Willekes,Kam Alexander,3900,11
Kenny Willekes,Kyler Baugh,3900,5
Kenny Willekes,Kyler McMichael,3900,3
Kenny Willekes,Logan Lee,3900,8
Kenny Willekes,Mark Robinson,3900,14
Kenny Willekes,Mikey Victor,3900,11
Kenny Willekes,Quindell Johnson,3900,14
Kenny Willekes,Sebastian Castro,3900,14
Kenny Yeboah,Colby Sorsdal,1540,10
Kenny Yeboah,Craig Reynolds,1540,16
Kenny Yeboah,Dan Skipper,1540,15
Kenny Yeboah,Dominic Lovett,1540,11
Kenny Yeboah,Giovanni Manu,1540,25
Kenny Yeboah,Hendon Hooker,1540,15
Kenny Yeboah,Isaac TeSlaa,1540,24
Kenny Yeboah,Jabari Small,1540,13
Kenny Yeboah,Jackson Meeks,1540,16
Kenny Yeboah,Jacob Saylors,1540,11
Kenny Yeboah,Jakobie Keeney-James,1540,9
Kenny Yeboah,Jamarco Jones,1540,15
Kenny Yeboah,Kayode Awosika,1540,22
Kenny Yeboah,Kingsley Eguakun,1540,25
Kenny Yeboah,Kyle Allen,1540,25
Kenny Yeboah,Malik Taylor,1540,9
Kenny Yeboah,Mason Miller,1540,25
Kenny Yeboah,Michael Niese,1540,16
Kenny Yeboah,Netane Muti,1540,25
Kenny Yeboah,Ronnie Bell,1540,8
Kenny Yeboah,Shane Zylstra,1540,6
Kenny Yeboah,Tate Ratledge,1540,7
Kenny Yeboah,Tom Kennedy,1540,23
Kenny Yeboah,Trystan Colon,1540,15
Kenny Yeboah,Zach Horton,1540,14
Kentavius Street,Arnold Ebiketie,0200,14
Kentavius Street,Billy Bowman Jr.,0200,16
Kentavius Street,Bralen Trice,0200,17
Kentavius Street,Brandon Dorlus,0200,5
Kentavius Street,C.J. Henderson,0200,12
Kentavius Street,Caleb Johnson,0200,27
Kentavius Street,Cobee Bryant,0200,13
Kentavius Street,DeAngelo Malone,0200,38
Kentavius Street,DeMarcco Hellams,0200,6
Kentavius Street,Dee Alford,0200,18
Kentavius Street,Dontae Manning,0200,18
Kentavius Street,Henry Black,0200,35
Kentavius Street,JD Bertrand,0200,14
Kentavius Street,Jalon Walker,0200,6
Kentavius Street,James Pearce Jr.,0200,19
Kentavius Street,Jordan Fuller,0200,16
Kentavius Street,Josh Thompson,0200,38
Kentavius Street,Josh Woods,0200,24
Kentavius Street,Keith Taylor,0200,12
Kentavius Street,Khalid Kareem,0200,19
Kentavius Street,LaCale London,0200,9
Kentavius Street,Lamar Jackson,0200,47
Kentavius Street,Mike Ford,0200,18
Kentavius Street,Morgan Fox,0200,19
Kentavius Street,Natrone Brooks,0200,34
Kentavius Street,Nick Kubitz,0200,19
Kentavius Street,Ronnie Harrison,0200,25
Kentavius Street,Ronnie Perkins,0200,9
Kentavius Street,Ruke Orhorhoro,0200,23
Kentavius Street,Simeon Barrow Jr.,0200,16
Kentavius Street,Ta'Quon Graham,0200,1
Kentavius Street,Xavier Watts,0200,19
Kentavius Street,Zach Harrison,0200,24
Kenyon Green,Ainias Smith,3700,20
Kenyon Green,Ben VanSumeren,3700,2
Kenyon Green,Brett Toth,3700,13
Kenyon Green,Cameron Latu,3700,19
Kenyon Green,Cameron Williams,3700,51
Kenyon Green,Darian Kinnard,3700,24
Kenyon Green,Darius Cooper,3700,25
Kenyon Green,Dorian Thompson-Robinson,3700,12
Kenyon Green,Drew Kendall,3700,12
Kenyon Green,E.J. Jenkins,3700,26
Kenyon Green,Elijah Cooks,3700,33
Kenyon Green,Giles Jackson,3700,2
Kenyon Green,Hollin Pierce,3700,24
Kenyon Green,Ife Adeyi,3700,4
Kenyon Green,Johnny Wilson,3700,12
Kenyon Green,Keilan Robinson,3700,21
Kenyon Green,Kyle McCord,3700,48
Kenyon Green,Kylen Granson,3700,10
Kenyon Green,Montrell Johnson Jr.,3700,25
Kenyon Green,Myles Hinton,3700,60
Kenyon Green,Nick Muse,3700,28
Kenyon Green,ShunDerrick Powell,3700,14
Kenyon Green,Taylor Morin,3700,18
Kenyon Green,Terrace Marshall Jr.,3700,41
Kenyon Green,Trevor Keegan,3700,56
Keon Coleman,Connor McGovern,0610,14
Keon Coleman,Dalton Kincaid,0610,4
Keon Coleman,David Edwards,0610,14
Keon Coleman,Dawson Knox,0610,8
Keon Coleman,Dion Dawkins,0610,14
Keon Coleman,Elijah Moore,0610,7
Keon Coleman,Jackson Hawes,0610,3
Keon Coleman,Josh Palmer,0610,14
Keon Coleman,Mitchell Trubisky,0610,14
Keon Coleman,O'Cyrus Torrence,0610,14
Keon Coleman,Ray Davis,0610,6
Keon Coleman,Reggie Gilliam,0610,6
Keon Coleman,Ryan Van Demark,0610,14
Keon Coleman,Ty Johnson,0610,8
Keondre Coburn,Amari Gainer,2520,1
Keondre Coburn,Andre Carter II,2520,6
Keondre Coburn,Anthony Booker,2520,7
Keondre Coburn,Charles Snowden,2520,2
Keondre Coburn,Cody Lindenberg,2520,16
Keondre Coburn,Greedy Vance,2520,6
Keondre Coburn,Hudson Clark,2520,16
Keondre Coburn,JJ Pegues,2520,5
Keondre Coburn,JT Woods,2520,6
Keondre Coburn,Jah Joyner,2520,12
Keondre Coburn,Jahfari Harvey,2520,2
Keondre Coburn,John Humphrey,2520,15
Keondre Coburn,Matt Jones,2520,5
Keondre Coburn,Michael Barrett,2520,11
Keondre Coburn,Ovie Oghoufo,2520,9
Keondre Coburn,Sam Webb,2520,11
Keondre Coburn,Tommy Eichenberg,2520,2
Keondre Coburn,Tonka Hemingway,2520,1
Keondre Coburn,Treven Ma'ae,2520,11
Keondre Coburn,Trey Taylor,2520,16
Keondre Jackson,Adedayo Odeleye,0325,18
Keondre Jackson,Adisa Isaac,0325,3
Keondre Jackson,Aeneas Peebles,0325,30
Keondre Jackson,Basil Okoye,0325,36
Keondre Jackson,Beau Brade,0325,37
Keondre Jackson,C.J. Ravenell,0325,35
Keondre Jackson,Chandler Martin,0325,69
Keondre Jackson,David Ojabo,0325,12
Keondre Jackson,Desmond Igbinosun,0325,21
Keondre Jackson,Jay Higgins,0325,68
Keondre Jackson,Jayson Jones,0325,26
Keondre Jackson,Kaimon Rucker,0325,57
Keondre Jackson,Keyon Martin,0325,24
Keondre Jackson,MJ Devonshire,0325,21
Keondre Jackson,Malik Hamm,0325,60
Keondre Jackson,Marquise Robinson,0325,68
Keondre Jackson,Mike Green,0325,2
Keondre Jackson,Reuben Lowery,0325,50
Keondre Jackson,T.J. Tampa,0325,38
Keondre Jackson,Thomas Graham Jr.,0325,10
Keondre Jackson,William Kwenkeu,0325,1
Keonta Jenkins,A.J. Epenesa,0610,12
Keonta Jenkins,Brandon Codrington,0610,11
Keonta Jenkins,Cam Lewis,0610,7
Keonta Jenkins,Casey Rogers,0610,16
Keonta Jenkins,Daequan Hardy,0610,22
Keonta Jenkins,Damar Hamlin,0610,7
Keonta Jenkins,Dane Jackson,0610,27
Keonta Jenkins,Darrick Forrest,0610,48
Keonta Jenkins,DeWayne Carter,0610,20
Keonta Jenkins,Deone Walker,0610,15
Keonta Jenkins,Dorian Strong,0610,35
Keonta Jenkins,Edefuan Ulofoshio,0610,41
Keonta Jenkins,Ja'Marcus Ingram,0610,34
Keonta Jenkins,Javon Solomon,0610,21
Keonta Jenkins,Jimmy Ciarlo,0610,17
Keonta Jenkins,Joe Andreessen,0610,18
Keonta Jenkins,Jordan Hancock,0610,33
Keonta Jenkins,Justin Hollins,0610,12
Keonta Jenkins,Landon Jackson,0610,22
Keonta Jenkins,Larry Ogunjobi,0610,12
Keonta Jenkins,Marcus Harris,0610,18
Keonta Jenkins,Michael Hoecht,0610,18
Keonta Jenkins,Nelson Ceaser,0610,8
Keonta Jenkins,Paris Shand,0610,25
Keonta Jenkins,T.J. Sanders,0610,16
Keonta Jenkins,Te'Cory Couch,0610,29
Keonta Jenkins,Tre Herndon,0610,8
Keonta Jenkins,Wande Owens,0610,17
Keonta Jenkins,Zion Logue,0610,21
Ketron Jackson Jr.,Aidan O'Connell,2520,1
Ketron Jackson Jr.,Albert Okwuegbunam,2520,17
Ketron Jackson Jr.,Atonio Mafi,2520,27
Ketron Jackson Jr.,Caleb Rogers,2520,1
Ketron Jackson Jr.,Cam Miller,2520,31
Ketron Jackson Jr.,Carter Runyon,2520,11
Ketron Jackson Jr.,Charles Grant,2520,1
Ketron Jackson Jr.,Chris Collier,2520,21
Ketron Jackson Jr.,Collin Johnson,2520,4
Ketron Jackson Jr.,Dalton Wagner,2520,31
Ketron Jackson Jr.,Dylan Laube,2520,11
Ketron Jackson Jr.,Gottlieb Ayedze,2520,18
Ketron Jackson Jr.,Jarrod Hufford,2520,31
Ketron Jackson Jr.,Justin Shorter,2520,11
Ketron Jackson Jr.,Kawaan Baker,2520,2
Ketron Jackson Jr.,Laki Tasi,2520,14
Ketron Jackson Jr.,Marquez Callaway,2520,17
Ketron Jackson Jr.,Parker Clements,2520,31
Ketron Jackson Jr.,Qadir Ismail,2520,4
Ketron Jackson Jr.,Shedrick Jackson,2520,6
Ketron Jackson Jr.,Thayer Munford Jr.,2520,1
Ketron Jackson Jr.,Tommy Mellott,2520,24
Ketron Jackson Jr.,Will Putnam,2520,5
Kevin Austin Jr.,Barry Wesley,3300,78
Kevin Austin Jr.,Bub Means,3300,3
Kevin Austin Jr.,Cam Akers,3300,27
Kevin Austin Jr.,Cedrick Wilson Jr.,3300,52
Kevin Austin Jr.,Cesar Ruiz,3300,2
Kevin Austin Jr.,Clyde Edwards-Helaire,3300,22
Kevin Austin Jr.,Dante Pettis,3300,49
Kevin Austin Jr.,Devin Neal,3300,17
Kevin Austin Jr.,Dillon Radunz,3300,37
Kevin Austin Jr.,Donovan Peoples-Jones,3300,8
Kevin Austin Jr.,Easton Kilty,3300,90
Kevin Austin Jr.,Jack Stoll,3300,11
Kevin Austin Jr.,Jake Haener,3300,8
Kevin Austin Jr.,Jonathan Mendoza,3300,46
Kevin Austin Jr.,Josiah Ezirim,3300,14
Kevin Austin Jr.,Kelvin Banks Jr.,3300,5
Kevin Austin Jr.,Kendre Miller,3300,3
Kevin Austin Jr.,Kyle Hergel,3300,32
Kevin Austin Jr.,Landon Young,3300,34
Kevin Austin Jr.,Marcus Yarns,3300,12
Kevin Austin Jr.,Mason Tipton,3300,81
Kevin Austin Jr.,Michael Jacobson,3300,25
Kevin Austin Jr.,Mike Panasiuk,3300,9
Kevin Austin Jr.,Moliki Matavao,3300,50
Kevin Austin Jr.,Seth Green,3300,7
Kevin Austin Jr.,Shane Lemieux,3300,81
Kevin Austin Jr.,Spencer Rattler,3300,45
Kevin Austin Jr.,Torricelli Simpkins III,3300,97
Kevin Austin Jr.,Trevor Penning,3300,5
Kevin Austin Jr.,Treyton Welch,3300,27
Kevin Austin Jr.,Tyler Shough,3300,53
Kevin Austin Jr.,Velus Jones Jr.,3300,30
Kevin Byard,Andrew Billings,0810,11
Kevin Byard,Chris Williams,0810,15
Kevin Byard,Dayo Odeyingbo,0810,22
Kevin Byard,Dominique Robinson,0810,3
Kevin Byard,Gervon Dexter Sr.,0810,20
Kevin Byard,Jaquan Brisker,0810,23
Kevin Byard,Montez Sweat,0810,18
Kevin Byard,Nahshon Wright,0810,23
Kevin Byard,Nick McCloud,0810,15
Kevin Byard,Noah Sewell,0810,17
Kevin Byard,Ruben Hyppolite II,0810,10
Kevin Byard,Swayze Bozeman,0810,1
Kevin Byard,T.J. Edwards,0810,23
Kevin Byard,Tanoh Kpassagnon,0810,3
Kevin Byard,Tremaine Edmunds,0810,3
Kevin Byard,Tyrique Stevenson,0810,23
Kevin Foelsch,Andrus Peat,3900,15
Kevin Foelsch,Connor Heyward,3900,1
Kevin Foelsch,Doug Nester,3900,23
Kevin Foelsch,Dylan Cook,3900,23
Kevin Foelsch,Evan Hull,3900,5
Kevin Foelsch,Gareth Warren,3900,8
Kevin Foelsch,JJ Galbreath,3900,28
Kevin Foelsch,Julian Pearl,3900,7
Kevin Foelsch,Kaleb Johnson,3900,6
Kevin Foelsch,Ke'Shawn Williams,3900,13
Kevin Foelsch,Lance McCutcheon,3900,22
Kevin Foelsch,Lew Nichols III,3900,6
Kevin Foelsch,Logan Woodside,3900,14
Kevin Foelsch,Max Scharping,3900,28
Kevin Foelsch,Robert Woods,3900,14
Kevin Foelsch,Roc Taylor,3900,5
Kevin Foelsch,Ryan McCollum,3900,12
Kevin Foelsch,Scott Miller,3900,1
Kevin Foelsch,Skylar Thompson,3900,14
Kevin Foelsch,Steven Jones,3900,24
Kevin Foelsch,Trey Sermon,3900,11
Kevin Harris,Austin Trammell,2250,10
Kevin Harris,Cam Camper,2250,11
Kevin Harris,Chandler Brayboy,2250,9
Kevin Harris,Darius Lassiter,2250,4
Kevin Harris,Dorian Singer,2250,16
Kevin Harris,Javon Foster,2250,21
Kevin Harris,Jerome Carvin,2250,21
Kevin Harris,John Copenhaver,2250,11
Kevin Harris,John Wolford,2250,6
Kevin Harris,Patrick Herbert,2250,9
Kevin Harris,Quintin Morris,2250,4
Kevin Harris,Ricky Lee,2250,21
Kevin Harris,Sal Wormley,2250,21
Kevin Harris,Seth Henigan,2250,15
Kevin Harris,Shawn Bowman,2250,4
Kevin Harris,Tremayne Anchrum,2250,21
Kevin Harris,Trenton Irwin,2250,6
Kevin Knowles,Ajani Carter,2310,15
Kevin Knowles,Ashton Gillotte,2310,3
Kevin Knowles,Azizi Hearn,2310,17
Kevin Knowles,Brandon George,2310,22
Kevin Knowles,Cam Jones,2310,4
Kevin Knowles,Christian Roland-Wallace,2310,4
Kevin Knowles,Cole Christiansen,2310,18
Kevin Knowles,Cooper McDonald,2310,19
Kevin Knowles,Coziah Izzard,2310,29
Kevin Knowles,Fabien Lovett Sr.,2310,24
Kevin Knowles,Felix Anudike-Uzomah,2310,10
Kevin Knowles,Glendon Miller,2310,41
Kevin Knowles,Jacobe Covington,2310,10
Kevin Knowles,Janarius Robinson,2310,2
Kevin Knowles,Jeffrey Bassa,2310,9
Kevin Knowles,Jerry Tillery,2310,1
Kevin Knowles,Joshua Williams,2310,21
Kevin Knowles,Kristian Fulton,2310,6
Kevin Knowles,Major Williams,2310,29
Kevin Knowles,Malik Herring,2310,40
Kevin Knowles,Marlon Tuipulotu,2310,19
Kevin Knowles,Melvin Smith Jr.,2310,14
Kevin Knowles,Mike Edwards,2310,2
Kevin Knowles,Nate Matlack,2310,29
Kevin Knowles,Nohl Williams,2310,11
Kevin Knowles,Omarr Norman-Lott,2310,6
Kevin Knowles,Owen Carney,2310,5
Kevin Knowles,Xander Mueller,2310,10
Kevon Seymour,Ben Nikkel,5110,2
Kevon Seymour,Bobby Price,5110,2
Kevon Seymour,Car'lin Vigers,5110,2
Kevon Seymour,Jalyn Holmes,5110,2
Kevon Seymour,Kain Medrano,5110,2
Kevon Seymour,Kam Arnold,5110,2
Kevon Seymour,Norell Pollard,5110,2
Kevon Seymour,Robert McDaniel,5110,2
Kevon Seymour,Sheldon Day,5110,2
Kevon Seymour,Viliami Fehoko Jr.,5110,2
Key'Shawn Smith,Bailey Zappe,2310,8
Key'Shawn Smith,Brashard Smith,2310,3
Key'Shawn Smith,C.J. Hanson,2310,23
Key'Shawn Smith,Carson Steele,2310,7
Key'Shawn Smith,Chris Oladokun,2310,15
Key'Shawn Smith,Chukwuebuka Godrick,2310,23
Key'Shawn Smith,Dalton Cooper,2310,23
Key'Shawn Smith,Elijah Young,2310,12
Key'Shawn Smith,Elijhah Badger,2310,16
Key'Shawn Smith,Esa Pole,2310,23
Key'Shawn Smith,Geor'Quarius Spivey,2310,11
Key'Shawn Smith,Hal Presley,2310,20
Key'Shawn Smith,Jared Wiley,2310,5
Key'Shawn Smith,Jimmy Holiday,2310,3
Key'Shawn Smith,Joey Lombard,2310,23
Key'Shawn Smith,Mac Dalena,2310,3
Key'Shawn Smith,Michael Wiley,2310,1
Key'Shawn Smith,Tre Watson,2310,11
Keydrain Calligan,Alphonzo Tuputala,4600,22
Keydrain Calligan,Anthony Campbell,4600,13
Keydrain Calligan,Connor O'Toole,4600,38
Keydrain Calligan,D'Anthony Bell,4600,42
Keydrain Calligan,D'Eryk Jackson,4600,38
Keydrain Calligan,Damarion Williams,4600,59
Keydrain Calligan,Drake Thomas,4600,21
Keydrain Calligan,Isas Waxter,4600,14
Keydrain Calligan,J.R. Singleton,4600,40
Keydrain Calligan,Jalan Gaines,4600,4
Keydrain Calligan,Jamie Sheriff,4600,28
Keydrain Calligan,Jared Ivey,4600,51
Keydrain Calligan,Jerrick Reed II,4600,39
Keydrain Calligan,Michael Dowell,4600,10
Keydrain Calligan,Patrick O'Connell,4600,21
Keydrain Calligan,Quinton Bohanna,4600,10
Keydrain Calligan,Seth Coleman,4600,28
Keydrain Calligan,Ty Okada,4600,45
Keydrain Calligan,Tyler Hall,4600,24
Keydrain Calligan,Tyreke Smith,4600,10
Keydrain Calligan,Wy'Kevious Thomas,4600,33
Keyon Martin,Adedayo Odeleye,0325,16
Keyon Martin,Adisa Isaac,0325,18
Keyon Martin,Aeneas Peebles,0325,45
Keyon Martin,Basil Okoye,0325,43
Keyon Martin,Beau Brade,0325,27
Keyon Martin,Bilhal Kone,0325,8
Keyon Martin,Brent Urban,0325,8
Keyon Martin,C.J. Ravenell,0325,54
Keyon Martin,Chandler Martin,0325,34
Keyon Martin,David Ojabo,0325,57
Keyon Martin,Desmond Igbinosun,0325,10
Keyon Martin,Jacob Hummel,0325,10
Keyon Martin,Jalyn Armour-Davis,0325,43
Keyon Martin,Jay Higgins,0325,34
Keyon Martin,Jayson Jones,0325,38
Keyon Martin,John Jenkins,0325,7
Keyon Martin,Kaimon Rucker,0325,40
Keyon Martin,Keondre Jackson,0325,24
Keyon Martin,Malaki Starks,0325,5
Keyon Martin,Malik Hamm,0325,40
Keyon Martin,Marquise Robinson,0325,44
Keyon Martin,Mike Green,0325,49
Keyon Martin,Reuben Lowery,0325,77
Keyon Martin,Sanoussi Kane,0325,61
Keyon Martin,T.J. Tampa,0325,102
Keyon Martin,Teddye Buchanan,0325,66
Keyon Martin,Trenton Simpson,0325,53
Keyon Martin,William Kwenkeu,0325,7
Khalen Saunders,Bryan Bresee,3300,6
Khalen Saunders,Chris Rumph II,3300,14
Khalen Saunders,D'Marco Jackson,3300,17
Khalen Saunders,Danny Stutsman,3300,23
Khalen Saunders,Fadil Diggs,3300,14
Khalen Saunders,Isaac Yiadom,3300,17
Khalen Saunders,Isaiah Foskey,3300,18
Khalen Saunders,Jonah Williams,3300,15
Khalen Saunders,Jonas Sanker,3300,11
Khalen Saunders,Jonathan Bullard,3300,14
Khalen Saunders,Jordan Howden,3300,23
Khalen Saunders,Julian Blackmon,3300,6
Khalen Saunders,Kool-Aid McKinstry,3300,6
Khalen Saunders,Nathan Shepherd,3300,4
Khalen Saunders,Nephi Sewell,3300,6
Khalen Saunders,Quincy Riley,3300,17
Khalen Saunders,Rico Payton,3300,6
Khalen Saunders,Terrell Burgess,3300,8
Khalen Saunders,Ugo Amadi,3300,5
Khalid Kareem,Billy Bowman Jr.,0200,7
Khalid Kareem,Bralen Trice,0200,14
Khalid Kareem,Brandon Dorlus,0200,3
Khalid Kareem,C.J. Henderson,0200,14
Khalid Kareem,Caleb Johnson,0200,13
Khalid Kareem,Cobee Bryant,0200,35
Khalid Kareem,DeAngelo Malone,0200,21
Khalid Kareem,Dee Alford,0200,12
Khalid Kareem,Dontae Manning,0200,7
Khalid Kareem,Henry Black,0200,35
Khalid Kareem,JD Bertrand,0200,8
Khalid Kareem,James Pearce Jr.,0200,2
Khalid Kareem,Jordan Fuller,0200,2
Khalid Kareem,Josh Thompson,0200,46
Khalid Kareem,Josh Woods,0200,9
Khalid Kareem,Keith Taylor,0200,16
Khalid Kareem,Kentavius Street,0200,19
Khalid Kareem,LaCale London,0200,14
Khalid Kareem,Lamar Jackson,0200,30
Khalid Kareem,Mike Ford,0200,24
Khalid Kareem,Morgan Fox,0200,23
Khalid Kareem,Natrone Brooks,0200,19
Khalid Kareem,Nick Kubitz,0200,41
Khalid Kareem,Ronnie Harrison,0200,24
Khalid Kareem,Ronnie Perkins,0200,11
Khalid Kareem,Ruke Orhorhoro,0200,17
Khalid Kareem,Simeon Barrow Jr.,0200,23
Khalid Kareem,Ta'Quon Graham,0200,8
Khalid Kareem,Xavier Watts,0200,2
Khalid Kareem,Zach Harrison,0200,11
Khalil Herbert,Ajou Ajou,2200,4
Khalil Herbert,Blake Freeland,2200,23
Khalil Herbert,Blayne Taylor,2200,2
Khalil Herbert,Coleman Owen,2200,19
Khalil Herbert,D.J. Montgomery,2200,17
Khalil Herbert,Dalton Tucker,2200,15
Khalil Herbert,Danny Pinter,2200,15
Khalil Herbert,Jalen Travis,2200,15
Khalil Herbert,Jelani Woods,2200,16
Khalil Herbert,Josh Sills,2200,23
Khalil Herbert,Landon Parker,2200,4
Khalil Herbert,Laquon Treadwell,2200,17
Khalil Herbert,Luke Tenuta,2200,8
Khalil Herbert,Mose Vavao,2200,8
Khalil Herbert,Riley Leonard,2200,23
Khalil Herbert,Sean McKeon,2200,4
Khalil Herbert,Tyler Kahmann,2200,2
Khalil Herbert,Wesley French,2200,8
Khalil Herbert,Will Mallory,2200,7
Khristian Boyd,Chris Rumph II,3300,28
Khristian Boyd,D'Marco Jackson,3300,9
Khristian Boyd,Dalys Beanum,3300,10
Khristian Boyd,Danny Stutsman,3300,17
Khristian Boyd,Elliott Davison,3300,15
Khristian Boyd,Fadil Diggs,3300,34
Khristian Boyd,Isaac Yiadom,3300,8
Khristian Boyd,Isaiah Foskey,3300,25
Khristian Boyd,Isaiah Stalbird,3300,23
Khristian Boyd,Jasheen Davis,3300,2
Khristian Boyd,Jayden Peevy,3300,7
Khristian Boyd,Jayden Price,3300,8
Khristian Boyd,Jaylan Ford,3300,27
Khristian Boyd,Jeremiah Martin,3300,7
Khristian Boyd,John Ridgeway,3300,6
Khristian Boyd,Jonah Williams,3300,11
Khristian Boyd,Jonas Sanker,3300,45
Khristian Boyd,Jonathan Bullard,3300,15
Khristian Boyd,Jordan Howden,3300,29
Khristian Boyd,Nephi Sewell,3300,16
Khristian Boyd,Omari Thomas,3300,7
Khristian Boyd,Quincy Riley,3300,38
Khristian Boyd,Rejzohn Wright,3300,25
Khristian Boyd,Rico Payton,3300,11
Khristian Boyd,Terrell Burgess,3300,4
Khristian Boyd,Tyreem Powell,3300,3
Khristian Boyd,Ugo Amadi,3300,24
Khristian Boyd,Vernon Broughton,3300,26
Khyiris Tonga,Alex Austin,3200,14
Khyiris Tonga,Carlton Davis III,3200,6
Khyiris Tonga,Christian Elliss,3200,18
Khyiris Tonga,Craig Woodson,3200,7
Khyiris Tonga,DJ James,3200,8
Khyiris Tonga,Harold Landry III,3200,6
Khyiris Tonga,Jabrill Peppers,3200,10
Khyiris Tonga,Jaylinn Hawkins,3200,19
Khyiris Tonga,Jeremiah Pharms Jr.,3200,3
Khyiris Tonga,Joshua Farmer,3200,5
Khyiris Tonga,K'Lavon Chaisson,3200,1
Khyiris Tonga,Keion White,3200,18
Khyiris Tonga,Kyle Dugger,3200,12
Khyiris Tonga,Marcus Jones,3200,16
Khyiris Tonga,Miles Battle,3200,1
Khyiris Tonga,Milton Williams,3200,14
Khyiris Tonga,Robert Spillane,3200,19
Khyiris Tonga,Truman Jones,3200,13
Kilian Zierer,Ahmani Marshall,1050,16
Kilian Zierer,Brenden Bates,1050,8
Kilian Zierer,Bucky Williams,1050,48
Kilian Zierer,Cade McDonald,1050,42
Kilian Zierer,Chase Cota,1050,25
Kilian Zierer,Dartanyan Tinsley,1050,43
Kilian Zierer,Gage Larvadain,1050,24
Kilian Zierer,Jason Ivey,1050,28
Kilian Zierer,Javion Cohen,1050,20
Kilian Zierer,Kaden Davis,1050,10
Kilian Zierer,Kisean Johnson,1050,34
Kilian Zierer,Lorenzo Thompson,1050,33
Kilian Zierer,Mitch Van Vooren,1050,5
Kilian Zierer,Mitchell Van Vooren,1050,1
Kilian Zierer,Sal Cannella,1050,43
Kilian Zierer,Sebastian Gutierrez,1050,20
Kilian Zierer,Shedeur Sanders,1050,16
Kilian Zierer,Toa Taua,1050,17
Kilian Zierer,Trayveon Williams,1050,15
Kilian Zierer,Tyler Huntley,1050,32
Kimani Vidal,Andre James,4400,27
Kimani Vidal,Branson Taylor,4400,28
Kimani Vidal,Brenden Rice,4400,4
Kimani Vidal,Corey Stewart,4400,51
Kimani Vidal,DJ Uiagalelei,4400,6
Kimani Vidal,Dalevon Campbell,4400,14
Kimani Vidal,David Sharpe,4400,27
Kimani Vidal,Derius Davis,4400,4
Kimani Vidal,Dez Fitzpatrick,4400,3
Kimani Vidal,JaQuae Jackson,4400,14
Kimani Vidal,Jamaree Salyer,4400,8
Kimani Vidal,Jaylen Johnson,4400,26
Kimani Vidal,Jordan Petaia,4400,3
Kimani Vidal,Josh Kaltenberger,4400,22
Kimani Vidal,Karsen Barnhart,4400,35
Kimani Vidal,KeAndre Lambert-Smith,4400,23
Kimani Vidal,Luke Grimm,4400,3
Kimani Vidal,Nash Jones,4400,23
Kimani Vidal,Oronde Gadsden II,4400,25
Kimani Vidal,Ryan Nelson,4400,26
Kimani Vidal,Scott Matlock,4400,13
Kimani Vidal,Stevo Klotz,4400,13
Kimani Vidal,Taylor Heinicke,4400,23
Kimani Vidal,Tre Harris,4400,32
Kimani Vidal,Trey Lance,4400,22
Kimani Vidal,Trey Pipkins,4400,2
Kimani Vidal,Tucker Fisk,4400,23
Kimani Vidal,Tyler Conklin,4400,2
Kimani Vidal,Zion Johnson,4400,8
Kindle Vildor,Adam Gotsis,4900,24
Kindle Vildor,Anthony Nelson,4900,9
Kindle Vildor,Antonio Grier Jr.,4900,33
Kindle Vildor,Bryce Hall,4900,42
Kindle Vildor,C.J. Brewer,4900,44
Kindle Vildor,Chris Braswell,4900,68
Kindle Vildor,Christian Izien,4900,18
Kindle Vildor,Deion Jones,4900,47
Kindle Vildor,Dvon J-Thomas,4900,6
Kindle Vildor,Elijah Roberts,4900,43
Kindle Vildor,Eric Banks,4900,31
Kindle Vildor,Greg Gaines,4900,29
Kindle Vildor,JJ Roberts,4900,16
Kindle Vildor,Jacob Parrish,4900,25
Kindle Vildor,JayVian Farr,4900,29
Kindle Vildor,John Bullock,4900,39
Kindle Vildor,Jose Ramirez,4900,40
Kindle Vildor,Josh Hayes,4900,9
Kindle Vildor,Kaevon Merriweather,4900,71
Kindle Vildor,Markees Watts,4900,63
Kindle Vildor,Mike Greene,4900,46
Kindle Vildor,Nash Hutmacher,4900,4
Kindle Vildor,Nick Jackson,4900,64
Kindle Vildor,Rashad Wisdom,4900,77
Kindle Vildor,Shilo Sanders,4900,56
Kindle Vildor,SirVocea Dennis,4900,9
Kindle Vildor,Warren Peeples,4900,12
Kindle Vildor,Will Brooks,4900,6
Kingsley Eguakun,Colby Sorsdal,1540,8
Kingsley Eguakun,Craig Reynolds,1540,39
Kingsley Eguakun,Dan Skipper,1540,76
Kingsley Eguakun,Dominic Lovett,1540,34
Kingsley Eguakun,Giovanni Manu,1540,45
Kingsley Eguakun,Gunnar Oakes,1540,1
Kingsley Eguakun,Hendon Hooker,1540,9
Kingsley Eguakun,Isaac TeSlaa,1540,79
Kingsley Eguakun,Jabari Small,1540,15
Kingsley Eguakun,Jackson Meeks,1540,51
Kingsley Eguakun,Jacob Saylors,1540,30
Kingsley Eguakun,Jakobie Keeney-James,1540,12
Kingsley Eguakun,Jamarco Jones,1540,60
Kingsley Eguakun,Kayode Awosika,1540,67
Kingsley Eguakun,Kenny Yeboah,1540,25
Kingsley Eguakun,Kyle Allen,1540,93
Kingsley Eguakun,Malik Taylor,1540,6
Kingsley Eguakun,Mason Miller,1540,23
Kingsley Eguakun,Michael Niese,1540,27
Kingsley Eguakun,Netane Muti,1540,100
Kingsley Eguakun,Ronnie Bell,1540,21
Kingsley Eguakun,Shane Zylstra,1540,50
Kingsley Eguakun,Sione Vaki,1540,18
Kingsley Eguakun,Steven Stilianos,1540,4
Kingsley Eguakun,Tate Ratledge,1540,2
Kingsley Eguakun,Tom Kennedy,1540,77
Kingsley Eguakun,Zach Horton,1540,48
Kingsley Enagbare,Barryn Sorrell,1800,15
Kingsley Enagbare,Bo Melton,1800,42
Kingsley Enagbare,Brenton Cox Jr.,1800,37
Kingsley Enagbare,Carrington Valentine,1800,1
Kingsley Enagbare,Colby Wooden,1800,35
Kingsley Enagbare,Corey Ballentine,1800,5
Kingsley Enagbare,Edgerrin Cooper,1800,1
Kingsley Enagbare,Evan Williams,1800,1
Kingsley Enagbare,Isaiah Dunn,1800,5
Kingsley Enagbare,Isaiah McDuffie,1800,1
Kingsley Enagbare,Isaiah Simmons,1800,51
Kingsley Enagbare,Javon Bullard,1800,1
Kingsley Enagbare,Johnathan Baldwin,1800,14
Kingsley Enagbare,Kalen King,1800,39
Kingsley Enagbare,Kamal Hadden,1800,21
Kingsley Enagbare,Karl Brooks,1800,35
Kingsley Enagbare,Keisean Nixon,1800,1
Kingsley Enagbare,Kitan Oladapo,1800,46
Kingsley Enagbare,Kristian Welch,1800,13
Kingsley Enagbare,Micah Robinson,1800,23
Kingsley Enagbare,Nazir Stackhouse,1800,17
Kingsley Enagbare,Omar Brown,1800,42
Kingsley Enagbare,Ty'Ron Hopper,1800,51
Kingsley Enagbare,Tyron Herring,1800,5
Kingsley Enagbare,Warren Brinson,1800,17
Kingsley Enagbare,Zayne Anderson,1800,1
Kingsley Jonathan,Aaron Smith,3430,35
Kingsley Jonathan,Braiden McGregor,3430,9
Kingsley Jonathan,Dean Clark,3430,45
Kingsley Jonathan,Derrick Nnadi,3430,17
Kingsley Jonathan,Eric Watts,3430,13
Kingsley Jonathan,Fatorma Mulbah,3430,18
Kingsley Jonathan,Francisco Mauigoa,3430,10
Kingsley Jonathan,Isaiah Oliver,3430,17
Kingsley Jonathan,Ja'Markis Weston n,3430,11
Kingsley Jonathan,Jackson Sirmon,3430,19
Kingsley Jonathan,Jamin Davis,3430,5
Kingsley Jonathan,Jarius Monroe,3430,17
Kingsley Jonathan,Jarrick Bernard-Converse,3430,33
Kingsley Jonathan,Jay Tufele,3430,4
Kingsley Jonathan,Jordan Clark,3430,24
Kingsley Jonathan,Leonard Taylor III,3430,26
Kingsley Jonathan,Malachi Moore,3430,22
Kingsley Jonathan,Marcelino McCrary-Ball,3430,4
Kingsley Jonathan,Mario Goodrich,3430,28
Kingsley Jonathan,Michael Fletcher,3430,14
Kingsley Jonathan,Payton Page,3430,29
Kingsley Jonathan,Phidarian Mathis,3430,3
Kingsley Jonathan,Qwan'tez Stiggers,3430,10
Kingsley Jonathan,Rashad Weaver,3430,4
Kingsley Jonathan,Ryan Cooper Jr.,3430,12
Kingsley Jonathan,Tanner McCalister,3430,28
Kingsley Jonathan,Tyler Baron,3430,13
Kingsley Jonathan,Zaire Barnes,3430,30
Kingsley Suamataia,Brashard Smith,2310,2
Kingsley Suamataia,Carson Steele,2310,5
Kingsley Suamataia,Creed Humphrey,2310,40
Kingsley Suamataia,Elijah Mitchell,2310,5
Kingsley Suamataia,Gardner Minshew,2310,18
Kingsley Suamataia,Isiah Pacheco,2310,16
Kingsley Suamataia,Jalen Royals,2310,14
Kingsley Suamataia,Jared Wiley,2310,5
Kingsley Suamataia,Jason Brownlee,2310,1
Kingsley Suamataia,Jawaan Taylor,2310,22
Kingsley Suamataia,Jaylon Moore,2310,18
Kingsley Suamataia,Josh Simmons,2310,40
Kingsley Suamataia,JuJu Smith-Schuster,2310,20
Kingsley Suamataia,Kareem Hunt,2310,13
Kingsley Suamataia,Nikko Remigio,2310,1
Kingsley Suamataia,Noah Gray,2310,26
Kingsley Suamataia,Patrick Mahomes,2310,22
Kingsley Suamataia,Rashee Rice,2310,20
Kingsley Suamataia,Robert Tonyan,2310,10
Kingsley Suamataia,Skyy Moore,2310,6
Kingsley Suamataia,Travis Kelce,2310,15
Kingsley Suamataia,Trey Smith,2310,40
Kingsley Suamataia,Tyquan Thornton,2310,16
Kingsley Suamataia,Xavier Worthy,2310,25
Kion Smith,A.J. Henning,2700,25
Kion Smith,Aaron Shampklin,2700,12
Kion Smith,Addison West,2700,46
Kion Smith,Alexander Mattison,2700,8
Kion Smith,Andrew Armstrong,2700,40
Kion Smith,Braeden Daniels,2700,74
Kion Smith,Chris Myarick,2700,36
Kion Smith,Daniel Brunskill,2700,68
Kion Smith,Dee Eskridge,2700,35
Kion Smith,Erik Ezukanma,2700,59
Kion Smith,Germain Ifedi,2700,10
Kion Smith,Hayden Rucci,2700,49
Kion Smith,Jackson Carman,2700,60
Kion Smith,Jalen McKenzie,2700,24
Kion Smith,Jaylen Wright,2700,32
Kion Smith,Jonah Savaiinaea,2700,33
Kion Smith,Josh Priebe,2700,46
Kion Smith,Julian Hill,2700,9
Kion Smith,Larry Borom,2700,31
Kion Smith,Mike Boone,2700,26
Kion Smith,Nick Westbrook-Ikhine,2700,7
Kion Smith,Ollie Gordon II,2700,36
Kion Smith,Patrick Paul,2700,7
Kion Smith,Pharaoh Brown,2700,31
Kion Smith,Quinn Ewers,2700,46
Kion Smith,Ryan Hayes,2700,57
Kion Smith,Tahj Washington,2700,51
Kion Smith,Tanner Conner,2700,36
Kion Smith,Tarik Black,2700,33
Kion Smith,Theo Wease Jr.,2700,45
Kion Smith,Zach Wilson,2700,68
Kiran Amegadjie,Austin Reed,0810,25
Kiran Amegadjie,Brittain Brown,0810,36
Kiran Amegadjie,Chris Glaser,0810,55
Kiran Amegadjie,Ian Wheeler,0810,17
Kiran Amegadjie,JP Richardson,0810,15
Kiran Amegadjie,Jahdae Walker,0810,49
Kiran Amegadjie,Joel Wilson,0810,44
Kiran Amegadjie,Jordan McFadden,0810,55
Kiran Amegadjie,Joshua Miles,0810,55
Kiran Amegadjie,Maurice Alexander,0810,18
Kiran Amegadjie,Miles Boykin,0810,5
Kiran Amegadjie,Ricky Stromberg,0810,55
Kiran Amegadjie,Royce Freeman,0810,2
Kiran Amegadjie,Samori Toure,0810,55
Kiran Amegadjie,Stephen Carlson,0810,13
Kiran Amegadjie,Thomas Gordon,0810,11
Kiran Amegadjie,Tyler Scott,0810,10
Kiran Amegadjie,Tyson Bagent,0810,30
Kisean Johnson,Ahmani Marshall,1050,12
Kisean Johnson,Brenden Bates,1050,13
Kisean Johnson,Bucky Williams,1050,46
Kisean Johnson,Cade McDonald,1050,44
Kisean Johnson,Chase Cota,1050,12
Kisean Johnson,Dartanyan Tinsley,1050,34
Kisean Johnson,Gage Larvadain,1050,26
Kisean Johnson,Jackson Barton,1050,1
Kisean Johnson,Jason Ivey,1050,34
Kisean Johnson,Javion Cohen,1050,18
Kisean Johnson,Kaden Davis,1050,1
Kisean Johnson,Kilian Zierer,1050,34
Kisean Johnson,Lorenzo Thompson,1050,42
Kisean Johnson,Luke Wypler,1050,1
Kisean Johnson,Mitchell Van Vooren,1050,4
Kisean Johnson,Pierre Strong,1050,6
Kisean Johnson,Roy Mbaeteka,1050,3
Kisean Johnson,Sal Cannella,1050,41
Kisean Johnson,Sebastian Gutierrez,1050,22
Kisean Johnson,Shedeur Sanders,1050,10
Kisean Johnson,Toa Taua,1050,20
Kisean Johnson,Trayveon Williams,1050,9
Kisean Johnson,Tyler Huntley,1050,37
Kitan Crawford,Akeem Davis-Gaither,3800,12
Kitan Crawford,Anthony Goodlow,3800,33
Kitan Crawford,Benton Whitley,3800,43
Kitan Crawford,Cody Simon,3800,69
Kitan Crawford,Dadrion Taylor-Demerson,3800,16
Kitan Crawford,Darren Hall,3800,26
Kitan Crawford,Denzel Burke,3800,68
Kitan Crawford,Ekow Boye-Doe,3800,15
Kitan Crawford,Elijah Jones,3800,15
Kitan Crawford,Elijah Simmons,3800,34
Kitan Crawford,Elliott Brown,3800,43
Kitan Crawford,Jammie Robinson,3800,24
Kitan Crawford,Jaylon Jones,3800,51
Kitan Crawford,Joey Blount,3800,39
Kitan Crawford,Jordan Burch,3800,30
Kitan Crawford,Kei'Trel Clark,3800,44
Kitan Crawford,Kyon Barrs,3800,39
Kitan Crawford,L.J. Collier,3800,20
Kitan Crawford,Mykal Walker,3800,42
Kitan Crawford,Owen Pappoe,3800,25
Kitan Crawford,PJ Mustipher,3800,34
Kitan Crawford,Patrick Jenkins,3800,33
Kitan Crawford,Steven Gilmore,3800,3
Kitan Crawford,Vi Jones,3800,9
Kitan Crawford,Will Johnson,3800,25
Kitan Crawford,Xavier Thomas,3800,48
Kitan Oladapo,Arron Mosby,1800,45
Kitan Oladapo,Barryn Sorrell,1800,22
Kitan Oladapo,Bo Melton,1800,68
Kitan Oladapo,Brenton Cox Jr.,1800,51
Kitan Oladapo,Carrington Valentine,1800,3
Kitan Oladapo,Colby Wooden,1800,36
Kitan Oladapo,Corey Ballentine,1800,8
Kitan Oladapo,Deslin Alexandre,1800,33
Kitan Oladapo,Devonte O'Malley,1800,3
Kitan Oladapo,Devonte Wyatt,1800,2
Kitan Oladapo,Edgerrin Cooper,1800,3
Kitan Oladapo,Evan Williams,1800,3
Kitan Oladapo,Isaiah Dunn,1800,11
Kitan Oladapo,Isaiah McDuffie,1800,2
Kitan Oladapo,Isaiah Simmons,1800,87
Kitan Oladapo,James Ester,1800,17
Kitan Oladapo,Jamon Johnson,1800,14
Kitan Oladapo,Jared Bartlett,1800,4
Kitan Oladapo,Javon Bullard,1800,3
Kitan Oladapo,Johnathan Baldwin,1800,56
Kitan Oladapo,Kalen King,1800,73
Kitan Oladapo,Kamal Hadden,1800,59
Kitan Oladapo,Karl Brooks,1800,34
Kitan Oladapo,Keisean Nixon,1800,3
Kitan Oladapo,Keith Randolph Jr.,1800,5
Kitan Oladapo,Kenny Clark,1800,2
Kitan Oladapo,Kingsley Enagbare,1800,46
Kitan Oladapo,Kristian Welch,1800,40
Kitan Oladapo,Lukas Van Ness,1800,3
Kitan Oladapo,Micah Robinson,1800,39
Kitan Oladapo,Nazir Stackhouse,1800,49
Kitan Oladapo,Omar Brown,1800,42
Kitan Oladapo,Quay Walker,1800,1
Kitan Oladapo,Rashan Gary,1800,2
Kitan Oladapo,Ty'Ron Hopper,1800,79
Kitan Oladapo,Tyron Herring,1800,8
Kitan Oladapo,Warren Brinson,1800,54
Ko Kieft,Ben Scott,4900,35
Ko Kieft,Benjamin Chukwuma,4900,37
Ko Kieft,Charlie Heck,4900,5
Ko Kieft,Connor Bazelak,4900,30
Ko Kieft,Dennis Houston,4900,1
Ko Kieft,Devin Culp,4900,6
Ko Kieft,Elijah Klein,4900,42
Ko Kieft,Emeka Egbuka,4900,5
Ko Kieft,Garrett Greene,4900,13
Ko Kieft,Jacob Harris,4900,25
Ko Kieft,Jaden Smith,4900,13
Ko Kieft,Jake Majors,4900,29
Ko Kieft,Jalen McMillan,4900,4
Ko Kieft,Josh Williams,4900,15
Ko Kieft,Kameron Johnson,4900,4
Ko Kieft,Kyle Trask,4900,22
Ko Kieft,Luke Haggard,4900,35
Ko Kieft,Mike Jordan,4900,31
Ko Kieft,Owen Wright,4900,23
Ko Kieft,Payne Durham,4900,13
Ko Kieft,Rachaad White,4900,5
Ko Kieft,Raiqwon O'Neal,4900,13
Ko Kieft,Rakim Jarrett,4900,16
Ko Kieft,Ryan Miller,4900,18
Ko Kieft,Sean Tucker,4900,9
Ko Kieft,Sua Opeta,4900,1
Ko Kieft,Tanner Taula,4900,17
Ko Kieft,Tez Johnson,4900,13
Ko Kieft,Trey Palmer,4900,8
Ko Kieft,Tyler McLellan,4900,32
Kobe Hudson,Brady Christensen,0750,9
Kobe Hudson,Brandon Walton,0750,40
Kobe Hudson,Bryce Perkins,0750,18
Kobe Hudson,Bryce Pierre,0750,28
Kobe Hudson,Brycen Tremayne,0750,2
Kobe Hudson,Cade Mays,0750,2
Kobe Hudson,David Moore,0750,11
Kobe Hudson,Dominique Dafney,0750,22
Kobe Hudson,Emani Bailey,0750,10
Kobe Hudson,Hunter Renfrow,0750,10
Kobe Hudson,Ja'Seem Reed,0750,9
Kobe Hudson,Jack Plummer,0750,30
Kobe Hudson,Jacolby George,0750,27
Kobe Hudson,James Mitchell,0750,6
Kobe Hudson,Jarrett Kingston,0750,39
Kobe Hudson,Jimmy Horn Jr.,0750,21
Kobe Hudson,Kayron Lynch-Adams,0750,24
Kobe Hudson,Luke Kandra,0750,47
Kobe Hudson,Michael Tarquin,0750,47
Kobe Hudson,Raheem Blackshear,0750,13
Kobe Hudson,Steven Losoya,0750,46
Kobe Hudson,T.J. Luther,0750,8
Kobe Hudson,Trevor Etienne,0750,1
Kobe Hudson,Yosh Nijman,0750,10
Kobe King,Ambry Thomas,3000,30
Kobe King,Austin Keys,3000,57
Kobe King,Bo Richter,3000,58
Kobe King,Brian Asamoah,3000,6
Kobe King,Cam Gill,3000,36
Kobe King,Chaz Chambliss,3000,70
Kobe King,Dorian Mausi,3000,31
Kobe King,Dwight McGlothern,3000,65
Kobe King,Elijah Williams,3000,50
Kobe King,Gabriel Murphy,3000,47
Kobe King,Gervarrius Owens,3000,11
Kobe King,Jalen Redmond,3000,4
Kobe King,Jay Ward,3000,81
Kobe King,Jonathan Harris,3000,58
Kobe King,Kahlef Hailassie,3000,34
Kobe King,Keenan Garber,3000,6
Kobe King,Levi Drake Rodriguez,3000,27
Kobe King,Mekhi Blackmon,3000,83
Kobe King,Mishael Powell,3000,30
Kobe King,Reddy Steward,3000,23
Kobe King,Taki Taimani,3000,44
Kobe King,Tavierre Thomas,3000,86
Kobe King,Travis Bell,3000,44
Kobe King,Tyler Batty,3000,37
Kobe King,Tyrion Ingram-Dawkins,3000,58
Kobe King,Zemaiah Vaughn,3000,84
Kobee Minor,Alex Austin,3200,20
Kobee Minor,Anfernee Jennings,3200,25
Kobee Minor,Bradyn Swinson,3200,46
Kobee Minor,Brandon Crossley,3200,32
Kobee Minor,Cam Riley,3200,39
Kobee Minor,Craig Woodson,3200,37
Kobee Minor,David Olajiga,3200,26
Kobee Minor,Dell Pettus,3200,43
Kobee Minor,Elijah Ponder,3200,35
Kobee Minor,Isaiah Bolden,3200,11
Kobee Minor,Isaiah Iton,3200,25
Kobee Minor,Jabrill Peppers,3200,9
Kobee Minor,Jack Gibbens,3200,28
Kobee Minor,Jahvaree Ritzie,3200,30
Kobee Minor,Jeremiah Pharms Jr.,3200,41
Kobee Minor,Jordan Polk,3200,45
Kobee Minor,Joshua Farmer,3200,35
Kobee Minor,K'Lavon Chaisson,3200,5
Kobee Minor,Keion White,3200,21
Kobee Minor,Kyle Dugger,3200,49
Kobee Minor,Kyle Peko,3200,30
Kobee Minor,Marcus Epps,3200,67
Kobee Minor,Marte Mapu,3200,34
Kobee Minor,Miles Battle,3200,48
Kobee Minor,Monty Rice,3200,63
Kobee Minor,Philip Blidi,3200,12
Kobee Minor,R.J. Moten,3200,4
Kobee Minor,Truman Jones,3200,50
Kohl Levao,Adrian Martinez,3430,91
Kohl Levao,Allen Lazard,3430,8
Kohl Levao,Andrew Beck,3430,23
Kohl Levao,Arian Smith,3430,76
Kohl Levao,Armand Membou,3430,27
Kohl Levao,Brady Cook,3430,54
Kohl Levao,Braelon Allen,3430,17
Kohl Levao,Brandon Smith,3430,82
Kohl Levao,Carter Warren,3430,87
Kohl Levao,Chukwuma Okorafor,3430,31
Kohl Levao,Donovan Edwards,3430,49
Kohl Levao,Dymere Miller,3430,23
Kohl Levao,Isaiah Davis,3430,10
Kohl Levao,Jamaal Pritchett,3430,66
Kohl Levao,Jeremy Ruckert,3430,27
Kohl Levao,Josh Myers,3430,36
Kohl Levao,Kene Nwangwu,3430,48
Kohl Levao,Lawrance Toafili,3430,21
Kohl Levao,Liam Fornadel,3430,87
Kohl Levao,Malachi Corley,3430,39
Kohl Levao,Marquis Hayes,3430,93
Kohl Levao,Max Mitchell,3430,74
Kohl Levao,Neal Johnson,3430,32
Kohl Levao,Pokey Wilson,3430,31
Kohl Levao,Quentin Skinner,3430,59
Kohl Levao,Samuel Jackson,3430,71
Kohl Levao,Stone Smartt,3430,49
Kohl Levao,Tyler Johnson,3430,12
Kohl Levao,Xavier Newman-Johnson,3430,74
Kohl Levao,Zack Kuntz,3430,53
Kolton Miller,Ashton Jeanty,2520,21
Kolton Miller,Brock Bowers,2520,11
Kolton Miller,DJ Glaze,2520,28
Kolton Miller,Dont'e Thornton Jr.,2520,26
Kolton Miller,Dylan Parham,2520,28
Kolton Miller,Geno Smith,2520,28
Kolton Miller,Ian Thomas,2520,2
Kolton Miller,Jackson Powers-Johnson,2520,28
Kolton Miller,Jakobi Meyers,2520,26
Kolton Miller,Jordan Meredith,2520,28
Kolton Miller,Michael Mayer,2520,19
Kolton Miller,Raheem Mostert,2520,1
Kolton Miller,Thayer Munford Jr.,2520,2
Kolton Miller,Tre Tucker,2520,26
Kolton Miller,Zamir White,2520,6
Konata Mumpfield,A.J. Arcuri,2510,37
Konata Mumpfield,Anthony Torres,2510,17
Konata Mumpfield,Beaux Limmer,2510,56
Konata Mumpfield,Blake Corum,2510,27
Konata Mumpfield,Brennan Presley,2510,5
Konata Mumpfield,Britain Covey,2510,10
Konata Mumpfield,David Quessenberry,2510,46
Konata Mumpfield,Davis Allen,2510,35
Konata Mumpfield,Drake Stoops,2510,57
Konata Mumpfield,Jarquez Hunter,2510,35
Konata Mumpfield,Justin Dedich,2510,62
Konata Mumpfield,KT Leveston,2510,16
Konata Mumpfield,Mark Redman,2510,11
Konata Mumpfield,Stetson Bennett,2510,62
Konata Mumpfield,Warren McClendon Jr.,2510,25
Konata Mumpfield,Willie Lampkin,2510,9
Konata Mumpfield,Wyatt Bowles,2510,59
Konata Mumpfield,Xavier Smith,2510,51
Kool-Aid McKinstry,Bryan Bresee,3300,25
Kool-Aid McKinstry,Cameron Jordan,3300,12
Kool-Aid McKinstry,Carl Granderson,3300,12
Kool-Aid McKinstry,Chase Young,3300,11
Kool-Aid McKinstry,Chris Rumph II,3300,10
Kool-Aid McKinstry,D'Marco Jackson,3300,8
Kool-Aid McKinstry,Danny Stutsman,3300,8
Kool-Aid McKinstry,Davon Godchaux,3300,11
Kool-Aid McKinstry,Demario Davis,3300,19
Kool-Aid McKinstry,Fadil Diggs,3300,6
Kool-Aid McKinstry,Isaac Yiadom,3300,27
Kool-Aid McKinstry,Isaiah Foskey,3300,5
Kool-Aid McKinstry,Jonathan Bullard,3300,3
Kool-Aid McKinstry,Jordan Howden,3300,10
Kool-Aid McKinstry,Julian Blackmon,3300,27
Kool-Aid McKinstry,Justin Reid,3300,18
Kool-Aid McKinstry,Khalen Saunders,3300,6
Kool-Aid McKinstry,Nathan Shepherd,3300,18
Kool-Aid McKinstry,Pete Werner,3300,14
Kool-Aid McKinstry,Terrell Burgess,3300,4
Kool-Aid McKinstry,Ugo Amadi,3300,16
Korie Black,Abdul Carter,3410,8
Korie Black,Andru Phillips,3410,7
Korie Black,Art Green,3410,10
Korie Black,Bobby Okereke,3410,3
Korie Black,Chauncey Golston,3410,6
Korie Black,Chris Board,3410,3
Korie Black,DJ Davidson,3410,6
Korie Black,Dane Belton,3410,11
Korie Black,Darius Alexander,3410,6
Korie Black,Darius Muasau,3410,11
Korie Black,Elijah Chatman,3410,3
Korie Black,Jevon Holland,3410,1
Korie Black,Kayvon Thibodeaux,3410,5
Korie Black,Micah McFadden,3410,5
Korie Black,Nic Jones,3410,3
Korie Black,Paulson Adebo,3410,1
Korie Black,Raheem Layne,3410,10
Korie Black,Rakeem Nunez-Roches,3410,5
Korie Black,Roy Robertson-Harris,3410,3
Korie Black,Tomon Fox,3410,3
Kris Abrams-Draine,Andrew Farmer,1400,2
Kris Abrams-Draine,Damarri Mathis,1400,61
Kris Abrams-Draine,Delarrin Turner-Yell,1400,4
Kris Abrams-Draine,Devon Key,1400,41
Kris Abrams-Draine,Dondrea Tillman,1400,54
Kris Abrams-Draine,Eyioma Uwazurike,1400,54
Kris Abrams-Draine,Garret Wallow,1400,4
Kris Abrams-Draine,Garrett Nelson,1400,3
Kris Abrams-Draine,J.B. Brown,1400,1
Kris Abrams-Draine,JL Skinner,1400,32
Kris Abrams-Draine,Ja'Quan McMillian,1400,4
Kris Abrams-Draine,Jaden Robinson,1400,6
Kris Abrams-Draine,Jahdae Barron,1400,28
Kris Abrams-Draine,Jonah Elliss,1400,47
Kris Abrams-Draine,Jordan Jackson,1400,48
Kris Abrams-Draine,Jordan Miller,1400,31
Kris Abrams-Draine,Jordan Turner,1400,17
Kris Abrams-Draine,Justin Strnad,1400,24
Kris Abrams-Draine,Karene Reid,1400,39
Kris Abrams-Draine,Keidron Smith,1400,32
Kris Abrams-Draine,Kristian Williams,1400,10
Kris Abrams-Draine,Levelle Bailey,1400,60
Kris Abrams-Draine,Malcolm Roach,1400,1
Kris Abrams-Draine,P.J. Locke,1400,41
Kris Abrams-Draine,Que Robinson,1400,48
Kris Abrams-Draine,Quinton Newsome,1400,27
Kris Abrams-Draine,Sai'vion Jones,1400,47
Kris Abrams-Draine,Sam Franklin Jr.,1400,4
Kris Jenkins,Cam Taylor-Britt,0920,7
Kris Jenkins,DJ Turner II,0920,14
Kris Jenkins,Daijahn Anthony,0920,13
Kris Jenkins,Daxton Hill,0920,7
Kris Jenkins,Demetrius Knight Jr.,0920,21
Kris Jenkins,Geno Stone,0920,4
Kris Jenkins,Jalen Davis,0920,8
Kris Jenkins,Jordan Battle,0920,21
Kris Jenkins,Joseph Ossai,0920,21
Kris Jenkins,Josh Newton,0920,20
Kris Jenkins,Logan Wilson,0920,21
Kris Jenkins,Myles Murphy,0920,14
Kris Jenkins,Oren Burks,0920,7
Kris Jenkins,Shemar Stewart,0920,8
Kris Jenkins,Tedarrell Slaton,0920,20
Kris Jenkins,Tycen Anderson,0920,4
Kristian Fulton,Ashton Gillotte,2310,18
Kristian Fulton,Azizi Hearn,2310,1
Kristian Fulton,Bryan Cook,2310,20
Kristian Fulton,Cam Jones,2310,20
Kristian Fulton,Chamarri Conner,2310,13
Kristian Fulton,Charles Omenihu,2310,16
Kristian Fulton,Chris Jones,2310,8
Kristian Fulton,Christian Roland-Wallace,2310,19
Kristian Fulton,Cole Christiansen,2310,18
Kristian Fulton,Cooper McDonald,2310,14
Kristian Fulton,Coziah Izzard,2310,4
Kristian Fulton,Fabien Lovett Sr.,2310,10
Kristian Fulton,George Karlaftis,2310,11
Kristian Fulton,Glendon Miller,2310,22
Kristian Fulton,Jaden Hicks,2310,16
Kristian Fulton,Jaylen Watson,2310,9
Kristian Fulton,Jeffrey Bassa,2310,18
Kristian Fulton,Jerry Tillery,2310,24
Kristian Fulton,Kevin Knowles,2310,6
Kristian Fulton,Leo Chenal,2310,12
Kristian Fulton,Major Williams,2310,18
Kristian Fulton,Malik Herring,2310,27
Kristian Fulton,Marlon Tuipulotu,2310,20
Kristian Fulton,Michael Danna,2310,8
Kristian Fulton,Mike Pennel,2310,9
Kristian Fulton,Nate Matlack,2310,12
Kristian Fulton,Nick Bolton,2310,13
Kristian Fulton,Nohl Williams,2310,21
Kristian Fulton,Trent McDuffie,2310,13
Kristian Welch,Arron Mosby,1800,72
Kristian Welch,Barryn Sorrell,1800,19
Kristian Welch,Bo Melton,1800,25
Kristian Welch,Brenton Cox Jr.,1800,16
Kristian Welch,Colby Wooden,1800,13
Kristian Welch,Corey Ballentine,1800,36
Kristian Welch,Deslin Alexandre,1800,58
Kristian Welch,Devonte O'Malley,1800,9
Kristian Welch,Garnett Hollis Jr.,1800,29
Kristian Welch,Isaiah Dunn,1800,18
Kristian Welch,Isaiah Simmons,1800,50
Kristian Welch,James Ester,1800,33
Kristian Welch,Jamon Johnson,1800,59
Kristian Welch,Jared Bartlett,1800,14
Kristian Welch,Jaylin Simpson,1800,18
Kristian Welch,Johnathan Baldwin,1800,80
Kristian Welch,Kalen King,1800,26
Kristian Welch,Kamal Hadden,1800,26
Kristian Welch,Karl Brooks,1800,9
Kristian Welch,Keith Randolph Jr.,1800,22
Kristian Welch,Kingsley Enagbare,1800,13
Kristian Welch,Kitan Oladapo,1800,40
Kristian Welch,Micah Robinson,1800,57
Kristian Welch,Nazir Stackhouse,1800,57
Kristian Welch,Omar Brown,1800,21
Kristian Welch,Ty'Ron Hopper,1800,21
Kristian Welch,Tyron Herring,1800,44
Kristian Welch,Warren Brinson,1800,55
Kristian Wilkerson,Chase Lundt,0610,73
Kristian Wilkerson,Dan Feeney,0610,33
Kristian Wilkerson,Darrynton Evans,0610,8
Kristian Wilkerson,Deon Cain,0610,17
Kristian Wilkerson,Elijah Moore,0610,10
Kristian Wilkerson,Elijah Young,0610,22
Kristian Wilkerson,Frank Gore Jr.,0610,34
Kristian Wilkerson,Jackson Hawes,0610,14
Kristian Wilkerson,Jacob Bayer,0610,43
Kristian Wilkerson,Jalen Virgil,0610,2
Kristian Wilkerson,KJ Hamler,0610,37
Kristian Wilkerson,Keleki Latu,0610,32
Kristian Wilkerson,Kendrick Green,0610,30
Kristian Wilkerson,Laviska Shenault Jr.,0610,23
Kristian Wilkerson,Matt Sokol,0610,14
Kristian Wilkerson,Mike Edwards,0610,58
Kristian Wilkerson,Mike White,0610,18
Kristian Wilkerson,Mitchell Trubisky,0610,17
Kristian Wilkerson,Ray Davis,0610,9
Kristian Wilkerson,Richard Gouraige,0610,73
Kristian Wilkerson,Rush Reimer,0610,32
Kristian Wilkerson,Ryan Van Demark,0610,23
Kristian Wilkerson,Shane Buechele,0610,38
Kristian Wilkerson,Tyrell Shavers,0610,31
Kristian Wilkerson,Zach Davidson,0610,39
Kristian Williams,Andrew Farmer,1400,18
Kristian Williams,Damarri Mathis,1400,10
Kristian Williams,Delarrin Turner-Yell,1400,16
Kristian Williams,Dondrea Tillman,1400,7
Kristian Williams,Eyioma Uwazurike,1400,3
Kristian Williams,Garret Wallow,1400,9
Kristian Williams,Garrett Nelson,1400,17
Kristian Williams,J.B. Brown,1400,10
Kristian Williams,JL Skinner,1400,13
Kristian Williams,Jaden Robinson,1400,18
Kristian Williams,Jahdae Barron,1400,7
Kristian Williams,Jonah Elliss,1400,5
Kristian Williams,Jordan Jackson,1400,3
Kristian Williams,Jordan Miller,1400,13
Kristian Williams,Jordan Turner,1400,12
Kristian Williams,Joshua Pickett,1400,8
Kristian Williams,Justin Strnad,1400,3
Kristian Williams,Karene Reid,1400,14
Kristian Williams,Keidron Smith,1400,13
Kristian Williams,Kris Abrams-Draine,1400,10
Kristian Williams,Levelle Bailey,1400,9
Kristian Williams,Micah Abraham,1400,4
Kristian Williams,Que Robinson,1400,11
Kristian Williams,Quinton Newsome,1400,20
Kristian Williams,Sai'vion Jones,1400,21
Kristian Williams,Sam Franklin Jr.,1400,16
Krys Barnes,Akayleb Evans,0750,31
Krys Barnes,Bam Martin-Scott,0750,38
Krys Barnes,Bobby Brown III,0750,9
Krys Barnes,Cam Jackson,0750,28
Krys Barnes,Carlos Basham,0750,35
Krys Barnes,Claudin Cherelus,0750,12
Krys Barnes,Corey Thornton,0750,40
Krys Barnes,DJ Johnson,0750,6
Krys Barnes,Demani Richardson,0750,50
Krys Barnes,Isaac Gifford,0750,28
Krys Barnes,J.J. Weaver,0750,16
Krys Barnes,JaTravis Broughton,0750,13
Krys Barnes,Jack Henderson,0750,16
Krys Barnes,Jaden Crumedy,0750,46
Krys Barnes,Jared Harrison-Hunte,0750,29
Krys Barnes,Jon Rhattigan,0750,10
Krys Barnes,Lathan Ransom,0750,50
Krys Barnes,Mapalo Mwansa,0750,7
Krys Barnes,Mello Dotson,0750,26
Krys Barnes,Michael Reid,0750,29
Krys Barnes,Nick Scott,0750,17
Krys Barnes,Princely Umanmielen,0750,37
Krys Barnes,Sam Roberts,0750,46
Krys Barnes,Shemar Bartholomew,0750,32
Krys Barnes,Shy Tuttle,0750,17
Krys Barnes,Thomas Incoom,0750,58
Krys Barnes,Tre Swilling,0750,23
Krys Barnes,Trevian Thomas,0750,11
Kwity Paye,Adetomiwa Adebawore,2200,1
Kwity Paye,Alex Johnson,2200,1
Kwity Paye,Cameron McGrone,2200,1
Kwity Paye,Hunter Wohler,2200,1
Kwity Paye,Joe Bachie,2200,1
Kwity Paye,Johnathan Edwards,2200,1
Kwity Paye,Laiatu Latu,2200,1
Kwity Paye,Neville Gallimore,2200,1
Kwity Paye,Rodney Thomas,2200,1
Kwity Paye,Samuel Womack,2200,1
Kylan Guidry,Benjamin St-Juste,4400,3
Kylan Guidry,Caleb Murphy,4400,20
Kylan Guidry,Cam Hart,4400,3
Kylan Guidry,Christopher Hinton,4400,53
Kylan Guidry,Da'Shawn Hand,4400,5
Kylan Guidry,Deane Leonard,4400,17
Kylan Guidry,Del'Shawn Phillips,4400,5
Kylan Guidry,Emany Johnson,4400,67
Kylan Guidry,Eric Rogers,4400,18
Kylan Guidry,Garmon Randolph,4400,69
Kylan Guidry,Harrison Hand,4400,9
Kylan Guidry,Ja'Sir Taylor,4400,73
Kylan Guidry,Jamaree Caldwell,4400,25
Kylan Guidry,Jaylen Jones,4400,18
Kylan Guidry,Jordan Oladokun,4400,10
Kylan Guidry,Josh Fuga,4400,5
Kylan Guidry,Junior Colson,4400,34
Kylan Guidry,Justin Eboigbe,4400,23
Kylan Guidry,Kana'i Mauga,4400,23
Kylan Guidry,Kendall Williamson,4400,81
Kylan Guidry,Kyle Kennard,4400,9
Kylan Guidry,Marlowe Wax,4400,68
Kylan Guidry,Myles Purchase,4400,47
Kylan Guidry,Naquan Jones,4400,32
Kylan Guidry,Nehemiah Shelton,4400,3
Kylan Guidry,Nesta Jade Silvera,4400,40
Kylan Guidry,Nikko Reed,4400,37
Kylan Guidry,Otito Ogbonnia,4400,2
Kylan Guidry,R.J. Mickens,4400,76
Kylan Guidry,Scott Matlock,4400,17
Kylan Guidry,Tarheeb Still,4400,3
Kylan Guidry,TeRah Edwards,4400,42
Kylan Guidry,Tony Jefferson,4400,24
Kylan Guidry,Tre'Mon Morris-Brash,4400,8
Kylan Guidry,Trikweze Bridges,4400,76
Kylan Guidry,Troy Dye,4400,15
Kyle Allen,Colby Sorsdal,1540,8
Kyle Allen,Craig Reynolds,1540,39
Kyle Allen,Dan Skipper,1540,69
Kyle Allen,Dominic Lovett,1540,31
Kyle Allen,Giovanni Manu,1540,36
Kyle Allen,Isaac TeSlaa,1540,77
Kyle Allen,Jabari Small,1540,13
Kyle Allen,Jackson Meeks,1540,46
Kyle Allen,Jacob Saylors,1540,23
Kyle Allen,Jakobie Keeney-James,1540,12
Kyle Allen,Jamarco Jones,1540,60
Kyle Allen,Kayode Awosika,1540,61
Kyle Allen,Kenny Yeboah,1540,25
Kyle Allen,Kingsley Eguakun,1540,93
Kyle Allen,Malik Taylor,1540,6
Kyle Allen,Mason Miller,1540,21
Kyle Allen,Michael Niese,1540,24
Kyle Allen,Netane Muti,1540,93
Kyle Allen,Ronnie Bell,1540,14
Kyle Allen,Shane Zylstra,1540,48
Kyle Allen,Sione Vaki,1540,18
Kyle Allen,Tom Kennedy,1540,71
Kyle Allen,Zach Horton,1540,42
Kyle Dugger,Alex Austin,3200,18
Kyle Dugger,Anfernee Jennings,3200,9
Kyle Dugger,Bradyn Swinson,3200,43
Kyle Dugger,Brandon Crossley,3200,38
Kyle Dugger,Cam Riley,3200,24
Kyle Dugger,Christian Elliss,3200,16
Kyle Dugger,Craig Woodson,3200,11
Kyle Dugger,DJ James,3200,13
Kyle Dugger,David Olajiga,3200,24
Kyle Dugger,Dell Pettus,3200,45
Kyle Dugger,Elijah Ponder,3200,41
Kyle Dugger,Isaiah Bolden,3200,22
Kyle Dugger,Isaiah Iton,3200,15
Kyle Dugger,Jabrill Peppers,3200,15
Kyle Dugger,Jack Gibbens,3200,11
Kyle Dugger,Jahvaree Ritzie,3200,29
Kyle Dugger,Jaylinn Hawkins,3200,15
Kyle Dugger,Jeremiah Pharms Jr.,3200,30
Kyle Dugger,Jordan Polk,3200,37
Kyle Dugger,Joshua Farmer,3200,18
Kyle Dugger,K'Lavon Chaisson,3200,5
Kyle Dugger,Keion White,3200,30
Kyle Dugger,Khyiris Tonga,3200,12
Kyle Dugger,Kobee Minor,3200,49
Kyle Dugger,Kyle Peko,3200,34
Kyle Dugger,Marcus Epps,3200,53
Kyle Dugger,Marcus Jones,3200,17
Kyle Dugger,Marte Mapu,3200,11
Kyle Dugger,Miles Battle,3200,23
Kyle Dugger,Milton Williams,3200,12
Kyle Dugger,Monty Rice,3200,60
Kyle Dugger,Philip Blidi,3200,11
Kyle Dugger,R.J. Moten,3200,14
Kyle Dugger,Robert Spillane,3200,17
Kyle Dugger,Tre Avery,3200,10
Kyle Dugger,Truman Jones,3200,48
Kyle Hergel,Barry Wesley,3300,24
Kyle Hergel,Bub Means,3300,8
Kyle Hergel,Cam Akers,3300,23
Kyle Hergel,Cedrick Wilson Jr.,3300,33
Kyle Hergel,Clyde Edwards-Helaire,3300,4
Kyle Hergel,Dante Pettis,3300,25
Kyle Hergel,Devin Neal,3300,5
Kyle Hergel,Dillon Radunz,3300,28
Kyle Hergel,Easton Kilty,3300,29
Kyle Hergel,Jack Stoll,3300,14
Kyle Hergel,Jake Haener,3300,11
Kyle Hergel,Jonathan Mendoza,3300,25
Kyle Hergel,Josiah Ezirim,3300,20
Kyle Hergel,Kelvin Banks Jr.,3300,9
Kyle Hergel,Kendre Miller,3300,6
Kyle Hergel,Kevin Austin Jr.,3300,32
Kyle Hergel,Luke Fortner,3300,6
Kyle Hergel,Marcus Yarns,3300,6
Kyle Hergel,Mason Tipton,3300,43
Kyle Hergel,Michael Jacobson,3300,3
Kyle Hergel,Mike Panasiuk,3300,15
Kyle Hergel,Moliki Matavao,3300,10
Kyle Hergel,Moochie Dixon,3300,6
Kyle Hergel,Roderick Daniels Jr.,3300,5
Kyle Hergel,Seth Green,3300,13
Kyle Hergel,Shane Lemieux,3300,9
Kyle Hergel,Spencer Rattler,3300,26
Kyle Hergel,Torricelli Simpkins III,3300,38
Kyle Hergel,Trevor Penning,3300,9
Kyle Hergel,Treyton Welch,3300,15
Kyle Hergel,Tyler Shough,3300,16
Kyle Hergel,Velus Jones Jr.,3300,14
Kyle Hinton,Brandon Parker,0200,80
Kyle Hinton,Casey Washington,0200,11
Kyle Hinton,Chris Blair,0200,103
Kyle Hinton,DJ Chark,0200,7
Kyle Hinton,David Sills,0200,17
Kyle Hinton,Dylan Drummond,0200,77
Kyle Hinton,Easton Stick,0200,116
Kyle Hinton,Elijah Dotson,0200,32
Kyle Hinton,Elijah Wilkinson,0200,75
Kyle Hinton,Emory Jones,0200,7
Kyle Hinton,Feleipe Franks,0200,53
Kyle Hinton,Jack Nelson,0200,123
Kyle Hinton,Jashaun Corbin,0200,44
Kyle Hinton,Jesse Matthews,0200,41
Kyle Hinton,Joshua Gray,0200,91
Kyle Hinton,Joshua Simon,0200,53
Kyle Hinton,Jovaughn Gwyn,0200,123
Kyle Hinton,Nate Carter,0200,47
Kyle Hinton,Nick Nash,0200,89
Kyle Hinton,Nikola Kalinic,0200,39
Kyle Hinton,Quincy Skinner Jr.,0200,2
Kyle Juszczyk,Brock Purdy,4500,6
Kyle Juszczyk,Colton McKivitz,4500,6
Kyle Juszczyk,Connor Colby,4500,6
Kyle Juszczyk,Demarcus Robinson,4500,4
Kyle Juszczyk,Dominick Puni,4500,6
Kyle Juszczyk,George Kittle,4500,6
Kyle Juszczyk,Isaiah Hodgins,4500,2
Kyle Juszczyk,Jake Brendel,4500,6
Kyle Juszczyk,Patrick Taylor,4500,6
Kyle Juszczyk,Ricky Pearsall,4500,4
Kyle Juszczyk,Russell Gage,4500,2
Kyle Juszczyk,Spencer Burford,4500,6
Kyle Kennard,Caleb Murphy,4400,6
Kyle Kennard,Cam Hart,4400,3
Kyle Kennard,Christopher Hinton,4400,19
Kyle Kennard,Da'Shawn Hand,4400,1
Kyle Kennard,Deane Leonard,4400,3
Kyle Kennard,Del'Shawn Phillips,4400,8
Kyle Kennard,Emany Johnson,4400,28
Kyle Kennard,Eric Rogers,4400,9
Kyle Kennard,Harrison Hand,4400,5
Kyle Kennard,Ja'Sir Taylor,4400,10
Kyle Kennard,Jamaree Caldwell,4400,14
Kyle Kennard,Jaylen Jones,4400,7
Kyle Kennard,Jordan Oladokun,4400,15
Kyle Kennard,Josh Fuga,4400,5
Kyle Kennard,Junior Colson,4400,10
Kyle Kennard,Justin Eboigbe,4400,13
Kyle Kennard,Kana'i Mauga,4400,11
Kyle Kennard,Kendall Williamson,4400,33
Kyle Kennard,Kylan Guidry,4400,9
Kyle Kennard,Marlowe Wax,4400,30
Kyle Kennard,Myles Purchase,4400,30
Kyle Kennard,Naquan Jones,4400,20
Kyle Kennard,Nehemiah Shelton,4400,1
Kyle Kennard,Nesta Jade Silvera,4400,12
Kyle Kennard,Nikko Reed,4400,19
Kyle Kennard,Otito Ogbonnia,4400,1
Kyle Kennard,R.J. Mickens,4400,25
Kyle Kennard,Scott Matlock,4400,6
Kyle Kennard,TeRah Edwards,4400,13
Kyle Kennard,Tony Jefferson,4400,13
Kyle Kennard,Tre'Mon Morris-Brash,4400,31
Kyle Kennard,Trikweze Bridges,4400,37
Kyle Kennard,Troy Dye,4400,3
Kyle McCord,Ainias Smith,3700,41
Kyle McCord,Ben VanSumeren,3700,5
Kyle McCord,Brett Toth,3700,56
Kyle McCord,Cameron Latu,3700,32
Kyle McCord,Cameron Williams,3700,71
Kyle McCord,Darian Kinnard,3700,47
Kyle McCord,Darius Cooper,3700,47
Kyle McCord,Drew Kendall,3700,43
Kyle McCord,E.J. Jenkins,3700,38
Kyle McCord,Elijah Cooks,3700,33
Kyle McCord,Giles Jackson,3700,23
Kyle McCord,Hollin Pierce,3700,36
Kyle McCord,Ife Adeyi,3700,21
Kyle McCord,John Metchie III,3700,15
Kyle McCord,Keilan Robinson,3700,48
Kyle McCord,Kendall Lamm,3700,23
Kyle McCord,Kenyon Green,3700,48
Kyle McCord,Kylen Granson,3700,31
Kyle McCord,Laekin Vakalahi,3700,12
Kyle McCord,Matt Pryor,3700,7
Kyle McCord,Montrell Johnson Jr.,3700,48
Kyle McCord,Myles Hinton,3700,80
Kyle McCord,Nick Muse,3700,42
Kyle McCord,ShunDerrick Powell,3700,7
Kyle McCord,Taylor Morin,3700,25
Kyle McCord,Terrace Marshall Jr.,3700,59
Kyle McCord,Trevor Keegan,3700,92
Kyle Monangai,Braxton Jones,0810,19
Kyle Monangai,Chris Glaser,0810,5
Kyle Monangai,Colston Loveland,0810,5
Kyle Monangai,Devin Duvernay,0810,12
Kyle Monangai,Durham Smythe,0810,13
Kyle Monangai,Jordan McFadden,0810,17
Kyle Monangai,Luke Newman,0810,22
Kyle Monangai,Luther Burden III,0810,18
Kyle Monangai,Maurice Alexander,0810,5
Kyle Monangai,Ozzy Trapilo,0810,3
Kyle Monangai,Ricky Stromberg,0810,1
Kyle Monangai,Ryan Bates,0810,21
Kyle Monangai,Samori Toure,0810,6
Kyle Monangai,Stephen Carlson,0810,10
Kyle Monangai,Theo Benedet,0810,22
Kyle Monangai,Tyler Scott,0810,19
Kyle Monangai,Tyson Bagent,0810,22
Kyle Peko,Alex Austin,3200,15
Kyle Peko,Anfernee Jennings,3200,12
Kyle Peko,Bradyn Swinson,3200,25
Kyle Peko,Brandon Crossley,3200,24
Kyle Peko,Cam Riley,3200,21
Kyle Peko,Craig Woodson,3200,18
Kyle Peko,DJ James,3200,9
Kyle Peko,David Olajiga,3200,2
Kyle Peko,Dell Pettus,3200,33
Kyle Peko,Elijah Ponder,3200,32
Kyle Peko,Isaiah Bolden,3200,12
Kyle Peko,Isaiah Iton,3200,5
Kyle Peko,Jabrill Peppers,3200,11
Kyle Peko,Jack Gibbens,3200,18
Kyle Peko,Jahvaree Ritzie,3200,10
Kyle Peko,Jeremiah Pharms Jr.,3200,30
Kyle Peko,Jordan Polk,3200,26
Kyle Peko,Joshua Farmer,3200,15
Kyle Peko,Keion White,3200,12
Kyle Peko,Kobee Minor,3200,30
Kyle Peko,Kyle Dugger,3200,34
Kyle Peko,Marcus Epps,3200,43
Kyle Peko,Marte Mapu,3200,13
Kyle Peko,Miles Battle,3200,25
Kyle Peko,Monty Rice,3200,39
Kyle Peko,Philip Blidi,3200,3
Kyle Peko,R.J. Moten,3200,8
Kyle Peko,Tre Avery,3200,12
Kyle Peko,Truman Jones,3200,33
Kyle Trask,Ben Scott,4900,45
Kyle Trask,Benjamin Chukwuma,4900,72
Kyle Trask,Charlie Heck,4900,15
Kyle Trask,Dennis Houston,4900,5
Kyle Trask,Devin Culp,4900,35
Kyle Trask,Elijah Klein,4900,87
Kyle Trask,Emeka Egbuka,4900,10
Kyle Trask,Garrett Greene,4900,15
Kyle Trask,Jacob Harris,4900,12
Kyle Trask,Jaden Smith,4900,5
Kyle Trask,Jalen McMillan,4900,9
Kyle Trask,Josh Williams,4900,23
Kyle Trask,Kameron Johnson,4900,9
Kyle Trask,Ko Kieft,4900,22
Kyle Trask,Luke Haggard,4900,87
Kyle Trask,Mike Jordan,4900,59
Kyle Trask,Owen Wright,4900,12
Kyle Trask,Payne Durham,4900,45
Kyle Trask,Rachaad White,4900,10
Kyle Trask,Raiqwon O'Neal,4900,22
Kyle Trask,Rakim Jarrett,4900,44
Kyle Trask,Ryan Miller,4900,67
Kyle Trask,Sean Tucker,4900,42
Kyle Trask,Sterling Shepard,4900,5
Kyle Trask,Tanner Taula,4900,3
Kyle Trask,Tez Johnson,4900,41
Kyle Trask,Trey Palmer,4900,21
Kyle Trask,Tyler McLellan,4900,48
Kyle Williams,Alec Lindstrom,3200,6
Kyle Williams,Antonio Gibson,3200,12
Kyle Williams,Austin Hooper,3200,11
Kyle Williams,Ben Brown,3200,35
Kyle Williams,Ben Wooldridge,3200,6
Kyle Williams,CJ Dippre,3200,6
Kyle Williams,Cole Fotheringham,3200,9
Kyle Williams,Cole Strange,3200,22
Kyle Williams,DeMario Douglas,3200,5
Kyle Williams,Demontrey Jacobs,3200,21
Kyle Williams,Drake Maye,3200,11
Kyle Williams,Efton Chism III,3200,29
Kyle Williams,Garrett Bradbury,3200,15
Kyle Williams,Gee Scott Jr.,3200,9
Kyle Williams,Ja'Lynn Polk,3200,7
Kyle Williams,JaMycal Hasty,3200,9
Kyle Williams,Jack Conley,3200,6
Kyle Williams,Jack Westover,3200,16
Kyle Williams,Jaheim Bell,3200,3
Kyle Williams,Jared Wilson,3200,15
Kyle Williams,Javon Baker,3200,25
Kyle Williams,Joshua Dobbs,3200,27
Kyle Williams,Kayshon Boutte,3200,6
Kyle Williams,Lan Larison,3200,8
Kyle Williams,Layden Robinson,3200,6
Kyle Williams,Mack Hollins,3200,5
Kyle Williams,Marcus Bryant,3200,38
Kyle Williams,Mehki Butler,3200,6
Kyle Williams,Mike Onwenu,3200,11
Kyle Williams,Rhamondre Stevenson,3200,5
Kyle Williams,Sidy Sow,3200,8
Kyle Williams,Terrell Jennings,3200,4
Kyle Williams,TreVeyon Henderson,3200,7
Kyle Williams,Tyrese Robinson,3200,8
Kyle Williams,Vederian Lowe,3200,12
Kyle Williams,Will Campbell,3200,11
Kylen Granson,AJ Dillon,3700,11
Kylen Granson,Ainias Smith,3700,33
Kylen Granson,Ben VanSumeren,3700,1
Kylen Granson,Brett Toth,3700,54
Kylen Granson,Cameron Williams,3700,10
Kylen Granson,Darian Kinnard,3700,47
Kylen Granson,Darius Cooper,3700,53
Kylen Granson,Dorian Thompson-Robinson,3700,2
Kylen Granson,Drew Kendall,3700,44
Kylen Granson,E.J. Jenkins,3700,13
Kylen Granson,Harrison Bryant,3700,4
Kylen Granson,John Metchie III,3700,7
Kylen Granson,Johnny Wilson,3700,22
Kylen Granson,Keilan Robinson,3700,29
Kylen Granson,Kendall Lamm,3700,16
Kylen Granson,Kenyon Green,3700,10
Kylen Granson,Kyle McCord,3700,31
Kylen Granson,Matt Pryor,3700,29
Kylen Granson,Montrell Johnson Jr.,3700,13
Kylen Granson,Myles Hinton,3700,38
Kylen Granson,Nick Muse,3700,4
Kylen Granson,ShunDerrick Powell,3700,1
Kylen Granson,Tanner McKee,3700,21
Kylen Granson,Terrace Marshall Jr.,3700,24
Kylen Granson,Trevor Keegan,3700,22
Kyler Baugh,Breiden Fehoko,3900,6
Kyler Baugh,Carson Bruener,3900,23
Kyler Baugh,D'Shawn Jamison,3900,16
Kyler Baugh,Daryl Porter,3900,9
Kyler Baugh,DeMarvin Leal,3900,6
Kyler Baugh,Devin Harper,3900,15
Kyler Baugh,Domenique Davis,3900,15
Kyler Baugh,Eku Leota,3900,17
Kyler Baugh,Esezi Otomewo,3900,3
Kyler Baugh,Jack Sawyer,3900,3
Kyler Baugh,Julius Welschof,3900,15
Kyler Baugh,Kam Alexander,3900,8
Kyler Baugh,Kenny Willekes,3900,5
Kyler Baugh,Kyler McMichael,3900,15
Kyler Baugh,Logan Lee,3900,6
Kyler Baugh,Mark Robinson,3900,8
Kyler Baugh,Mikey Victor,3900,14
Kyler Baugh,Quindell Johnson,3900,23
Kyler Baugh,Sebastian Castro,3900,23
Kyler McMichael,Beanie Bishop Jr.,3900,2
Kyler McMichael,Breiden Fehoko,3900,24
Kyler McMichael,Cameron McCutcheon,3900,3
Kyler McMichael,Carson Bruener,3900,47
Kyler McMichael,D'Shawn Jamison,3900,44
Kyler McMichael,Daniel Ekuale,3900,8
Kyler McMichael,Daryl Porter,3900,37
Kyler McMichael,DeMarvin Leal,3900,22
Kyler McMichael,Derrick Harmon,3900,3
Kyler McMichael,Devin Harper,3900,39
Kyler McMichael,Domenique Davis,3900,21
Kyler McMichael,Eku Leota,3900,32
Kyler McMichael,Esezi Otomewo,3900,24
Kyler McMichael,Isaiahh Loudermilk,3900,8
Kyler McMichael,Jack Sawyer,3900,25
Kyler McMichael,Julius Welschof,3900,32
Kyler McMichael,Kenny Willekes,3900,3
Kyler McMichael,Kyler Baugh,3900,15
Kyler McMichael,Logan Lee,3900,13
Kyler McMichael,Malik Harrison,3900,3
Kyler McMichael,Mark Robinson,3900,25
Kyler McMichael,Mikey Victor,3900,17
Kyler McMichael,Quindell Johnson,3900,57
Kyler McMichael,Sebastian Castro,3900,57
Kyler McMichael,Yahya Black,3900,9
Kyler Murray,Elijah Higgins,3800,9
Kyler Murray,Evan Brown,3800,16
Kyler Murray,Greg Dortch,3800,3
Kyler Murray,Hjalte Froholdt,3800,16
Kyler Murray,Isaiah Adams,3800,16
Kyler Murray,James Conner,3800,7
Kyler Murray,Jonah Williams,3800,16
Kyler Murray,Marvin Harrison Jr.,3800,16
Kyler Murray,Michael Wilson,3800,8
Kyler Murray,Paris Johnson Jr.,3800,16
Kyler Murray,Tip Reiman,3800,11
Kyler Murray,Trey Benson,3800,9
Kyler Murray,Trey McBride,3800,8
Kyler Murray,Zay Jones,3800,9
Kyon Barrs,Akeem Davis-Gaither,3800,3
Kyon Barrs,Anthony Goodlow,3800,28
Kyon Barrs,Benton Whitley,3800,45
Kyon Barrs,Cody Simon,3800,42
Kyon Barrs,Dadrion Taylor-Demerson,3800,3
Kyon Barrs,Darren Hall,3800,50
Kyon Barrs,Denzel Burke,3800,37
Kyon Barrs,Ekow Boye-Doe,3800,32
Kyon Barrs,Elijah Jones,3800,38
Kyon Barrs,Elijah Simmons,3800,28
Kyon Barrs,Elliott Brown,3800,43
Kyon Barrs,Jammie Robinson,3800,54
Kyon Barrs,Jaylon Jones,3800,46
Kyon Barrs,Joey Blount,3800,20
Kyon Barrs,Jordan Burch,3800,16
Kyon Barrs,Kei'Trel Clark,3800,37
Kyon Barrs,Kitan Crawford,3800,39
Kyon Barrs,L.J. Collier,3800,3
Kyon Barrs,Mykal Walker,3800,38
Kyon Barrs,Owen Pappoe,3800,33
Kyon Barrs,PJ Mustipher,3800,23
Kyon Barrs,Patrick Jenkins,3800,28
Kyon Barrs,Steven Gilmore,3800,16
Kyon Barrs,Vi Jones,3800,34
Kyon Barrs,Will Johnson,3800,11
Kyon Barrs,Xavier Thomas,3800,53
Kyrese Rowan,A.T. Perry,1400,3
Kyrese Rowan,Alex Forsyth,1400,4
Kyrese Rowan,Alex Palczewski,1400,2
Kyrese Rowan,Audric EstimÃ©,1400,22
Kyrese Rowan,Blake Watson,1400,10
Kyrese Rowan,Caden Prieskorn,1400,10
Kyrese Rowan,Caleb Lohner,1400,24
Kyrese Rowan,Calvin Throckmorton,1400,2
Kyrese Rowan,Clay Webb,1400,27
Kyrese Rowan,Courtney Jackson,1400,20
Kyrese Rowan,Frank Crum,1400,9
Kyrese Rowan,Jaleel McLaughlin,1400,2
Kyrese Rowan,Jarrett Stidham,1400,4
Kyrese Rowan,Jerjuan Newton,1400,17
Kyrese Rowan,Joaquin Davis,1400,22
Kyrese Rowan,Joseph Michalski,1400,34
Kyrese Rowan,Lucas Krull,1400,4
Kyrese Rowan,Marques Cox,1400,34
Kyrese Rowan,Matt Peart,1400,4
Kyrese Rowan,Michael Bandy,1400,11
Kyrese Rowan,Nick Gargiulo,1400,9
Kyrese Rowan,Pat Bryant,1400,1
Kyrese Rowan,Sam Ehlinger,1400,34
Kyrese Rowan,Troy Franklin,1400,2
Kyrese Rowan,Tyler Badie,1400,4
Kyrese Rowan,Will Sherman,1400,38
Kyrese Rowan,Xavier Truss,1400,27
Kyu Kelly,Adam Butler,2520,10
Kyu Kelly,Andre Carter II,2520,9
Kyu Kelly,Charles Snowden,2520,12
Kyu Kelly,Chris Smith II,2520,27
Kyu Kelly,Cody Lindenberg,2520,6
Kyu Kelly,Darien Porter,2520,8
Kyu Kelly,Darnay Holmes,2520,7
Kyu Kelly,Decamerion Richardson,2520,12
Kyu Kelly,Devin White,2520,11
Kyu Kelly,Elandon Roberts,2520,8
Kyu Kelly,Eric Stokes,2520,11
Kyu Kelly,Germaine Pratt,2520,9
Kyu Kelly,Greedy Vance,2520,2
Kyu Kelly,Isaiah Pola-Mao,2520,31
Kyu Kelly,JJ Pegues,2520,3
Kyu Kelly,JT Woods,2520,4
Kyu Kelly,Jamal Adams,2520,10
Kyu Kelly,Jaylon Smith,2520,7
Kyu Kelly,Jeremy Chinn,2520,11
Kyu Kelly,Jonah Laulu,2520,15
Kyu Kelly,Malcolm Koonce,2520,11
Kyu Kelly,Matt Jones,2520,18
Kyu Kelly,Maxx Crosby,2520,11
Kyu Kelly,Michael Barrett,2520,5
Kyu Kelly,Ovie Oghoufo,2520,5
Kyu Kelly,Thomas Booker,2520,21
Kyu Kelly,Tommy Eichenberg,2520,8
Kyu Kelly,Tonka Hemingway,2520,23
Kyu Kelly,Trey Taylor,2520,4
Kyu Kelly,Tyree Wilson,2520,19
Kyu Kelly,Zachary Carter,2520,12
L.J. Collier,Akeem Davis-Gaither,3800,22
L.J. Collier,Anthony Goodlow,3800,8
L.J. Collier,Baron Browning,3800,2
L.J. Collier,Benton Whitley,3800,9
L.J. Collier,Budda Baker,3800,2
L.J. Collier,Cody Simon,3800,14
L.J. Collier,Dadrion Taylor-Demerson,3800,28
L.J. Collier,Dalvin Tomlinson,3800,1
L.J. Collier,Dante Stills,3800,11
L.J. Collier,Darren Hall,3800,22
L.J. Collier,Denzel Burke,3800,24
L.J. Collier,Elijah Simmons,3800,7
L.J. Collier,Elliott Brown,3800,10
L.J. Collier,Garrett Williams,3800,2
L.J. Collier,Jalen Thompson,3800,2
L.J. Collier,Jammie Robinson,3800,5
L.J. Collier,Jaylon Jones,3800,4
L.J. Collier,Joey Blount,3800,13
L.J. Collier,Jordan Burch,3800,25
L.J. Collier,Kei'Trel Clark,3800,16
L.J. Collier,Kitan Crawford,3800,20
L.J. Collier,Kyon Barrs,3800,3
L.J. Collier,Mack Wilson,3800,2
L.J. Collier,Max Melton,3800,11
L.J. Collier,Mykal Walker,3800,9
L.J. Collier,Owen Pappoe,3800,17
L.J. Collier,PJ Mustipher,3800,15
L.J. Collier,Patrick Jenkins,3800,3
L.J. Collier,Will Johnson,3800,19
L.J. Collier,Xavier Thomas,3800,22
L.J. Collier,Zaven Collins,3800,2
La'el Collins,Asim Richards,1200,25
La'el Collins,Brock Hoffman,1200,25
La'el Collins,Geron Christian,1200,25
La'el Collins,Jalen Brooks,1200,7
La'el Collins,Jalen Cropper,1200,9
La'el Collins,Jaydon Blue,1200,4
La'el Collins,Joe Milton III,1200,3
La'el Collins,Josh Kelly,1200,23
La'el Collins,Malik Davis,1200,12
La'el Collins,Nick Broeker,1200,15
La'el Collins,Phil Mafah,1200,9
La'el Collins,Princeton Fant,1200,6
La'el Collins,Rivaldo Fairweather,1200,6
La'el Collins,Ryan Flournoy,1200,5
La'el Collins,TJ Bass,1200,10
La'el Collins,Traeshon Holden,1200,24
La'el Collins,Tyler Neville,1200,20
La'el Collins,Will Grier,1200,22
LaCale London,Arnold Ebiketie,0200,5
LaCale London,Billy Bowman Jr.,0200,11
LaCale London,Bralen Trice,0200,8
LaCale London,Brandon Dorlus,0200,12
LaCale London,C.J. Henderson,0200,3
LaCale London,Caleb Johnson,0200,24
LaCale London,Cobee Bryant,0200,14
LaCale London,DeAngelo Malone,0200,36
LaCale London,DeMarcco Hellams,0200,5
LaCale London,Dee Alford,0200,14
LaCale London,Dontae Manning,0200,21
LaCale London,Henry Black,0200,32
LaCale London,JD Bertrand,0200,13
LaCale London,Jalon Walker,0200,4
LaCale London,James Pearce Jr.,0200,23
LaCale London,Jordan Fuller,0200,12
LaCale London,Josh Thompson,0200,33
LaCale London,Josh Woods,0200,19
LaCale London,Keith Taylor,0200,11
LaCale London,Kentavius Street,0200,9
LaCale London,Khalid Kareem,0200,14
LaCale London,Lamar Jackson,0200,39
LaCale London,Mike Ford,0200,24
LaCale London,Morgan Fox,0200,18
LaCale London,Natrone Brooks,0200,24
LaCale London,Nick Kubitz,0200,19
LaCale London,Ronnie Harrison,0200,17
LaCale London,Ronnie Perkins,0200,10
LaCale London,Ruke Orhorhoro,0200,11
LaCale London,Simeon Barrow Jr.,0200,23
LaCale London,Ta'Quon Graham,0200,6
LaCale London,Xavier Watts,0200,13
LaCale London,Zach Harrison,0200,13
LaDarius Henderson,Austin Deculus,2120,94
LaDarius Henderson,Blake Fisher,2120,9
LaDarius Henderson,Braxton Berrios,2120,7
LaDarius Henderson,British Brooks,2120,23
LaDarius Henderson,Conor McDermott,2120,42
LaDarius Henderson,Cornell Powell,2120,30
LaDarius Henderson,Dalton Keene,2120,6
LaDarius Henderson,Daniel Jackson,2120,36
LaDarius Henderson,Dare Ogunbowale,2120,4
LaDarius Henderson,Eli Cox,2120,80
LaDarius Henderson,Graham Mertz,2120,43
LaDarius Henderson,Harrison Bryant,2120,25
LaDarius Henderson,Irv Smith,2120,8
LaDarius Henderson,J.J. Taylor,2120,11
LaDarius Henderson,Jakob Johnson,2120,29
LaDarius Henderson,Jarrett Patterson,2120,14
LaDarius Henderson,Jawhar Jordan,2120,39
LaDarius Henderson,Jaylon Thomas,2120,89
LaDarius Henderson,John Metchie III,2120,23
LaDarius Henderson,Juice Scruggs,2120,5
LaDarius Henderson,Justin Watson,2120,24
LaDarius Henderson,Juwann Winfree,2120,40
LaDarius Henderson,Kedon Slovis,2120,51
LaDarius Henderson,Luke Lachey,2120,67
LaDarius Henderson,Quintez Cephus,2120,56
LaDarius Henderson,Tre' McKitty,2120,6
LaDarius Henderson,Woody Marks,2120,17
LaDarius Henderson,Xavier Johnson,2120,19
LaDarius Henderson,Zach Thomas,2120,43
LaJohntay Wester,Andrew Vorhees,0325,16
LaJohntay Wester,Anthony Miller,0325,24
LaJohntay Wester,Ben Cleveland,0325,40
LaJohntay Wester,Carson Vinson,0325,59
LaJohntay Wester,Charlie Kolar,0325,31
LaJohntay Wester,Cooper Rush,0325,49
LaJohntay Wester,Corey Bullock,0325,38
LaJohntay Wester,D'Ernest Johnson,0325,42
LaJohntay Wester,Daniel Faalele,0325,16
LaJohntay Wester,Darrian Dalcourt,0325,24
LaJohntay Wester,Dayton Wade,0325,20
LaJohntay Wester,Devin Leary,0325,26
LaJohntay Wester,Devontez Walker,0325,64
LaJohntay Wester,Garrett Dellinger,0325,38
LaJohntay Wester,Gerad Lichtenhan,0325,37
LaJohntay Wester,Jared Penning,0325,16
LaJohntay Wester,Joe Noteboom,0325,38
LaJohntay Wester,Keith Kirkwood,0325,10
LaJohntay Wester,Lucas Scott,0325,18
LaJohntay Wester,Nick Samac,0325,37
LaJohntay Wester,Rasheen Ali,0325,33
LaJohntay Wester,Roger Rosengarten,0325,16
LaJohntay Wester,Scotty Washington,0325,23
LaJohntay Wester,Tylan Wallace,0325,6
LaJohntay Wester,Zaire Mitchell-Paden,0325,29
LaMareon James,Adin Huntington,1050,14
LaMareon James,Charlie Thomas,1050,12
LaMareon James,Chris Edmonds,1050,23
LaMareon James,Damontae Kazee,1050,1
LaMareon James,Dom Jones,1050,2
LaMareon James,Donovan McMillon,1050,23
LaMareon James,Easton Mascarenas-Arnold,1050,23
LaMareon James,Jowon Briggs,1050,6
LaMareon James,Julian Okwara,1050,13
LaMareon James,KJ Henry,1050,23
LaMareon James,Keenan Isaac,1050,21
LaMareon James,Marvin Moody,1050,1
LaMareon James,Nathaniel Watson,1050,10
LaMareon James,Nik Needham,1050,22
LaMareon James,Ralph Holley,1050,19
LaMareon James,Sam Kamara,1050,7
LaMareon James,Titus Leo,1050,10
Ladarius Tennison,Alex Johnson,2200,29
Ladarius Tennison,BJ Mayes,2200,29
Ladarius Tennison,Daniel Scott,2200,33
Ladarius Tennison,Desmond Little,2200,24
Ladarius Tennison,Devonta Davis,2200,18
Ladarius Tennison,Duke Shelley,2200,5
Ladarius Tennison,Durell Nchami,2200,12
Ladarius Tennison,Eric Johnson,2200,17
Ladarius Tennison,Isaiah Land,2200,11
Ladarius Tennison,JT Tuimoloau,2200,5
Ladarius Tennison,Jacob Phillips,2200,11
Ladarius Tennison,Jake Chaney,2200,10
Ladarius Tennison,Joseph Vaughn,2200,10
Ladarius Tennison,Josh Tupou,2200,13
Ladarius Tennison,Marcus Haynes,2200,16
Ladarius Tennison,Segun Olubi,2200,18
Ladarius Tennison,Solomon DeShields,2200,19
Ladarius Tennison,Tim Smith,2200,20
Ladarius Tennison,Tre Herndon,2200,5
Ladarius Tennison,Trey Washington,2200,34
Ladd McConkey,Bradley Bozeman,4400,7
Ladd McConkey,Jamaree Salyer,4400,7
Ladd McConkey,Joe Alt,4400,7
Ladd McConkey,Justin Herbert,4400,7
Ladd McConkey,KeAndre Lambert-Smith,4400,4
Ladd McConkey,Keenan Allen,4400,5
Ladd McConkey,Omarion Hampton,4400,7
Ladd McConkey,Quentin Johnston,4400,3
Ladd McConkey,Scott Matlock,4400,2
Ladd McConkey,Trey Pipkins,4400,7
Ladd McConkey,Tyler Conklin,4400,4
Ladd McConkey,Will Dissly,4400,3
Ladd McConkey,Zion Johnson,4400,7
Laekin Vakalahi,Cameron Latu,3700,7
Laekin Vakalahi,Cameron Williams,3700,12
Laekin Vakalahi,E.J. Jenkins,3700,4
Laekin Vakalahi,Giles Jackson,3700,12
Laekin Vakalahi,Hollin Pierce,3700,12
Laekin Vakalahi,Ife Adeyi,3700,8
Laekin Vakalahi,Keilan Robinson,3700,7
Laekin Vakalahi,Kyle McCord,3700,12
Laekin Vakalahi,Myles Hinton,3700,12
Laekin Vakalahi,Nick Muse,3700,9
Laekin Vakalahi,ShunDerrick Powell,3700,5
Laekin Vakalahi,Taylor Morin,3700,8
Laekin Vakalahi,Trevor Keegan,3700,12
Laiatu Latu,Adetomiwa Adebawore,2200,11
Laiatu Latu,Alex Johnson,2200,1
Laiatu Latu,Cameron McGrone,2200,12
Laiatu Latu,Camryn Bynum,2200,9
Laiatu Latu,Charvarius Ward,2200,9
Laiatu Latu,Chris Lammons,2200,13
Laiatu Latu,Daniel Scott,2200,6
Laiatu Latu,DeForest Buckner,2200,8
Laiatu Latu,Duke Shelley,2200,6
Laiatu Latu,Eric Johnson,2200,2
Laiatu Latu,Grover Stewart,2200,5
Laiatu Latu,Hunter Wohler,2200,10
Laiatu Latu,JT Tuimoloau,2200,2
Laiatu Latu,Joe Bachie,2200,16
Laiatu Latu,Johnathan Edwards,2200,10
Laiatu Latu,Kwity Paye,2200,1
Laiatu Latu,Neville Gallimore,2200,6
Laiatu Latu,Rodney Thomas,2200,11
Laiatu Latu,Samuel Womack,2200,7
Laiatu Latu,Tyquan Lewis,2200,15
Laken Tomlinson,Aireontae Ersery,2120,23
Laken Tomlinson,Blake Fisher,2120,23
Laken Tomlinson,Braxton Berrios,2120,1
Laken Tomlinson,C.J. Stroud,2120,13
Laken Tomlinson,Cade Stover,2120,13
Laken Tomlinson,Christian Kirk,2120,9
Laken Tomlinson,Dalton Schultz,2120,17
Laken Tomlinson,Dare Ogunbowale,2120,2
Laken Tomlinson,Davis Mills,2120,10
Laken Tomlinson,Ed Ingram,2120,23
Laken Tomlinson,Jake Andrews,2120,23
Laken Tomlinson,Jakob Johnson,2120,3
Laken Tomlinson,Jawhar Jordan,2120,2
Laken Tomlinson,Jayden Higgins,2120,10
Laken Tomlinson,Jaylin Noel,2120,7
Laken Tomlinson,John Metchie III,2120,2
Laken Tomlinson,Justin Watson,2120,2
Laken Tomlinson,Nick Chubb,2120,11
Laken Tomlinson,Nico Collins,2120,11
Laken Tomlinson,Woody Marks,2120,8
Laken Tomlinson,Xavier Hutchinson,2120,17
Laki Tasi,Albert Okwuegbunam,2520,17
Laki Tasi,Atonio Mafi,2520,11
Laki Tasi,Cam Miller,2520,27
Laki Tasi,Carter Runyon,2520,2
Laki Tasi,Chris Collier,2520,11
Laki Tasi,Collin Johnson,2520,4
Laki Tasi,Dalton Wagner,2520,27
Laki Tasi,Dylan Laube,2520,15
Laki Tasi,Gottlieb Ayedze,2520,16
Laki Tasi,Jarrod Hufford,2520,27
Laki Tasi,Justin Shorter,2520,19
Laki Tasi,Kawaan Baker,2520,3
Laki Tasi,Ketron Jackson Jr.,2520,14
Laki Tasi,Marquez Callaway,2520,4
Laki Tasi,Parker Clements,2520,27
Laki Tasi,Phillip Dorsett,2520,12
Laki Tasi,Qadir Ismail,2520,8
Laki Tasi,Shedrick Jackson,2520,14
Laki Tasi,Sincere McCormick,2520,1
Laki Tasi,Tommy Mellott,2520,11
Lamar Jackson,Arnold Ebiketie,0200,24
Lamar Jackson,Billy Bowman Jr.,0200,26
Lamar Jackson,Bralen Trice,0200,19
Lamar Jackson,Brandon Dorlus,0200,27
Lamar Jackson,C.J. Henderson,0200,5
Lamar Jackson,Caleb Johnson,0200,47
Lamar Jackson,Cobee Bryant,0200,32
Lamar Jackson,DeAngelo Malone,0200,80
Lamar Jackson,DeMarcco Hellams,0200,15
Lamar Jackson,Dee Alford,0200,34
Lamar Jackson,Dontae Manning,0200,34
Lamar Jackson,Henry Black,0200,47
Lamar Jackson,JD Bertrand,0200,18
Lamar Jackson,Jalon Walker,0200,16
Lamar Jackson,James Pearce Jr.,0200,48
Lamar Jackson,Jordan Fuller,0200,40
Lamar Jackson,Josh Thompson,0200,57
Lamar Jackson,Josh Woods,0200,45
Lamar Jackson,Keith Taylor,0200,20
Lamar Jackson,Kentavius Street,0200,47
Lamar Jackson,Khalid Kareem,0200,30
Lamar Jackson,LaCale London,0200,39
Lamar Jackson,Mike Ford,0200,45
Lamar Jackson,Morgan Fox,0200,35
Lamar Jackson,Natrone Brooks,0200,48
Lamar Jackson,Nick Kubitz,0200,36
Lamar Jackson,Ronnie Harrison,0200,49
Lamar Jackson,Ronnie Perkins,0200,20
Lamar Jackson,Ruke Orhorhoro,0200,48
Lamar Jackson,Simeon Barrow Jr.,0200,36
Lamar Jackson,Ta'Quon Graham,0200,15
Lamar Jackson,Xavier Watts,0200,42
Lamar Jackson,Zach Harrison,0200,36
Lan Larison,Alec Lindstrom,3200,13
Lan Larison,Ben Brown,3200,8
Lan Larison,Ben Wooldridge,3200,13
Lan Larison,CJ Dippre,3200,8
Lan Larison,Cole Fotheringham,3200,11
Lan Larison,Cole Strange,3200,8
Lan Larison,Demontrey Jacobs,3200,20
Lan Larison,Efton Chism III,3200,15
Lan Larison,Garrett Bradbury,3200,1
Lan Larison,Gee Scott Jr.,3200,7
Lan Larison,Ja'Lynn Polk,3200,2
Lan Larison,Jack Conley,3200,13
Lan Larison,Jack Westover,3200,2
Lan Larison,Javon Baker,3200,9
Lan Larison,Jeremiah Webb,3200,11
Lan Larison,John Jiles,3200,11
Lan Larison,Joshua Dobbs,3200,8
Lan Larison,Kyle Williams,3200,8
Lan Larison,Layden Robinson,3200,13
Lan Larison,Marcus Bryant,3200,9
Lan Larison,Mehki Butler,3200,13
Lan Larison,Tyrese Robinson,3200,7
Lance Dixon,A.J. Woods,3700,12
Lance Dixon,Andre' Sam,3700,34
Lance Dixon,Antwaun Powell-Ryland,3700,33
Lance Dixon,Brandon Johnson,3700,9
Lance Dixon,Byron Young,3700,15
Lance Dixon,Dallas Gant,3700,40
Lance Dixon,Eli Ricks,3700,30
Lance Dixon,Gabe Hall,3700,24
Lance Dixon,Jacob Sykes,3700,29
Lance Dixon,Jakorian Bennett,3700,23
Lance Dixon,Joe Evans,3700,21
Lance Dixon,Justin Rogers,3700,4
Lance Dixon,Lewis Cine,3700,24
Lance Dixon,Mac McWilliams,3700,36
Lance Dixon,Maxen Hook,3700,23
Lance Dixon,Ochaun Mathis,3700,49
Lance Dixon,Ogbo Okoronkwo,3700,14
Lance Dixon,Parry Nickerson,3700,38
Lance Dixon,Patrick Johnson,3700,18
Lance Dixon,Smael Mondon Jr.,3700,17
Lance Dixon,Tariq Castro-Fields,3700,13
Lance Dixon,Tristin McCollum,3700,33
Lance Dixon,Ty Robinson,3700,31
Lance McCutcheon,Aiden Williams,3900,18
Lance McCutcheon,Andrus Peat,3900,33
Lance McCutcheon,Ben Skowronek,3900,1
Lance McCutcheon,Brandon Johnson,3900,4
Lance McCutcheon,Broderick Jones,3900,13
Lance McCutcheon,Connor Heyward,3900,17
Lance McCutcheon,Darnell Washington,3900,9
Lance McCutcheon,Doug Nester,3900,47
Lance McCutcheon,Dylan Cook,3900,50
Lance McCutcheon,Evan Hull,3900,12
Lance McCutcheon,Gareth Warren,3900,9
Lance McCutcheon,JJ Galbreath,3900,51
Lance McCutcheon,Jaylen Warren,3900,3
Lance McCutcheon,Julian Pearl,3900,12
Lance McCutcheon,Kaleb Johnson,3900,24
Lance McCutcheon,Ke'Shawn Williams,3900,23
Lance McCutcheon,Kenneth Gainwell,3900,2
Lance McCutcheon,Kevin Foelsch,3900,22
Lance McCutcheon,Lew Nichols III,3900,12
Lance McCutcheon,Logan Woodside,3900,17
Lance McCutcheon,Mason McCormick,3900,13
Lance McCutcheon,Mason Rudolph,3900,13
Lance McCutcheon,Max Hurleman,3900,27
Lance McCutcheon,Max Scharping,3900,61
Lance McCutcheon,Pat Freiermuth,3900,7
Lance McCutcheon,Robert Woods,3900,39
Lance McCutcheon,Roc Taylor,3900,3
Lance McCutcheon,Roman Wilson,3900,11
Lance McCutcheon,Ryan McCollum,3900,26
Lance McCutcheon,Scott Miller,3900,5
Lance McCutcheon,Skylar Thompson,3900,44
Lance McCutcheon,Spencer Anderson,3900,13
Lance McCutcheon,Steven Jones,3900,52
Lance McCutcheon,Trey Sermon,3900,21
Lance McCutcheon,Troy Fautanu,3900,13
Lance McCutcheon,Zach Frazier,3900,13
Lance Robinson,Bralyn Lux,0920,70
Lance Robinson,Craig Young,0920,67
Lance Robinson,Daijahn Anthony,0920,8
Lance Robinson,Eric Gregory,0920,46
Lance Robinson,Howard Cross III,0920,35
Lance Robinson,Isaiah Thomas,0920,66
Lance Robinson,Jaylen Key,0920,60
Lance Robinson,Joe Giles-Harris,0920,17
Lance Robinson,Maema Njongmeta,0920,77
Lance Robinson,McKinnley Jackson,0920,45
Lance Robinson,McTelvin Agim,0920,31
Lance Robinson,Nate Brooks,0920,77
Lance Robinson,PJ Jules,0920,29
Lance Robinson,Raymond Johnson III,0920,60
Lance Robinson,Shaka Heyward,0920,1
Lance Robinson,Shaquan Loyal,0920,57
Lance Robinson,Taven Bryan,0920,24
Landon Jackson,A.J. Epenesa,0610,13
Landon Jackson,Brandon Codrington,0610,32
Landon Jackson,Cam Lewis,0610,1
Landon Jackson,Casey Rogers,0610,13
Landon Jackson,Cole Bishop,0610,13
Landon Jackson,Daequan Hardy,0610,30
Landon Jackson,Damar Hamlin,0610,19
Landon Jackson,Dane Jackson,0610,54
Landon Jackson,Darrick Forrest,0610,37
Landon Jackson,DeWayne Carter,0610,18
Landon Jackson,Deone Walker,0610,45
Landon Jackson,Dorian Strong,0610,53
Landon Jackson,Dorian Williams,0610,38
Landon Jackson,Edefuan Ulofoshio,0610,24
Landon Jackson,Garnett Hollis Jr.,0610,2
Landon Jackson,Ja'Marcus Ingram,0610,31
Landon Jackson,Javon Solomon,0610,26
Landon Jackson,Jimmy Ciarlo,0610,17
Landon Jackson,Joe Andreessen,0610,55
Landon Jackson,Jordan Hancock,0610,42
Landon Jackson,Keonta Jenkins,0610,22
Landon Jackson,Larry Ogunjobi,0610,15
Landon Jackson,Marcus Harris,0610,10
Landon Jackson,Michael Hoecht,0610,37
Landon Jackson,T.J. Sanders,0610,41
Landon Jackson,Te'Cory Couch,0610,17
Landon Jackson,Tre Herndon,0610,34
Landon Jackson,Wande Owens,0610,8
Landon Jackson,Zion Logue,0610,10
Landon Jackson,Zy Alexander,0610,3
Landon Parker,Ajou Ajou,2200,24
Landon Parker,Blake Freeland,2200,13
Landon Parker,Coleman Owen,2200,34
Landon Parker,Jason Bean,2200,25
Landon Parker,Jelani Woods,2200,24
Landon Parker,Josh Sills,2200,26
Landon Parker,Khalil Herbert,2200,4
Landon Parker,Luke Tenuta,2200,26
Landon Parker,Marcellus Johnson,2200,26
Landon Parker,Marshall Foerner,2200,26
Landon Parker,Maximilian Mang,2200,3
Landon Parker,Mose Vavao,2200,39
Landon Parker,Nate Noel,2200,4
Landon Parker,Nay'Quan Wright,2200,9
Landon Parker,Riley Leonard,2200,14
Landon Parker,Sean McKeon,2200,15
Landon Parker,Tyler Kahmann,2200,17
Landon Parker,Ulysses Bentley IV,2200,22
Landon Parker,Wesley French,2200,39
Landon Young,Alvin Kamara,3300,1
Landon Young,Barry Wesley,3300,27
Landon Young,Brandin Cooks,3300,11
Landon Young,Cam Akers,3300,9
Landon Young,Cedrick Wilson Jr.,3300,16
Landon Young,Cesar Ruiz,3300,16
Landon Young,Chris Olave,3300,14
Landon Young,Clyde Edwards-Helaire,3300,12
Landon Young,Dante Pettis,3300,21
Landon Young,Devin Neal,3300,5
Landon Young,Dillon Radunz,3300,16
Landon Young,Easton Kilty,3300,34
Landon Young,Erik McCoy,3300,14
Landon Young,Jack Stoll,3300,9
Landon Young,Jonathan Mendoza,3300,9
Landon Young,Juwan Johnson,3300,12
Landon Young,Kelvin Banks Jr.,3300,14
Landon Young,Kendre Miller,3300,9
Landon Young,Kevin Austin Jr.,3300,34
Landon Young,Marcus Yarns,3300,4
Landon Young,Mason Tipton,3300,28
Landon Young,Michael Jacobson,3300,16
Landon Young,Moliki Matavao,3300,20
Landon Young,Rashid Shaheed,3300,14
Landon Young,Shane Lemieux,3300,34
Landon Young,Spencer Rattler,3300,43
Landon Young,Torricelli Simpkins III,3300,36
Landon Young,Treyton Welch,3300,4
Landon Young,Tyler Shough,3300,7
Landon Young,Velus Jones Jr.,3300,11
Laquon Treadwell,Adonai Mitchell,2200,14
Laquon Treadwell,Andrew Ogletree,2200,11
Laquon Treadwell,Anthony Gould,2200,24
Laquon Treadwell,Blake Freeland,2200,23
Laquon Treadwell,Blayne Taylor,2200,29
Laquon Treadwell,Braden Smith,2200,1
Laquon Treadwell,Coleman Owen,2200,24
Laquon Treadwell,D.J. Montgomery,2200,23
Laquon Treadwell,DJ Giddens,2200,15
Laquon Treadwell,Dalton Tucker,2200,56
Laquon Treadwell,Daniel Jones,2200,1
Laquon Treadwell,Danny Pinter,2200,31
Laquon Treadwell,Jalen Travis,2200,61
Laquon Treadwell,Jelani Woods,2200,29
Laquon Treadwell,Josh Sills,2200,46
Laquon Treadwell,Khalil Herbert,2200,17
Laquon Treadwell,Luke Tenuta,2200,49
Laquon Treadwell,Marcellus Johnson,2200,4
Laquon Treadwell,Matt Goncalves,2200,15
Laquon Treadwell,Michael Pittman,2200,1
Laquon Treadwell,Mose Vavao,2200,22
Laquon Treadwell,Quenton Nelson,2200,1
Laquon Treadwell,Riley Leonard,2200,66
Laquon Treadwell,Sean McKeon,2200,2
Laquon Treadwell,Tanor Bortolini,2200,1
Laquon Treadwell,Tyler Warren,2200,1
Laquon Treadwell,Ulysses Bentley IV,2200,35
Laquon Treadwell,Wesley French,2200,25
Laquon Treadwell,Will Mallory,2200,43
Larrell Murchison,A.J. Green,2510,21
Larrell Murchison,Brennan Jackson,2510,25
Larrell Murchison,Cam Lampkin,2510,27
Larrell Murchison,Charles Woods,2510,20
Larrell Murchison,Derion Kendrick,2510,19
Larrell Murchison,Desjuan Johnson,2510,8
Larrell Murchison,Elias Neal,2510,11
Larrell Murchison,Jack Heflin,2510,13
Larrell Murchison,Jamil Muhammad,2510,2
Larrell Murchison,Josaiah Stewart,2510,8
Larrell Murchison,Josh Pearcy,2510,11
Larrell Murchison,Josh Wallace,2510,19
Larrell Murchison,Keir Thomas,2510,14
Larrell Murchison,Malik Dixon-Williams,2510,18
Larrell Murchison,Nate Valcarcel,2510,18
Larrell Murchison,Nick Hampton,2510,28
Larrell Murchison,Pooh Paul Jr.,2510,31
Larrell Murchison,Shaun Dolac,2510,32
Larrell Murchison,Shaun Jolly,2510,29
Larrell Murchison,Tanner Ingle,2510,35
Larrell Murchison,Tony Fields II,2510,12
Larrell Murchison,Ty Hamilton,2510,39
Larry Borom,Aaron Brewer,2700,28
Larry Borom,Alexander Mattison,2700,3
Larry Borom,Andrew Armstrong,2700,1
Larry Borom,Daniel Brunskill,2700,31
Larry Borom,De'Von Achane,2700,8
Larry Borom,Dee Eskridge,2700,40
Larry Borom,Erik Ezukanma,2700,23
Larry Borom,Germain Ifedi,2700,6
Larry Borom,Jackson Carman,2700,18
Larry Borom,James Daniels,2700,28
Larry Borom,Jaylen Waddle,2700,5
Larry Borom,Jaylen Wright,2700,35
Larry Borom,Jonah Savaiinaea,2700,59
Larry Borom,Julian Hill,2700,20
Larry Borom,Kion Smith,2700,31
Larry Borom,Malik Washington,2700,17
Larry Borom,Nick Westbrook-Ikhine,2700,32
Larry Borom,Ollie Gordon II,2700,13
Larry Borom,Patrick Paul,2700,35
Larry Borom,Pharaoh Brown,2700,31
Larry Borom,Tahj Washington,2700,19
Larry Borom,Tanner Conner,2700,36
Larry Borom,Tarik Black,2700,12
Larry Borom,Tua Tagovailoa,2700,28
Larry Borom,Zach Wilson,2700,31
Larry Ogunjobi,A.J. Epenesa,0610,21
Larry Ogunjobi,Cam Lewis,0610,12
Larry Ogunjobi,Christian Benford,0610,6
Larry Ogunjobi,Cole Bishop,0610,4
Larry Ogunjobi,Daequan Hardy,0610,19
Larry Ogunjobi,Damar Hamlin,0610,16
Larry Ogunjobi,Dane Jackson,0610,32
Larry Ogunjobi,Darrick Forrest,0610,24
Larry Ogunjobi,DeWayne Carter,0610,36
Larry Ogunjobi,Deone Walker,0610,4
Larry Ogunjobi,Dorian Strong,0610,21
Larry Ogunjobi,Dorian Williams,0610,8
Larry Ogunjobi,Edefuan Ulofoshio,0610,6
Larry Ogunjobi,Garnett Hollis Jr.,0610,2
Larry Ogunjobi,Ja'Marcus Ingram,0610,10
Larry Ogunjobi,Javon Solomon,0610,7
Larry Ogunjobi,Jimmy Ciarlo,0610,11
Larry Ogunjobi,Joe Andreessen,0610,37
Larry Ogunjobi,Jordan Hancock,0610,8
Larry Ogunjobi,Keonta Jenkins,0610,12
Larry Ogunjobi,Landon Jackson,0610,15
Larry Ogunjobi,Matt Milano,0610,6
Larry Ogunjobi,Michael Hoecht,0610,36
Larry Ogunjobi,Nelson Ceaser,0610,1
Larry Ogunjobi,Taron Johnson,0610,5
Larry Ogunjobi,Te'Cory Couch,0610,16
Larry Ogunjobi,Tre Herndon,0610,15
Larry Ogunjobi,Tre'Davious White,0610,6
Larry Ogunjobi,Wande Owens,0610,1
Larry Ogunjobi,Zy Alexander,0610,3
Lathan Ransom,Akayleb Evans,0750,44
Lathan Ransom,Bam Martin-Scott,0750,32
Lathan Ransom,Bobby Brown III,0750,7
Lathan Ransom,Cam Jackson,0750,22
Lathan Ransom,Carlos Basham,0750,28
Lathan Ransom,Claudin Cherelus,0750,14
Lathan Ransom,Corey Thornton,0750,37
Lathan Ransom,DJ Johnson,0750,10
Lathan Ransom,Demani Richardson,0750,64
Lathan Ransom,Isaac Gifford,0750,17
Lathan Ransom,J.J. Weaver,0750,8
Lathan Ransom,JaTravis Broughton,0750,2
Lathan Ransom,Jack Henderson,0750,2
Lathan Ransom,Jacoby Windmon,0750,24
Lathan Ransom,Jaden Crumedy,0750,42
Lathan Ransom,Jared Harrison-Hunte,0750,34
Lathan Ransom,Jon Rhattigan,0750,18
Lathan Ransom,Krys Barnes,0750,50
Lathan Ransom,Mello Dotson,0750,11
Lathan Ransom,Michael Reid,0750,18
Lathan Ransom,Nic Scourton,0750,5
Lathan Ransom,Nick Scott,0750,7
Lathan Ransom,Princely Umanmielen,0750,50
Lathan Ransom,Sam Roberts,0750,54
Lathan Ransom,Shemar Bartholomew,0750,35
Lathan Ransom,Shy Tuttle,0750,15
Lathan Ransom,Thomas Incoom,0750,51
Lathan Ransom,Tre Swilling,0750,38
Lathan Ransom,Trevian Thomas,0750,21
Laviska Shenault Jr.,Chase Lundt,0610,39
Laviska Shenault Jr.,Dan Feeney,0610,6
Laviska Shenault Jr.,Darrynton Evans,0610,2
Laviska Shenault Jr.,Deon Cain,0610,7
Laviska Shenault Jr.,Elijah Young,0610,19
Laviska Shenault Jr.,Frank Gore Jr.,0610,18
Laviska Shenault Jr.,Jackson Hawes,0610,3
Laviska Shenault Jr.,Jacob Bayer,0610,33
Laviska Shenault Jr.,Jalen Virgil,0610,9
Laviska Shenault Jr.,KJ Hamler,0610,15
Laviska Shenault Jr.,Keleki Latu,0610,19
Laviska Shenault Jr.,Kendrick Green,0610,6
Laviska Shenault Jr.,Kristian Wilkerson,0610,23
Laviska Shenault Jr.,Matt Sokol,0610,21
Laviska Shenault Jr.,Mike Edwards,0610,39
Laviska Shenault Jr.,Mike White,0610,6
Laviska Shenault Jr.,Mitchell Trubisky,0610,3
Laviska Shenault Jr.,Richard Gouraige,0610,39
Laviska Shenault Jr.,Rush Reimer,0610,23
Laviska Shenault Jr.,Ryan Van Demark,0610,3
Laviska Shenault Jr.,Shane Buechele,0610,30
Laviska Shenault Jr.,Stephen Gosnell,0610,9
Laviska Shenault Jr.,Travis Clayton,0610,7
Laviska Shenault Jr.,Zach Davidson,0610,11
Lawrance Toafili,Adrian Martinez,3430,21
Lawrance Toafili,Andrew Beck,3430,4
Lawrance Toafili,Arian Smith,3430,1
Lawrance Toafili,Brady Cook,3430,6
Lawrance Toafili,Carter Warren,3430,27
Lawrance Toafili,Dymere Miller,3430,14
Lawrance Toafili,Jamaal Pritchett,3430,15
Lawrance Toafili,Kohl Levao,3430,21
Lawrance Toafili,Leander Wiegand,3430,6
Lawrance Toafili,Liam Fornadel,3430,27
Lawrance Toafili,Malachi Corley,3430,3
Lawrance Toafili,Marquis Hayes,3430,27
Lawrance Toafili,Neal Johnson,3430,18
Lawrance Toafili,Pokey Wilson,3430,22
Lawrance Toafili,Quentin Skinner,3430,17
Lawrance Toafili,Samuel Jackson,3430,27
Lawrance Toafili,Zack Kuntz,3430,14
Lawrence Cager,Bobby Hart,5110,40
Lawrence Cager,Braylon Sanders,5110,16
Lawrence Cager,Chris Moore,5110,1
Lawrence Cager,Chris Paul,5110,17
Lawrence Cager,Chris Rodriguez Jr.,5110,7
Lawrence Cager,Cole Turner,5110,15
Lawrence Cager,Colson Yankoff,5110,5
Lawrence Cager,Demetric Felton,5110,17
Lawrence Cager,Foster Sarell,5110,37
Lawrence Cager,George Fant,5110,7
Lawrence Cager,Ja'Corey Brooks,5110,29
Lawrence Cager,Jacoby Jones,5110,14
Lawrence Cager,Jaylin Lane,5110,5
Lawrence Cager,Jeremy McNichols,5110,12
Lawrence Cager,Josh Johnson,5110,36
Lawrence Cager,Julian Good-Jones,5110,15
Lawrence Cager,K.J. Osborn,5110,9
Lawrence Cager,Kazmeir Allen,5110,14
Lawrence Cager,Lucas Niang,5110,3
Lawrence Cager,Luke McCaffrey,5110,7
Lawrence Cager,Michael Deiter,5110,40
Lawrence Cager,Michael Gallup,5110,13
Lawrence Cager,Mike Strachan,5110,5
Lawrence Cager,Nick Harris,5110,10
Lawrence Cager,Noah Brown,5110,6
Lawrence Cager,River Cracraft,5110,6
Lawrence Cager,Sam Hartman,5110,14
Lawrence Cager,Tay Martin,5110,19
Lawrence Cager,Timothy McKay,5110,23
Lawrence Cager,Trent Scott,5110,17
Lawrence Cager,Tyre Phillips,5110,41
Layden Robinson,Alec Lindstrom,3200,34
Layden Robinson,Ben Wooldridge,3200,34
Layden Robinson,CJ Dippre,3200,23
Layden Robinson,Caedan Wallace,3200,10
Layden Robinson,Cole Fotheringham,3200,20
Layden Robinson,Demontrey Jacobs,3200,30
Layden Robinson,Efton Chism III,3200,13
Layden Robinson,Gee Scott Jr.,3200,5
Layden Robinson,JaMycal Hasty,3200,6
Layden Robinson,Jack Conley,3200,34
Layden Robinson,Jack Westover,3200,3
Layden Robinson,Jaheim Bell,3200,3
Layden Robinson,Javon Baker,3200,11
Layden Robinson,Jeremiah Webb,3200,27
Layden Robinson,John Jiles,3200,25
Layden Robinson,Kyle Williams,3200,6
Layden Robinson,Lan Larison,3200,13
Layden Robinson,Marcus Bryant,3200,4
Layden Robinson,Mehki Butler,3200,24
Layden Robinson,Shane Watts,3200,4
Layden Robinson,Terrell Jennings,3200,11
LeQuint Allen Jr.,Austin Trammell,2250,16
LeQuint Allen Jr.,Cam Camper,2250,8
LeQuint Allen Jr.,Chandler Brayboy,2250,10
LeQuint Allen Jr.,Darius Lassiter,2250,11
LeQuint Allen Jr.,Dorian Singer,2250,19
LeQuint Allen Jr.,Eli Pancol,2250,8
LeQuint Allen Jr.,Fred Johnson,2250,18
LeQuint Allen Jr.,Hunter Long,2250,12
LeQuint Allen Jr.,Javon Foster,2250,18
LeQuint Allen Jr.,John Copenhaver,2250,1
LeQuint Allen Jr.,John Wolford,2250,4
LeQuint Allen Jr.,Johnny Mundt,2250,1
LeQuint Allen Jr.,Jonah Monheim,2250,36
LeQuint Allen Jr.,Joshua Cephus,2250,17
LeQuint Allen Jr.,Luke Fortner,2250,14
LeQuint Allen Jr.,Nick Mullens,2250,17
LeQuint Allen Jr.,Parker Washington,2250,1
LeQuint Allen Jr.,Patrick Herbert,2250,6
LeQuint Allen Jr.,Patrick Mekari,2250,4
LeQuint Allen Jr.,Quintin Morris,2250,15
LeQuint Allen Jr.,Ricky Lee,2250,30
LeQuint Allen Jr.,Sal Wormley,2250,35
LeQuint Allen Jr.,Seth Henigan,2250,15
LeQuint Allen Jr.,Shawn Bowman,2250,2
LeQuint Allen Jr.,Tremayne Anchrum,2250,22
LeQuint Allen Jr.,Trenton Irwin,2250,17
LeQuint Allen Jr.,Wyatt Milum,2250,3
Leander Wiegand,Andrew Beck,3430,7
Leander Wiegand,Brady Cook,3430,21
Leander Wiegand,Carter Warren,3430,21
Leander Wiegand,Donovan Edwards,3430,15
Leander Wiegand,Dymere Miller,3430,9
Leander Wiegand,Lawrance Toafili,3430,6
Leander Wiegand,Liam Fornadel,3430,21
Leander Wiegand,Malachi Corley,3430,13
Leander Wiegand,Marquis Hayes,3430,21
Leander Wiegand,Neal Johnson,3430,14
Leander Wiegand,Pokey Wilson,3430,21
Leander Wiegand,Quentin Skinner,3430,12
Leander Wiegand,Samuel Jackson,3430,21
Leander Wiegand,Zack Kuntz,3430,8
Lecitus Smith,Amar Johnson,1800,24
Lecitus Smith,Anthony Belton,1800,44
Lecitus Smith,Ben Sims,1800,21
Lecitus Smith,Brant Banks,1800,44
Lecitus Smith,Cornelius Johnson,1800,23
Lecitus Smith,Donovan Jennings,1800,21
Lecitus Smith,Emanuel Wilson,1800,5
Lecitus Smith,Isaiah Neyor,1800,35
Lecitus Smith,Israel Abanikanda,1800,20
Lecitus Smith,J.J. Lippe,1800,44
Lecitus Smith,Johnny Lumpkin,1800,28
Lecitus Smith,Julian Hicks,1800,30
Lecitus Smith,Kadeem Telfort,1800,42
Lecitus Smith,Kawaan Baker,1800,17
Lecitus Smith,Malik Heath,1800,5
Lecitus Smith,Mecole Hardman,1800,14
Lecitus Smith,Messiah Swinson,1800,48
Lecitus Smith,Sean Clifford,1800,31
Lecitus Smith,Taylor Elgersma,1800,34
Lecitus Smith,Trey Hill,1800,29
Lecitus Smith,Tyler Cooper,1800,36
Lecitus Smith,Tyrion Davis-Price,1800,16
Lecitus Smith,Will Sheppard,1800,39
Leki Fotu,Amari Gainer,2520,2
Leki Fotu,Andre Carter II,2520,4
Leki Fotu,Charles Snowden,2520,9
Leki Fotu,Chris Smith II,2520,1
Leki Fotu,Cody Lindenberg,2520,5
Leki Fotu,Darien Porter,2520,10
Leki Fotu,Decamerion Richardson,2520,11
Leki Fotu,Greedy Vance,2520,1
Leki Fotu,Hudson Clark,2520,6
Leki Fotu,Isaiah Pola-Mao,2520,8
Leki Fotu,JJ Pegues,2520,4
Leki Fotu,JT Woods,2520,1
Leki Fotu,Jah Joyner,2520,1
Leki Fotu,Jahfari Harvey,2520,1
Leki Fotu,Jamal Adams,2520,8
Leki Fotu,Jaylon Smith,2520,1
Leki Fotu,John Humphrey,2520,4
Leki Fotu,Jonah Laulu,2520,3
Leki Fotu,Malcolm Koonce,2520,4
Leki Fotu,Matt Jones,2520,7
Leki Fotu,Michael Barrett,2520,2
Leki Fotu,Sam Webb,2520,4
Leki Fotu,Terrell Edmunds,2520,9
Leki Fotu,Tommy Eichenberg,2520,10
Leki Fotu,Tonka Hemingway,2520,11
Leki Fotu,Treven Ma'ae,2520,2
Leki Fotu,Trey Taylor,2520,6
Leki Fotu,Tyree Wilson,2520,9
Leki Fotu,Zachary Carter,2520,6
Leo Chenal,Ashton Gillotte,2310,9
Leo Chenal,Bryan Cook,2310,41
Leo Chenal,Cam Jones,2310,1
Leo Chenal,Chamarri Conner,2310,41
Leo Chenal,Charles Omenihu,2310,24
Leo Chenal,Chris Jones,2310,16
Leo Chenal,Cole Christiansen,2310,7
Leo Chenal,George Karlaftis,2310,28
Leo Chenal,Jack Cochrane,2310,21
Leo Chenal,Jaden Hicks,2310,20
Leo Chenal,Jaylen Watson,2310,14
Leo Chenal,Jeffrey Bassa,2310,8
Leo Chenal,Jerry Tillery,2310,30
Leo Chenal,Kristian Fulton,2310,12
Leo Chenal,Marlon Tuipulotu,2310,8
Leo Chenal,Michael Danna,2310,24
Leo Chenal,Mike Pennel,2310,19
Leo Chenal,Nazeeh Johnson,2310,16
Leo Chenal,Nick Bolton,2310,25
Leo Chenal,Nohl Williams,2310,16
Leo Chenal,Omarr Norman-Lott,2310,5
Leo Chenal,Trent McDuffie,2310,25
Leonard Taylor III,Aaron Smith,3430,29
Leonard Taylor III,Andre Cisco,3430,8
Leonard Taylor III,Braiden McGregor,3430,34
Leonard Taylor III,Brandon Stephens,3430,8
Leonard Taylor III,Dean Clark,3430,51
Leonard Taylor III,Derrick Nnadi,3430,27
Leonard Taylor III,Eric Watts,3430,12
Leonard Taylor III,Francisco Mauigoa,3430,25
Leonard Taylor III,Isaiah Oliver,3430,25
Leonard Taylor III,Ja'Markis Weston n,3430,5
Leonard Taylor III,Jackson Sirmon,3430,17
Leonard Taylor III,Jamien Sherwood,3430,8
Leonard Taylor III,Jamin Davis,3430,11
Leonard Taylor III,Jarius Monroe,3430,21
Leonard Taylor III,Jarrick Bernard-Converse,3430,33
Leonard Taylor III,Jay Tufele,3430,4
Leonard Taylor III,Jordan Clark,3430,28
Leonard Taylor III,Kingsley Jonathan,3430,26
Leonard Taylor III,Malachi Moore,3430,33
Leonard Taylor III,Marcelino McCrary-Ball,3430,10
Leonard Taylor III,Mario Goodrich,3430,26
Leonard Taylor III,Michael Carter II,3430,5
Leonard Taylor III,Michael Fletcher,3430,17
Leonard Taylor III,Micheal Clemons,3430,7
Leonard Taylor III,Payton Page,3430,11
Leonard Taylor III,Phidarian Mathis,3430,23
Leonard Taylor III,Quincy Williams,3430,8
Leonard Taylor III,Qwan'tez Stiggers,3430,24
Leonard Taylor III,Rashad Weaver,3430,6
Leonard Taylor III,Ryan Cooper Jr.,3430,19
Leonard Taylor III,Sauce Gardner,3430,3
Leonard Taylor III,Tanner McCalister,3430,27
Leonard Taylor III,Tony Adams,3430,8
Leonard Taylor III,Tyler Baron,3430,33
Leonard Taylor III,Will McDonald IV,3430,1
Leonard Taylor III,Zaire Barnes,3430,37
Leroy Watson IV,Ben Yurosek,3000,17
Leroy Watson IV,Brett Rypien,3000,28
Leroy Watson IV,Bryson Nesbit,3000,54
Leroy Watson IV,Dontae Fleming,3000,18
Leroy Watson IV,Giovanni Ricci,3000,22
Leroy Watson IV,Henry Byrd,3000,23
Leroy Watson IV,Jeshaun Jones,3000,59
Leroy Watson IV,Joe Huber,3000,91
Leroy Watson IV,Logan Brown,3000,66
Leroy Watson IV,Lucky Jackson,3000,30
Leroy Watson IV,Max Brosmer,3000,63
Leroy Watson IV,Michael Gonzalez,3000,50
Leroy Watson IV,Michael Jurgens,3000,32
Leroy Watson IV,Myles Price,3000,37
Leroy Watson IV,Nick Vannett,3000,19
Leroy Watson IV,Silas Bolden,3000,11
Leroy Watson IV,Tai Felton,3000,14
Leroy Watson IV,Thayer Thomas,3000,34
Leroy Watson IV,Tim Jones,3000,49
Leroy Watson IV,Tre Stewart,3000,43
Leroy Watson IV,Vershon Lee,3000,85
Leroy Watson IV,Walter Rouse,3000,8
Leroy Watson IV,Xazavian Valladay,3000,8
Leroy Watson IV,Zavier Scott,3000,40
Leroy Watson IV,Zeke Correll,3000,9
Levelle Bailey,Brandon Jones,1400,10
Levelle Bailey,D.J. Jones,1400,7
Levelle Bailey,Damarri Mathis,1400,53
Levelle Bailey,Devon Key,1400,43
Levelle Bailey,Dondrea Tillman,1400,46
Levelle Bailey,Eyioma Uwazurike,1400,49
Levelle Bailey,JL Skinner,1400,21
Levelle Bailey,Ja'Quan McMillian,1400,8
Levelle Bailey,Jahdae Barron,1400,33
Levelle Bailey,John Franklin-Myers,1400,5
Levelle Bailey,Jonah Elliss,1400,43
Levelle Bailey,Jonathon Cooper,1400,10
Levelle Bailey,Jordan Jackson,1400,46
Levelle Bailey,Jordan Miller,1400,22
Levelle Bailey,Justin Strnad,1400,35
Levelle Bailey,Karene Reid,1400,30
Levelle Bailey,Keidron Smith,1400,21
Levelle Bailey,Kris Abrams-Draine,1400,60
Levelle Bailey,Kristian Williams,1400,9
Levelle Bailey,Malcolm Roach,1400,6
Levelle Bailey,Nik Bonitto,1400,10
Levelle Bailey,P.J. Locke,1400,43
Levelle Bailey,Pat Surtain II,1400,10
Levelle Bailey,Que Robinson,1400,39
Levelle Bailey,Quinton Newsome,1400,19
Levelle Bailey,Riley Moss,1400,10
Levelle Bailey,Sai'vion Jones,1400,35
Levelle Bailey,Talanoa Hufanga,1400,10
Levelle Bailey,Zach Allen,1400,7
Levi Drake Rodriguez,Ambry Thomas,3000,22
Levi Drake Rodriguez,Austin Keys,3000,17
Levi Drake Rodriguez,Bo Richter,3000,21
Levi Drake Rodriguez,Brian Asamoah,3000,12
Levi Drake Rodriguez,Cam Gill,3000,20
Levi Drake Rodriguez,Chaz Chambliss,3000,34
Levi Drake Rodriguez,Dallas Turner,3000,8
Levi Drake Rodriguez,Dorian Mausi,3000,19
Levi Drake Rodriguez,Dwight McGlothern,3000,23
Levi Drake Rodriguez,Elijah Williams,3000,13
Levi Drake Rodriguez,Eric Wilson,3000,9
Levi Drake Rodriguez,Gabriel Murphy,3000,20
Levi Drake Rodriguez,Gervarrius Owens,3000,13
Levi Drake Rodriguez,Isaiah Rodgers,3000,8
Levi Drake Rodriguez,Ivan Pace Jr.,3000,8
Levi Drake Rodriguez,Jalen Redmond,3000,18
Levi Drake Rodriguez,Jay Ward,3000,30
Levi Drake Rodriguez,Jeff Okudah,3000,10
Levi Drake Rodriguez,Jonathan Harris,3000,16
Levi Drake Rodriguez,Kahlef Hailassie,3000,21
Levi Drake Rodriguez,Keenan Garber,3000,3
Levi Drake Rodriguez,Kobe King,3000,27
Levi Drake Rodriguez,Mekhi Blackmon,3000,27
Levi Drake Rodriguez,Mishael Powell,3000,24
Levi Drake Rodriguez,Reddy Steward,3000,15
Levi Drake Rodriguez,Taki Taimani,3000,1
Levi Drake Rodriguez,Tavierre Thomas,3000,20
Levi Drake Rodriguez,Theo Jackson,3000,10
Levi Drake Rodriguez,Travis Bell,3000,10
Levi Drake Rodriguez,Tyler Batty,3000,4
Levi Drake Rodriguez,Tyrion Ingram-Dawkins,3000,27
Levi Drake Rodriguez,Zemaiah Vaughn,3000,30
Lew Nichols III,Aiden Williams,3900,11
Lew Nichols III,Andrus Peat,3900,2
Lew Nichols III,Brandon Johnson,3900,2
Lew Nichols III,Connor Heyward,3900,2
Lew Nichols III,Doug Nester,3900,22
Lew Nichols III,Dylan Cook,3900,21
Lew Nichols III,Gareth Warren,3900,9
Lew Nichols III,JJ Galbreath,3900,24
Lew Nichols III,Julian Pearl,3900,5
Lew Nichols III,Ke'Shawn Williams,3900,16
Lew Nichols III,Kevin Foelsch,3900,6
Lew Nichols III,Lance McCutcheon,3900,12
Lew Nichols III,Logan Woodside,3900,13
Lew Nichols III,Max Hurleman,3900,12
Lew Nichols III,Max Scharping,3900,24
Lew Nichols III,Robert Woods,3900,4
Lew Nichols III,Roc Taylor,3900,15
Lew Nichols III,Ryan McCollum,3900,7
Lew Nichols III,Skylar Thompson,3900,11
Lew Nichols III,Steven Jones,3900,22
Lewis Cine,A.J. Woods,3700,12
Lewis Cine,Andre' Sam,3700,1
Lewis Cine,Antwaun Powell-Ryland,3700,28
Lewis Cine,Brandon Johnson,3700,9
Lewis Cine,Chance Campbell,3700,5
Lewis Cine,Dallas Gant,3700,29
Lewis Cine,Eli Ricks,3700,16
Lewis Cine,Gabe Hall,3700,10
Lewis Cine,Jacob Sykes,3700,18
Lewis Cine,Jereme Robinson,3700,1
Lewis Cine,Joe Evans,3700,19
Lewis Cine,Justin Rogers,3700,1
Lewis Cine,Lance Dixon,3700,24
Lewis Cine,Mac McWilliams,3700,8
Lewis Cine,Maxen Hook,3700,28
Lewis Cine,Ochaun Mathis,3700,27
Lewis Cine,Ogbo Okoronkwo,3700,1
Lewis Cine,Parry Nickerson,3700,29
Lewis Cine,Patrick Johnson,3700,1
Lewis Cine,Tariq Castro-Fields,3700,13
Lewis Cine,Ty Robinson,3700,10
Liam Fornadel,Adrian Martinez,3430,55
Liam Fornadel,Andrew Beck,3430,19
Liam Fornadel,Arian Smith,3430,29
Liam Fornadel,Armand Membou,3430,10
Liam Fornadel,Brady Cook,3430,53
Liam Fornadel,Brandon Smith,3430,36
Liam Fornadel,Carter Warren,3430,92
Liam Fornadel,Chukwuma Okorafor,3430,6
Liam Fornadel,Donovan Edwards,3430,55
Liam Fornadel,Dymere Miller,3430,32
Liam Fornadel,Jamaal Pritchett,3430,39
Liam Fornadel,Jeremy Ruckert,3430,10
Liam Fornadel,Kene Nwangwu,3430,26
Liam Fornadel,Kohl Levao,3430,87
Liam Fornadel,Lawrance Toafili,3430,27
Liam Fornadel,Leander Wiegand,3430,21
Liam Fornadel,Malachi Corley,3430,34
Liam Fornadel,Marquis Hayes,3430,92
Liam Fornadel,Max Mitchell,3430,16
Liam Fornadel,Neal Johnson,3430,46
Liam Fornadel,Pokey Wilson,3430,52
Liam Fornadel,Quentin Skinner,3430,68
Liam Fornadel,Samuel Jackson,3430,92
Liam Fornadel,Stone Smartt,3430,17
Liam Fornadel,Xavier Newman-Johnson,3430,16
Liam Fornadel,Zack Kuntz,3430,50
Lil'Jordan Humphrey,Aaron Stinnie,3410,35
Lil'Jordan Humphrey,Antwane Wells Jr.,3410,18
Lil'Jordan Humphrey,Austin Schlottmann,3410,53
Lil'Jordan Humphrey,Beaux Collins,3410,4
Lil'Jordan Humphrey,Bryan Hudson,3410,29
Lil'Jordan Humphrey,Chris Manhertz,3410,6
Lil'Jordan Humphrey,Dalen Cambre,3410,15
Lil'Jordan Humphrey,Daniel Bellinger,3410,4
Lil'Jordan Humphrey,Dante Miller,3410,49
Lil'Jordan Humphrey,Devin Singletary,3410,8
Lil'Jordan Humphrey,Evan Neal,3410,27
Lil'Jordan Humphrey,Greg Dulcich,3410,39
Lil'Jordan Humphrey,Greg Van Roten,3410,9
Lil'Jordan Humphrey,Gunner Olszewski,3410,31
Lil'Jordan Humphrey,Ihmir Smith-Marsette,3410,3
Lil'Jordan Humphrey,Jaison Williams,3410,20
Lil'Jordan Humphrey,Jake Kubas,3410,58
Lil'Jordan Humphrey,Jameis Winston,3410,11
Lil'Jordan Humphrey,James Hudson,3410,9
Lil'Jordan Humphrey,Jaxson Dart,3410,50
Lil'Jordan Humphrey,Jermaine Eluemunor,3410,9
Lil'Jordan Humphrey,Jermaine Terry,3410,10
Lil'Jordan Humphrey,Jimmy Morrissey,3410,21
Lil'Jordan Humphrey,John Michael Schmitz,3410,9
Lil'Jordan Humphrey,Jon Runyan,3410,9
Lil'Jordan Humphrey,Jonathan Ward,3410,28
Lil'Jordan Humphrey,Jordan Bly,3410,9
Lil'Jordan Humphrey,Joshua Ezeudu,3410,42
Lil'Jordan Humphrey,Marcus Mbow,3410,60
Lil'Jordan Humphrey,Montrell Washington,3410,47
Lil'Jordan Humphrey,Russell Wilson,3410,9
Lil'Jordan Humphrey,Stone Forsythe,3410,60
Lil'Jordan Humphrey,Theo Johnson,3410,8
Lil'Jordan Humphrey,Thomas Fidone II,3410,36
Lil'Jordan Humphrey,Tommy DeVito,3410,20
Lil'Jordan Humphrey,Tyrone Tracy Jr.,3410,5
Lil'Jordan Humphrey,Wan'Dale Robinson,3410,6
Lil'Jordan Humphrey,Zach Pascal,3410,34
Logan Brown,Ben Yurosek,3000,17
Logan Brown,Brett Rypien,3000,23
Logan Brown,Bryson Nesbit,3000,42
Logan Brown,Dontae Fleming,3000,45
Logan Brown,Giovanni Ricci,3000,31
Logan Brown,Jeshaun Jones,3000,44
Logan Brown,Joe Huber,3000,93
Logan Brown,Leroy Watson IV,3000,66
Logan Brown,Lucky Jackson,3000,24
Logan Brown,Max Brosmer,3000,70
Logan Brown,Michael Gonzalez,3000,77
Logan Brown,Michael Jurgens,3000,9
Logan Brown,Myles Price,3000,50
Logan Brown,Nick Vannett,3000,26
Logan Brown,Robert Lewis,3000,15
Logan Brown,Silas Bolden,3000,22
Logan Brown,Thayer Thomas,3000,22
Logan Brown,Tim Jones,3000,34
Logan Brown,Tre Stewart,3000,49
Logan Brown,Vershon Lee,3000,93
Logan Brown,Xazavian Valladay,3000,26
Logan Brown,Zack Bailey,3000,27
Logan Brown,Zavier Scott,3000,18
Logan Brown,Zeke Correll,3000,7
Logan Hall,Calijah Kancey,4900,2
Logan Hall,Christian Izien,4900,2
Logan Hall,Deion Jones,4900,2
Logan Hall,Haason Reddick,4900,2
Logan Hall,Jamel Dean,4900,2
Logan Hall,SirVocea Dennis,4900,2
Logan Hall,Tykee Smith,4900,2
Logan Hall,Vita Vea,4900,2
Logan Hall,Yaya Diaby,4900,2
Logan Hall,Zyon McCollum,4900,2
Logan Lee,Beanie Bishop Jr.,3900,12
Logan Lee,Brandin Echols,3900,17
Logan Lee,Carson Bruener,3900,19
Logan Lee,Chuck Clark,3900,10
Logan Lee,Cole Holcomb,3900,15
Logan Lee,D'Shawn Jamison,3900,17
Logan Lee,Daniel Ekuale,3900,3
Logan Lee,Daryl Porter,3900,17
Logan Lee,DeMarvin Leal,3900,25
Logan Lee,Devin Harper,3900,5
Logan Lee,Domenique Davis,3900,9
Logan Lee,Eku Leota,3900,16
Logan Lee,Esezi Otomewo,3900,9
Logan Lee,Jack Sawyer,3900,24
Logan Lee,James Pierre,3900,20
Logan Lee,Julius Welschof,3900,15
Logan Lee,Kam Alexander,3900,11
Logan Lee,Kenny Willekes,3900,8
Logan Lee,Kyler Baugh,3900,6
Logan Lee,Kyler McMichael,3900,13
Logan Lee,Malik Harrison,3900,20
Logan Lee,Mark Robinson,3900,29
Logan Lee,Mikey Victor,3900,17
Logan Lee,Miles Killebrew,3900,17
Logan Lee,Quindell Johnson,3900,27
Logan Lee,Sebastian Castro,3900,34
Logan Lee,Yahya Black,3900,25
Logan Wilson,Cam Taylor-Britt,0920,7
Logan Wilson,DJ Turner II,0920,14
Logan Wilson,Daijahn Anthony,0920,13
Logan Wilson,Daxton Hill,0920,7
Logan Wilson,Demetrius Knight Jr.,0920,21
Logan Wilson,Geno Stone,0920,4
Logan Wilson,Jalen Davis,0920,8
Logan Wilson,Jordan Battle,0920,21
Logan Wilson,Joseph Ossai,0920,21
Logan Wilson,Josh Newton,0920,20
Logan Wilson,Kris Jenkins,0920,21
Logan Wilson,Myles Murphy,0920,14
Logan Wilson,Oren Burks,0920,7
Logan Wilson,Shemar Stewart,0920,8
Logan Wilson,Tedarrell Slaton,0920,20
Logan Wilson,Tycen Anderson,0920,4
Logan Woodside,Aiden Williams,3900,3
Logan Woodside,Andrus Peat,3900,3
Logan Woodside,Brandon Johnson,3900,3
Logan Woodside,Doug Nester,3900,30
Logan Woodside,Dylan Cook,3900,20
Logan Woodside,Evan Hull,3900,12
Logan Woodside,Gareth Warren,3900,18
Logan Woodside,JJ Galbreath,3900,30
Logan Woodside,Julian Pearl,3900,12
Logan Woodside,Ke'Shawn Williams,3900,21
Logan Woodside,Kevin Foelsch,3900,14
Logan Woodside,Lance McCutcheon,3900,17
Logan Woodside,Lew Nichols III,3900,13
Logan Woodside,Max Hurleman,3900,13
Logan Woodside,Max Scharping,3900,30
Logan Woodside,Robert Woods,3900,6
Logan Woodside,Roc Taylor,3900,13
Logan Woodside,Ryan McCollum,3900,12
Logan Woodside,Steven Jones,3900,25
Logan Woodside,Trey Sermon,3900,5
Loren Strickland,Ahmed Hassanein,1540,17
Loren Strickland,Al-Quadin Muhammad,1540,13
Loren Strickland,Allan George,1540,28
Loren Strickland,Anthony Pittman,1540,66
Loren Strickland,Avonte Maddox,1540,15
Loren Strickland,Brodric Martin,1540,38
Loren Strickland,Chris Smith,1540,40
Loren Strickland,D.J. Miller,1540,33
Loren Strickland,DaRon Gilbert,1540,50
Loren Strickland,Dicaprio Bootle,1540,10
Loren Strickland,Ennis Rakestraw Jr.,1540,25
Loren Strickland,Erick Hallett,1540,48
Loren Strickland,Ezekiel Turner,1540,40
Loren Strickland,Grant Stuard,1540,15
Loren Strickland,Ian Kennelly,1540,45
Loren Strickland,Isaac Ukwu,1540,54
Loren Strickland,Keith Cooper,1540,65
Loren Strickland,Luq Barcoo,1540,13
Loren Strickland,Mitchell Agude,1540,35
Loren Strickland,Morice Norris Jr.,1540,19
Loren Strickland,Myles Adams,1540,62
Loren Strickland,Nate Lynn,1540,43
Loren Strickland,Nick Whiteside,1540,45
Loren Strickland,Pat O'Connor,1540,13
Loren Strickland,Raequan Williams,1540,4
Loren Strickland,Rock Ya-Sin,1540,15
Loren Strickland,Trevor Nowaske,1540,42
Loren Strickland,Tyson Russell,1540,52
Loren Strickland,Zach Cunningham,1540,15
Lorenz Metz,Ben Scott,4900,19
Lorenz Metz,Benjamin Chukwuma,4900,5
Lorenz Metz,Connor Bazelak,4900,19
Lorenz Metz,Devin Culp,4900,7
Lorenz Metz,Elijah Klein,4900,14
Lorenz Metz,Garrett Greene,4900,16
Lorenz Metz,Jacob Harris,4900,4
Lorenz Metz,Jase McClellan,4900,9
Lorenz Metz,Kameron Johnson,4900,15
Lorenz Metz,Mike Jordan,4900,5
Lorenz Metz,Owen Wright,4900,10
Lorenz Metz,Rakim Jarrett,4900,16
Lorenz Metz,Ryan Miller,4900,2
Lorenz Metz,Sua Opeta,4900,19
Lorenz Metz,Tanner Taula,4900,13
Lorenz Metz,Trey Palmer,4900,3
Lorenz Metz,Tyler McLellan,4900,14
Lorenzo Thompson,Ahmani Marshall,1050,29
Lorenzo Thompson,Brenden Bates,1050,24
Lorenzo Thompson,Bucky Williams,1050,60
Lorenzo Thompson,Cade McDonald,1050,64
Lorenzo Thompson,Chase Cota,1050,25
Lorenzo Thompson,Dartanyan Tinsley,1050,31
Lorenzo Thompson,Gage Larvadain,1050,49
Lorenzo Thompson,Jackson Barton,1050,14
Lorenzo Thompson,Jason Ivey,1050,66
Lorenzo Thompson,Javion Cohen,1050,41
Lorenzo Thompson,Kaden Davis,1050,21
Lorenzo Thompson,Kilian Zierer,1050,33
Lorenzo Thompson,Kisean Johnson,1050,42
Lorenzo Thompson,Luke Floriea,1050,8
Lorenzo Thompson,Luke Wypler,1050,14
Lorenzo Thompson,Mitch Van Vooren,1050,1
Lorenzo Thompson,Mitchell Van Vooren,1050,4
Lorenzo Thompson,Pierre Strong,1050,13
Lorenzo Thompson,Roy Mbaeteka,1050,3
Lorenzo Thompson,Sal Cannella,1050,59
Lorenzo Thompson,Sebastian Gutierrez,1050,32
Lorenzo Thompson,Shedeur Sanders,1050,32
Lorenzo Thompson,Teven Jenkins,1050,2
Lorenzo Thompson,Toa Taua,1050,15
Lorenzo Thompson,Trayveon Williams,1050,16
Lorenzo Thompson,Tyler Huntley,1050,42
Lucas Krull,A.T. Perry,1400,2
Lucas Krull,Adam Prentice,1400,6
Lucas Krull,Adam Trautman,1400,1
Lucas Krull,Alex Forsyth,1400,74
Lucas Krull,Alex Palczewski,1400,62
Lucas Krull,Audric EstimÃ©,1400,8
Lucas Krull,Ben Powers,1400,1
Lucas Krull,Blake Watson,1400,26
Lucas Krull,Bo Nix,1400,1
Lucas Krull,Caden Prieskorn,1400,19
Lucas Krull,Caleb Lohner,1400,3
Lucas Krull,Calvin Throckmorton,1400,62
Lucas Krull,Clay Webb,1400,3
Lucas Krull,Courtland Sutton,1400,1
Lucas Krull,Devaughn Vele,1400,9
Lucas Krull,Evan Engram,1400,1
Lucas Krull,Frank Crum,1400,46
Lucas Krull,Garett Bolles,1400,1
Lucas Krull,Jaleel McLaughlin,1400,12
Lucas Krull,Jarrett Stidham,1400,45
Lucas Krull,Jerjuan Newton,1400,34
Lucas Krull,Joseph Michalski,1400,3
Lucas Krull,Kyrese Rowan,1400,4
Lucas Krull,Luke Wattenberg,1400,1
Lucas Krull,Marques Cox,1400,3
Lucas Krull,Marvin Mims Jr.,1400,2
Lucas Krull,Matt Peart,1400,74
Lucas Krull,Michael Bandy,1400,33
Lucas Krull,Mike McGlinchey,1400,1
Lucas Krull,Nick Gargiulo,1400,31
Lucas Krull,Pat Bryant,1400,63
Lucas Krull,Quinn Meinerz,1400,1
Lucas Krull,RJ Harvey,1400,1
Lucas Krull,Sam Ehlinger,1400,32
Lucas Krull,Trent Sherfield,1400,23
Lucas Krull,Troy Franklin,1400,33
Lucas Krull,Tyler Badie,1400,31
Lucas Krull,Will Sherman,1400,24
Lucas Krull,Xavier Truss,1400,3
Lucas Niang,Bobby Hart,5110,5
Lucas Niang,Braylon Sanders,5110,2
Lucas Niang,Cole Turner,5110,2
Lucas Niang,Colson Yankoff,5110,2
Lucas Niang,Demetric Felton,5110,5
Lucas Niang,Foster Sarell,5110,5
Lucas Niang,Ja'Corey Brooks,5110,3
Lucas Niang,Jacoby Jones,5110,4
Lucas Niang,Josh Johnson,5110,5
Lucas Niang,Julian Good-Jones,5110,5
Lucas Niang,Lawrence Cager,5110,3
Lucas Niang,Michael Deiter,5110,5
Lucas Niang,Mike Strachan,5110,2
Lucas Niang,Noah Brown,5110,2
Lucas Patrick,Amarius Mims,0920,31
Lucas Patrick,Andrei Iosivas,0920,22
Lucas Patrick,Cam Grandy,0920,6
Lucas Patrick,Charlie Jones,0920,8
Lucas Patrick,Chase Brown,0920,19
Lucas Patrick,Drew Sample,0920,22
Lucas Patrick,Dylan Fairchild,0920,31
Lucas Patrick,Ja'Marr Chase,0920,24
Lucas Patrick,Joe Burrow,0920,31
Lucas Patrick,Mitchell Tinsley,0920,7
Lucas Patrick,Noah Fant,0920,10
Lucas Patrick,Orlando Brown,0920,31
Lucas Patrick,Samaje Perine,0920,7
Lucas Patrick,Tahj Brooks,0920,5
Lucas Patrick,Tanner Hudson,0920,5
Lucas Patrick,Ted Karras,0920,31
Lucas Patrick,Tee Higgins,0920,20
Lucas Scott,Andrew Vorhees,0325,14
Lucas Scott,Anthony Miller,0325,7
Lucas Scott,Baylor Cupp,0325,2
Lucas Scott,Ben Cleveland,0325,21
Lucas Scott,Carson Vinson,0325,54
Lucas Scott,Charlie Kolar,0325,19
Lucas Scott,Cooper Rush,0325,31
Lucas Scott,Corey Bullock,0325,33
Lucas Scott,D'Ernest Johnson,0325,29
Lucas Scott,Daniel Faalele,0325,14
Lucas Scott,Darrian Dalcourt,0325,20
Lucas Scott,Dayton Wade,0325,10
Lucas Scott,Devin Leary,0325,37
Lucas Scott,Devontez Walker,0325,27
Lucas Scott,Garrett Dellinger,0325,39
Lucas Scott,Gerad Lichtenhan,0325,37
Lucas Scott,Jahmal Banks,0325,20
Lucas Scott,Jared Penning,0325,28
Lucas Scott,Joe Noteboom,0325,33
Lucas Scott,Keaton Mitchell,0325,7
Lucas Scott,Keith Kirkwood,0325,13
Lucas Scott,LaJohntay Wester,0325,18
Lucas Scott,Malik Cunningham,0325,2
Lucas Scott,Myles Gaskin,0325,11
Lucas Scott,Nick Samac,0325,15
Lucas Scott,Rasheen Ali,0325,21
Lucas Scott,Reid Holskey,0325,20
Lucas Scott,Roger Rosengarten,0325,14
Lucas Scott,Scotty Washington,0325,10
Lucas Scott,Tylan Wallace,0325,6
Lucas Scott,Xavier Guillory,0325,19
Lucas Scott,Zaire Mitchell-Paden,0325,49
Lucky Jackson,Ben Yurosek,3000,34
Lucky Jackson,Blake Brandel,3000,32
Lucky Jackson,Brett Rypien,3000,22
Lucky Jackson,Brian O'Neill,3000,5
Lucky Jackson,Bryson Nesbit,3000,24
Lucky Jackson,Donovan Jackson,3000,5
Lucky Jackson,Giovanni Ricci,3000,26
Lucky Jackson,Henry Byrd,3000,51
Lucky Jackson,J.J. McCarthy,3000,5
Lucky Jackson,Jalen Nailor,3000,16
Lucky Jackson,Jeshaun Jones,3000,26
Lucky Jackson,Joe Huber,3000,75
Lucky Jackson,Jordan Addison,3000,5
Lucky Jackson,Jordan Mason,3000,5
Lucky Jackson,Josh Oliver,3000,1
Lucky Jackson,Justin Skule,3000,5
Lucky Jackson,Leroy Watson IV,3000,30
Lucky Jackson,Logan Brown,3000,24
Lucky Jackson,Max Brosmer,3000,16
Lucky Jackson,Michael Gonzalez,3000,24
Lucky Jackson,Michael Jurgens,3000,51
Lucky Jackson,Nick Vannett,3000,12
Lucky Jackson,Ryan Kelly,3000,5
Lucky Jackson,Sam Howell,3000,37
Lucky Jackson,T.J. Hockenson,3000,4
Lucky Jackson,Tai Felton,3000,42
Lucky Jackson,Thayer Thomas,3000,40
Lucky Jackson,Tim Jones,3000,10
Lucky Jackson,Tre Stewart,3000,4
Lucky Jackson,Ty Chandler,3000,21
Lucky Jackson,Vershon Lee,3000,43
Lucky Jackson,Walter Rouse,3000,45
Lucky Jackson,Will Fries,3000,5
Lucky Jackson,Xazavian Valladay,3000,8
Lucky Jackson,Zavier Scott,3000,42
Lukas Van Ness,Brenton Cox Jr.,1800,1
Lukas Van Ness,Carrington Valentine,1800,13
Lukas Van Ness,Colby Wooden,1800,4
Lukas Van Ness,Devonte Wyatt,1800,9
Lukas Van Ness,Edgerrin Cooper,1800,13
Lukas Van Ness,Evan Williams,1800,13
Lukas Van Ness,Isaiah McDuffie,1800,12
Lukas Van Ness,Isaiah Simmons,1800,4
Lukas Van Ness,Javon Bullard,1800,13
Lukas Van Ness,Karl Brooks,1800,4
Lukas Van Ness,Keisean Nixon,1800,13
Lukas Van Ness,Kenny Clark,1800,9
Lukas Van Ness,Kitan Oladapo,1800,3
Lukas Van Ness,Quay Walker,1800,4
Lukas Van Ness,Rashan Gary,1800,12
Lukas Van Ness,Zayne Anderson,1800,3
Luke Farrell,Austen Pleasants,4500,42
Luke Farrell,Ben Bartch,4500,9
Luke Farrell,Brayden Willis,4500,21
Luke Farrell,Brock Purdy,4500,2
Luke Farrell,Carter Bradley,4500,4
Luke Farrell,Colton McKivitz,4500,2
Luke Farrell,Connor Colby,4500,39
Luke Farrell,Corey Kiner,4500,3
Luke Farrell,Demarcus Robinson,4500,34
Luke Farrell,Dominick Puni,4500,2
Luke Farrell,Drake Nugent,4500,1
Luke Farrell,Drew Moss,4500,1
Luke Farrell,George Kittle,4500,2
Luke Farrell,Isaac Alarcon,4500,1
Luke Farrell,Isaac Guerendo,4500,9
Luke Farrell,Isaiah Hodgins,4500,6
Luke Farrell,Isaiah Prince,4500,5
Luke Farrell,Jake Brendel,4500,2
Luke Farrell,Jake Tonges,4500,20
Luke Farrell,Jeff Wilson,4500,12
Luke Farrell,Jordan Watkins,4500,9
Luke Farrell,Junior Bergen,4500,4
Luke Farrell,Ke'Shawn Vaughn,4500,13
Luke Farrell,Mac Jones,4500,35
Luke Farrell,Malik Turner,4500,1
Luke Farrell,Matt Hennessy,4500,46
Luke Farrell,Nick Zakelj,4500,47
Luke Farrell,Patrick Taylor,4500,12
Luke Farrell,Ricky Pearsall,4500,2
Luke Farrell,Robbie Chosen,4500,20
Luke Farrell,Russell Gage,4500,21
Luke Farrell,Skyy Moore,4500,4
Luke Farrell,Spencer Burford,4500,48
Luke Farrell,Tanner Mordecai,4500,8
Luke Farrell,Terique Owens,4500,3
Luke Felix-Fualalo,Amari Kight,4600,7
Luke Felix-Fualalo,Anthony Tyus III,4600,30
Luke Felix-Fualalo,Brady Russell,4600,12
Luke Felix-Fualalo,Bryce Cabeldue,4600,53
Luke Felix-Fualalo,Cody White,4600,19
Luke Felix-Fualalo,Damien Martinez,4600,4
Luke Felix-Fualalo,Federico Maranges,4600,46
Luke Felix-Fualalo,Jacardia Wright,4600,19
Luke Felix-Fualalo,Jalen Milroe,4600,53
Luke Felix-Fualalo,John Rhys Plumlee,4600,15
Luke Felix-Fualalo,Marshall Lang,4600,45
Luke Felix-Fualalo,Mason Richman,4600,53
Luke Felix-Fualalo,Michael Jerrell,4600,29
Luke Felix-Fualalo,Nick Kallerup,4600,33
Luke Felix-Fualalo,Ricky White III,4600,44
Luke Felix-Fualalo,Sataoa Laumea,4600,24
Luke Felix-Fualalo,Tyrone Broden,4600,44
Luke Floriea,Ahmani Marshall,1050,5
Luke Floriea,Brenden Bates,1050,4
Luke Floriea,Cade McDonald,1050,3
Luke Floriea,Chase Cota,1050,2
Luke Floriea,Cornelius Lucas,1050,4
Luke Floriea,Diontae Johnson,1050,3
Luke Floriea,Dylan Sampson,1050,1
Luke Floriea,Gage Larvadain,1050,9
Luke Floriea,Harold Fannin Jr.,1050,2
Luke Floriea,Jackson Barton,1050,12
Luke Floriea,Jamari Thrash,1050,4
Luke Floriea,Jason Ivey,1050,8
Luke Floriea,Javion Cohen,1050,12
Luke Floriea,Kaden Davis,1050,10
Luke Floriea,Lorenzo Thompson,1050,8
Luke Floriea,Luke Wypler,1050,12
Luke Floriea,Sal Cannella,1050,3
Luke Floriea,Shedeur Sanders,1050,12
Luke Floriea,Teven Jenkins,1050,4
Luke Floriea,Trayveon Williams,1050,2
Luke Fortner,Austin Trammell,2250,25
Luke Fortner,Bhayshul Tuten,2250,26
Luke Fortner,Cam Camper,2250,3
Luke Fortner,Dante Pettis,3300,6
Luke Fortner,Darius Lassiter,2250,7
Luke Fortner,Dorian Singer,2250,7
Luke Fortner,Eli Pancol,2250,7
Luke Fortner,Fred Johnson,2250,48
Luke Fortner,Hunter Long,2250,40
Luke Fortner,Jake Haener,3300,6
Luke Fortner,John Wolford,2250,10
Luke Fortner,Johnny Mundt,2250,7
Luke Fortner,Jonah Monheim,2250,55
Luke Fortner,Jonathan Mendoza,3300,6
Luke Fortner,Joshua Cephus,2250,41
Luke Fortner,Josiah Ezirim,3300,6
Luke Fortner,Kyle Hergel,3300,6
Luke Fortner,LeQuint Allen Jr.,2250,14
Luke Fortner,Marcus Yarns,3300,6
Luke Fortner,Mason Tipton,3300,1
Luke Fortner,Mike Panasiuk,3300,6
Luke Fortner,Moochie Dixon,3300,6
Luke Fortner,Nick Mullens,2250,45
Luke Fortner,Parker Washington,2250,22
Luke Fortner,Patrick Herbert,2250,10
Luke Fortner,Patrick Mekari,2250,12
Luke Fortner,Quintin Morris,2250,2
Luke Fortner,Ricky Lee,2250,15
Luke Fortner,Roderick Daniels Jr.,3300,5
Luke Fortner,Sal Wormley,2250,50
Luke Fortner,Seth Green,3300,6
Luke Fortner,Shawn Bowman,2250,7
Luke Fortner,Tank Bigsby,2250,15
Luke Fortner,Trenton Irwin,2250,42
Luke Fortner,Wyatt Milum,2250,40
Luke Gifford,Alfred Collins,4500,18
Luke Gifford,Bradlee Anae,4500,6
Luke Gifford,Bruce Hector,4500,1
Luke Gifford,Bryce Huff,4500,6
Luke Gifford,CJ West,4500,9
Luke Gifford,Chase Lucas,4500,1
Luke Gifford,Chazz Surratt,4500,12
Luke Gifford,Dallis Flowers,4500,27
Luke Gifford,Darrell Luter Jr.,4500,16
Luke Gifford,Dee Winters,4500,6
Luke Gifford,Deommodore Lenoir,4500,3
Luke Gifford,Derrick Canteen,4500,10
Luke Gifford,Evan Anderson,4500,8
Luke Gifford,Jalen Graham,4500,13
Luke Gifford,Jason Pinnock,4500,1
Luke Gifford,Jaylen Mahoney,4500,1
Luke Gifford,Jaylon Allen,4500,1
Luke Gifford,Ji'Ayir Brown,4500,17
Luke Gifford,Jonathan Garvin,4500,16
Luke Gifford,Jordan Elliott,4500,5
Luke Gifford,Kalia Davis,4500,9
Luke Gifford,Marques Sigle,4500,27
Luke Gifford,Nick Martin,4500,10
Luke Gifford,Renardo Green,4500,6
Luke Gifford,Robert Beal Jr.,4500,13
Luke Gifford,Sam Okuayinonu,4500,4
Luke Gifford,Sebastian Valdez,4500,8
Luke Gifford,Siran Neal,4500,1
Luke Gifford,Stone Blanton,4500,1
Luke Gifford,Tatum Bethune,4500,14
Luke Gifford,Trevis Gipson,4500,10
Luke Goedeke,Ben Bredeson,4900,19
Luke Goedeke,Bucky Irving,4900,18
Luke Goedeke,Cade Otton,4900,17
Luke Goedeke,Charlie Heck,4900,19
Luke Goedeke,Cody Mauch,4900,19
Luke Goedeke,Emeka Egbuka,4900,19
Luke Goedeke,Graham Barton,4900,19
Luke Goedeke,Jalen McMillan,4900,6
Luke Goedeke,Payne Durham,4900,4
Luke Goedeke,Ryan Miller,4900,3
Luke Goedeke,Sean Tucker,4900,1
Luke Goedeke,Sterling Shepard,4900,14
Luke Goedeke,Teddy Bridgewater,4900,19
Luke Goedeke,Tez Johnson,4900,13
Luke Grimm,Branson Taylor,4400,32
Luke Grimm,Brenden Rice,4400,42
Luke Grimm,Corey Stewart,4400,37
Luke Grimm,DJ Uiagalelei,4400,28
Luke Grimm,Dalevon Campbell,4400,50
Luke Grimm,David Sharpe,4400,28
Luke Grimm,Hassan Haskins,4400,4
Luke Grimm,JaQuae Jackson,4400,8
Luke Grimm,Jaylen Johnson,4400,3
Luke Grimm,Josh Kaltenberger,4400,55
Luke Grimm,Karsen Barnhart,4400,36
Luke Grimm,KeAndre Lambert-Smith,4400,3
Luke Grimm,Kimani Vidal,4400,3
Luke Grimm,Nash Jones,4400,46
Luke Grimm,Nyheim Hines,4400,24
Luke Grimm,Oronde Gadsden II,4400,14
Luke Grimm,Raheim Sanders,4400,24
Luke Grimm,Ryan Nelson,4400,41
Luke Grimm,Stevo Klotz,4400,36
Luke Grimm,Taylor Heinicke,4400,5
Luke Grimm,Thomas Yassmin,4400,3
Luke Grimm,Trey Lance,4400,22
Luke Grimm,Tucker Fisk,4400,6
Luke Haggard,Ben Scott,4900,55
Luke Haggard,Benjamin Chukwuma,4900,82
Luke Haggard,Charlie Heck,4900,15
Luke Haggard,Connor Bazelak,4900,20
Luke Haggard,Dennis Houston,4900,5
Luke Haggard,Devin Culp,4900,38
Luke Haggard,Elijah Klein,4900,97
Luke Haggard,Emeka Egbuka,4900,10
Luke Haggard,Garrett Greene,4900,20
Luke Haggard,Jacob Harris,4900,23
Luke Haggard,Jaden Smith,4900,11
Luke Haggard,Jake Majors,4900,20
Luke Haggard,Jalen McMillan,4900,9
Luke Haggard,Josh Williams,4900,33
Luke Haggard,Kameron Johnson,4900,9
Luke Haggard,Ko Kieft,4900,35
Luke Haggard,Kyle Trask,4900,87
Luke Haggard,Mike Jordan,4900,79
Luke Haggard,Owen Wright,4900,21
Luke Haggard,Payne Durham,4900,51
Luke Haggard,Rachaad White,4900,10
Luke Haggard,Raiqwon O'Neal,4900,22
Luke Haggard,Rakim Jarrett,4900,52
Luke Haggard,Ryan Miller,4900,76
Luke Haggard,Sean Tucker,4900,43
Luke Haggard,Sterling Shepard,4900,5
Luke Haggard,Tanner Taula,4900,13
Luke Haggard,Tez Johnson,4900,50
Luke Haggard,Trey Palmer,4900,21
Luke Haggard,Tyler McLellan,4900,58
Luke Kandra,Brady Christensen,0750,10
Luke Kandra,Brandon Walton,0750,61
Luke Kandra,Bryce Perkins,0750,29
Luke Kandra,Bryce Pierre,0750,36
Luke Kandra,Brycen Tremayne,0750,3
Luke Kandra,Cade Mays,0750,2
Luke Kandra,Chandler Zavala,0750,8
Luke Kandra,David Moore,0750,19
Luke Kandra,Dominique Dafney,0750,33
Luke Kandra,Emani Bailey,0750,24
Luke Kandra,Hunter Renfrow,0750,19
Luke Kandra,Ja'Seem Reed,0750,20
Luke Kandra,Jack Plummer,0750,42
Luke Kandra,Jacolby George,0750,30
Luke Kandra,James Mitchell,0750,12
Luke Kandra,Jarrett Kingston,0750,60
Luke Kandra,Jimmy Horn Jr.,0750,32
Luke Kandra,Kayron Lynch-Adams,0750,24
Luke Kandra,Kobe Hudson,0750,47
Luke Kandra,Michael Tarquin,0750,70
Luke Kandra,Raheem Blackshear,0750,23
Luke Kandra,Steven Losoya,0750,60
Luke Kandra,T.J. Luther,0750,31
Luke Kandra,Tyler Mabry,0750,2
Luke Kandra,Yosh Nijman,0750,13
Luke Lachey,Austin Deculus,2120,88
Luke Lachey,Blake Fisher,2120,9
Luke Lachey,Braxton Berrios,2120,11
Luke Lachey,British Brooks,2120,18
Luke Lachey,Conor McDermott,2120,25
Luke Lachey,Cornell Powell,2120,12
Luke Lachey,Dalton Keene,2120,6
Luke Lachey,Dameon Pierce,2120,6
Luke Lachey,Daniel Jackson,2120,32
Luke Lachey,Dare Ogunbowale,2120,2
Luke Lachey,Eli Cox,2120,53
Luke Lachey,Graham Mertz,2120,41
Luke Lachey,Harrison Bryant,2120,7
Luke Lachey,Irv Smith,2120,12
Luke Lachey,J.J. Taylor,2120,10
Luke Lachey,Jakob Johnson,2120,24
Luke Lachey,Jarrett Patterson,2120,35
Luke Lachey,Jawhar Jordan,2120,33
Luke Lachey,Jayden Higgins,2120,11
Luke Lachey,Jaylin Noel,2120,3
Luke Lachey,Jaylon Thomas,2120,83
Luke Lachey,John Metchie III,2120,28
Luke Lachey,Juice Scruggs,2120,26
Luke Lachey,Justin Watson,2120,27
Luke Lachey,Juwann Winfree,2120,20
Luke Lachey,Kedon Slovis,2120,47
Luke Lachey,LaDarius Henderson,2120,67
Luke Lachey,Quintez Cephus,2120,36
Luke Lachey,Tre' McKitty,2120,6
Luke Lachey,Woody Marks,2120,19
Luke Lachey,Xavier Hutchinson,2120,6
Luke Lachey,Xavier Johnson,2120,23
Luke Lachey,Zach Thomas,2120,54
Luke McCaffrey,Andrew Wylie,5110,7
Luke McCaffrey,Ben Sinnott,5110,35
Luke McCaffrey,Bobby Hart,5110,23
Luke McCaffrey,Brandon Coleman,5110,9
Luke McCaffrey,Chris Moore,5110,23
Luke McCaffrey,Chris Paul,5110,42
Luke McCaffrey,Chris Rodriguez Jr.,5110,15
Luke McCaffrey,Cole Turner,5110,7
Luke McCaffrey,Colson Yankoff,5110,10
Luke McCaffrey,Deebo Samuel Sr.,5110,4
Luke McCaffrey,Foster Sarell,5110,20
Luke McCaffrey,George Fant,5110,8
Luke McCaffrey,Ja'Corey Brooks,5110,15
Luke McCaffrey,Jacory Croskey-Merritt,5110,18
Luke McCaffrey,Jayden Daniels,5110,4
Luke McCaffrey,Jaylin Lane,5110,20
Luke McCaffrey,Jeremy McNichols,5110,24
Luke McCaffrey,John Bates,5110,7
Luke McCaffrey,Josh Conerly Jr.,5110,28
Luke McCaffrey,Josh Johnson,5110,9
Luke McCaffrey,Julian Good-Jones,5110,25
Luke McCaffrey,K.J. Osborn,5110,44
Luke McCaffrey,Kazmeir Allen,5110,2
Luke McCaffrey,Lawrence Cager,5110,7
Luke McCaffrey,Michael Deiter,5110,46
Luke McCaffrey,Nick Allegretti,5110,7
Luke McCaffrey,Sam Hartman,5110,46
Luke McCaffrey,Tay Martin,5110,5
Luke McCaffrey,Timothy McKay,5110,10
Luke McCaffrey,Trent Scott,5110,44
Luke McCaffrey,Tyler Biadasz,5110,7
Luke McCaffrey,Tyre Phillips,5110,19
Luke Musgrave,Aaron Banks,1800,7
Luke Musgrave,Anthony Belton,1800,2
Luke Musgrave,Chris Brooks,1800,9
Luke Musgrave,Donovan Jennings,1800,11
Luke Musgrave,Elgton Jenkins,1800,7
Luke Musgrave,Emanuel Wilson,1800,5
Luke Musgrave,Israel Abanikanda,1800,2
Luke Musgrave,Jacob Monk,1800,2
Luke Musgrave,John FitzPatrick,1800,5
Luke Musgrave,Jordan Love,1800,7
Luke Musgrave,Jordan Morgan,1800,18
Luke Musgrave,Josh Jacobs,1800,2
Luke Musgrave,Malik Heath,1800,8
Luke Musgrave,Malik Willis,1800,11
Luke Musgrave,Matthew Golden,1800,15
Luke Musgrave,Mecole Hardman,1800,2
Luke Musgrave,Rasheed Walker,1800,9
Luke Musgrave,Romeo Doubs,1800,15
Luke Musgrave,Sean Rhyan,1800,18
Luke Musgrave,Tucker Kraft,1800,9
Luke Musgrave,Zach Tom,1800,16
Luke Newman,Austin Reed,0810,8
Luke Newman,Braxton Jones,0810,59
Luke Newman,Brittain Brown,0810,34
Luke Newman,Caleb Williams,0810,39
Luke Newman,Case Keenum,0810,10
Luke Newman,Chris Glaser,0810,15
Luke Newman,Cole Kmet,0810,24
Luke Newman,Colston Loveland,0810,33
Luke Newman,D'Andre Swift,0810,18
Luke Newman,DJ Moore,0810,38
Luke Newman,Darnell Wright,0810,39
Luke Newman,Deion Hankins,0810,15
Luke Newman,Devin Duvernay,0810,12
Luke Newman,Drew Dalman,0810,39
Luke Newman,Durham Smythe,0810,46
Luke Newman,Ian Wheeler,0810,35
Luke Newman,JP Richardson,0810,14
Luke Newman,Jahdae Walker,0810,17
Luke Newman,Joel Wilson,0810,27
Luke Newman,John Jackson,0810,7
Luke Newman,Jonah Jackson,0810,39
Luke Newman,Jordan McFadden,0810,76
Luke Newman,Joshua Miles,0810,18
Luke Newman,Kyle Monangai,0810,22
Luke Newman,Luther Burden III,0810,66
Luke Newman,Maurice Alexander,0810,45
Luke Newman,Miles Boykin,0810,1
Luke Newman,Olamide Zaccheaus,0810,26
Luke Newman,Ozzy Trapilo,0810,61
Luke Newman,Ricky Stromberg,0810,19
Luke Newman,Rome Odunze,0810,39
Luke Newman,Royce Freeman,0810,1
Luke Newman,Ryan Bates,0810,72
Luke Newman,Samori Toure,0810,16
Luke Newman,Stephen Carlson,0810,37
Luke Newman,Theo Benedet,0810,83
Luke Newman,Thomas Gordon,0810,5
Luke Newman,Travis Homer,0810,5
Luke Newman,Tyler Scott,0810,67
Luke Newman,Tyson Bagent,0810,73
Luke Schoonmaker,Asim Richards,1200,5
Luke Schoonmaker,Brock Hoffman,1200,13
Luke Schoonmaker,Cooper Beebe,1200,11
Luke Schoonmaker,Deuce Vaughn,1200,9
Luke Schoonmaker,Hakeem Adeniji,1200,24
Luke Schoonmaker,Hunter Luepke,1200,5
Luke Schoonmaker,Jalen Cropper,1200,16
Luke Schoonmaker,Jalen Tolbert,1200,23
Luke Schoonmaker,Joe Milton III,1200,24
Luke Schoonmaker,John Stephens Jr.,1200,1
Luke Schoonmaker,Jonathan Mingo,1200,24
Luke Schoonmaker,Miles Sanders,1200,10
Luke Schoonmaker,Nathan Thomas,1200,19
Luke Schoonmaker,Phil Mafah,1200,5
Luke Schoonmaker,Rivaldo Fairweather,1200,1
Luke Schoonmaker,Ryan Flournoy,1200,1
Luke Schoonmaker,Saahdiq Charles,1200,13
Luke Schoonmaker,TJ Bass,1200,24
Luke Schoonmaker,Tyler Booker,1200,11
Luke Schoonmaker,Tyler Neville,1200,1
Luke Tenuta,Adonai Mitchell,2200,30
Luke Tenuta,Ajou Ajou,2200,24
Luke Tenuta,Andrew Ogletree,2200,21
Luke Tenuta,Anthony Gould,2200,39
Luke Tenuta,Anthony Richardson,2200,16
Luke Tenuta,Ashton Dulin,2200,16
Luke Tenuta,Blake Freeland,2200,23
Luke Tenuta,Blayne Taylor,2200,44
Luke Tenuta,Coleman Owen,2200,49
Luke Tenuta,D.J. Montgomery,2200,6
Luke Tenuta,DJ Giddens,2200,26
Luke Tenuta,Dalton Tucker,2200,55
Luke Tenuta,Danny Pinter,2200,14
Luke Tenuta,Jalen Travis,2200,70
Luke Tenuta,Jason Bean,2200,13
Luke Tenuta,Jelani Woods,2200,48
Luke Tenuta,Josh Sills,2200,57
Luke Tenuta,Khalil Herbert,2200,8
Luke Tenuta,Landon Parker,2200,26
Luke Tenuta,Laquon Treadwell,2200,49
Luke Tenuta,Marcellus Johnson,2200,17
Luke Tenuta,Marshall Foerner,2200,13
Luke Tenuta,Matt Goncalves,2200,30
Luke Tenuta,Maximilian Mang,2200,3
Luke Tenuta,Mose Vavao,2200,63
Luke Tenuta,Riley Leonard,2200,77
Luke Tenuta,Sean McKeon,2200,11
Luke Tenuta,Tanor Bortolini,2200,16
Luke Tenuta,Tyler Goodson,2200,4
Luke Tenuta,Tyler Kahmann,2200,17
Luke Tenuta,Ulysses Bentley IV,2200,68
Luke Tenuta,Wesley French,2200,66
Luke Tenuta,Will Mallory,2200,41
Luke Wattenberg,Adam Prentice,1400,2
Luke Wattenberg,Adam Trautman,1400,19
Luke Wattenberg,Alex Palczewski,1400,1
Luke Wattenberg,Ben Powers,1400,37
Luke Wattenberg,Bo Nix,1400,37
Luke Wattenberg,Courtland Sutton,1400,35
Luke Wattenberg,Devaughn Vele,1400,8
Luke Wattenberg,Evan Engram,1400,23
Luke Wattenberg,Garett Bolles,1400,37
Luke Wattenberg,J.K. Dobbins,1400,6
Luke Wattenberg,Lucas Krull,1400,1
Luke Wattenberg,Marvin Mims Jr.,1400,34
Luke Wattenberg,Mike McGlinchey,1400,37
Luke Wattenberg,Pat Bryant,1400,2
Luke Wattenberg,Quinn Meinerz,1400,37
Luke Wattenberg,RJ Harvey,1400,22
Luke Wattenberg,Trent Sherfield,1400,3
Luke Wattenberg,Troy Franklin,1400,20
Luke Wattenberg,Tyler Badie,1400,9
Luke Wypler,Ahmani Marshall,1050,29
Luke Wypler,Blake Whiteheart,1050,33
Luke Wypler,Brenden Bates,1050,46
Luke Wypler,Cade McDonald,1050,10
Luke Wypler,Cedric Tillman,1050,13
Luke Wypler,Chase Cota,1050,3
Luke Wypler,Cornelius Lucas,1050,27
Luke Wypler,David Njoku,1050,6
Luke Wypler,Dawand Jones,1050,26
Luke Wypler,Dillon Gabriel,1050,46
Luke Wypler,Diontae Johnson,1050,54
Luke Wypler,Dylan Sampson,1050,9
Luke Wypler,Gage Larvadain,1050,36
Luke Wypler,Harold Fannin Jr.,1050,11
Luke Wypler,Isaiah Bond,1050,6
Luke Wypler,Jack Conklin,1050,2
Luke Wypler,Jackson Barton,1050,84
Luke Wypler,Jamari Thrash,1050,50
Luke Wypler,Jason Ivey,1050,33
Luke Wypler,Javion Cohen,1050,32
Luke Wypler,Jerome Ford,1050,2
Luke Wypler,Joe Flacco,1050,8
Luke Wypler,Kaden Davis,1050,60
Luke Wypler,Kisean Johnson,1050,1
Luke Wypler,Lorenzo Thompson,1050,14
Luke Wypler,Luke Floriea,1050,12
Luke Wypler,Pierre Strong,1050,34
Luke Wypler,Sal Cannella,1050,7
Luke Wypler,Shedeur Sanders,1050,32
Luke Wypler,Teven Jenkins,1050,64
Luke Wypler,Trayveon Williams,1050,8
Luke Wypler,Wyatt Teller,1050,8
Luke Wypler,Zak Zinter,1050,54
Luq Barcoo,Ahmed Hassanein,1540,1
Luq Barcoo,Al-Quadin Muhammad,1540,2
Luq Barcoo,Allan George,1540,3
Luq Barcoo,Anthony Pittman,1540,13
Luq Barcoo,Avonte Maddox,1540,2
Luq Barcoo,Brodric Martin,1540,5
Luq Barcoo,Chris Smith,1540,7
Luq Barcoo,D.J. Miller,1540,10
Luq Barcoo,DaRon Gilbert,1540,12
Luq Barcoo,Erick Hallett,1540,13
Luq Barcoo,Ezekiel Turner,1540,7
Luq Barcoo,Grant Stuard,1540,3
Luq Barcoo,Ian Kennelly,1540,4
Luq Barcoo,Isaac Ukwu,1540,10
Luq Barcoo,Keith Cooper,1540,12
Luq Barcoo,Loren Strickland,1540,13
Luq Barcoo,Mitchell Agude,1540,3
Luq Barcoo,Myles Adams,1540,7
Luq Barcoo,Nate Lynn,1540,15
Luq Barcoo,Nick Whiteside,1540,3
Luq Barcoo,Pat O'Connor,1540,2
Luq Barcoo,Rock Ya-Sin,1540,3
Luq Barcoo,Trevor Nowaske,1540,1
Luq Barcoo,Tyson Russell,1540,6
Luq Barcoo,Zach Cunningham,1540,3
Luther Burden III,Braxton Jones,0810,18
Luther Burden III,Brittain Brown,0810,28
Luther Burden III,Caleb Williams,0810,1
Luther Burden III,Chris Glaser,0810,18
Luther Burden III,Colston Loveland,0810,5
Luther Burden III,Darnell Wright,0810,1
Luther Burden III,Devin Duvernay,0810,9
Luther Burden III,Drew Dalman,0810,1
Luther Burden III,Durham Smythe,0810,41
Luther Burden III,Ian Wheeler,0810,19
Luther Burden III,Joel Wilson,0810,18
Luther Burden III,Jonah Jackson,0810,1
Luther Burden III,Jordan McFadden,0810,75
Luther Burden III,Kyle Monangai,0810,18
Luther Burden III,Luke Newman,0810,66
Luther Burden III,Maurice Alexander,0810,41
Luther Burden III,Miles Boykin,0810,3
Luther Burden III,Olamide Zaccheaus,0810,1
Luther Burden III,Ozzy Trapilo,0810,62
Luther Burden III,Ricky Stromberg,0810,1
Luther Burden III,Rome Odunze,0810,1
Luther Burden III,Royce Freeman,0810,10
Luther Burden III,Ryan Bates,0810,78
Luther Burden III,Samori Toure,0810,6
Luther Burden III,Stephen Carlson,0810,43
Luther Burden III,Theo Benedet,0810,79
Luther Burden III,Travis Homer,0810,5
Luther Burden III,Tyler Scott,0810,72
Luther Burden III,Tyson Bagent,0810,79
M.J. Stewart,Arthur Maulet,2120,10
M.J. Stewart,Azeez Al-Shaair,2120,9
M.J. Stewart,Calen Bullock,2120,9
M.J. Stewart,Casey Toohill,2120,30
M.J. Stewart,Christian Harris,2120,12
M.J. Stewart,D'Angelo Ross,2120,44
M.J. Stewart,Damon Arnette,2120,18
M.J. Stewart,Danielle Hunter,2120,7
M.J. Stewart,Darrell Taylor,2120,37
M.J. Stewart,Derek Barnett,2120,11
M.J. Stewart,Derek Stingley Jr.,2120,8
M.J. Stewart,Dylan Horton,2120,16
M.J. Stewart,E.J. Speed,2120,39
M.J. Stewart,Foley Fatukasi,2120,12
M.J. Stewart,Haggai Ndubuisi,2120,4
M.J. Stewart,Henry To'oTo'o,2120,15
M.J. Stewart,Jackson Woodard,2120,6
M.J. Stewart,Jake Hansen,2120,34
M.J. Stewart,Jalen Mills,2120,7
M.J. Stewart,Jalen Pitre,2120,9
M.J. Stewart,Jamal Hill,2120,18
M.J. Stewart,Jaylin Smith,2120,48
M.J. Stewart,Junior Tafuna,2120,26
M.J. Stewart,K.C. Ossai,2120,8
M.J. Stewart,Kamari Lassiter,2120,9
M.J. Stewart,Mario Edwards,2120,7
M.J. Stewart,Marlon Davidson,2120,23
M.J. Stewart,Myles Bryant,2120,29
M.J. Stewart,Nick Niemann,2120,33
M.J. Stewart,Russ Yeast,2120,58
M.J. Stewart,Sheldon Rankins,2120,7
M.J. Stewart,Solomon Byrd,2120,32
M.J. Stewart,Tim Settle,2120,31
M.J. Stewart,Tommy Togiai,2120,46
M.J. Stewart,Tremon Smith,2120,21
M.J. Stewart,Will Anderson Jr.,2120,7
MJ Devonshire,Adedayo Odeleye,0325,12
MJ Devonshire,Aeneas Peebles,0325,9
MJ Devonshire,Basil Okoye,0325,9
MJ Devonshire,Beau Brade,0325,23
MJ Devonshire,C.J. Ravenell,0325,11
MJ Devonshire,Chandler Martin,0325,26
MJ Devonshire,David Ojabo,0325,7
MJ Devonshire,Desmond Igbinosun,0325,16
MJ Devonshire,Jay Higgins,0325,26
MJ Devonshire,Jayson Jones,0325,11
MJ Devonshire,Kaimon Rucker,0325,22
MJ Devonshire,Keondre Jackson,0325,21
MJ Devonshire,Malik Hamm,0325,23
MJ Devonshire,Marquise Robinson,0325,26
MJ Devonshire,Reuben Lowery,0325,13
MJ Devonshire,Thomas Graham Jr.,0325,5
Maason Smith,Aydan White,2250,8
Maason Smith,BJ Green II,2250,8
Maason Smith,Branson Combs,2250,7
Maason Smith,Cam'Ron Silmon-Craig,2250,17
Maason Smith,Chad Muma,2250,17
Maason Smith,Danny Striggow,2250,6
Maason Smith,Deantre Prince,2250,9
Maason Smith,Dennis Gardeck,2250,3
Maason Smith,Doneiko Slaughter,2250,9
Maason Smith,Ethan Downs,2250,8
Maason Smith,Jabbar Muhammad,2250,14
Maason Smith,Jack Kiser,2250,10
Maason Smith,James Carpenter,2250,3
Maason Smith,Jordan Jefferson,2250,8
Maason Smith,Keivie Rose,2250,2
Maason Smith,Keni-H Lovely,2250,8
Maason Smith,Myles Cole,2250,9
Maason Smith,Rayuan Lane III,2250,17
Maason Smith,Tyler Lacy,2250,4
Maason Smith,Yasir Abdullah,2250,3
Mac Dalena,Bailey Zappe,2310,16
Mac Dalena,Brashard Smith,2310,9
Mac Dalena,C.J. Hanson,2310,23
Mac Dalena,Carson Steele,2310,6
Mac Dalena,Chris Oladokun,2310,7
Mac Dalena,Chukwuebuka Godrick,2310,15
Mac Dalena,Dalton Cooper,2310,7
Mac Dalena,Elijah Mitchell,2310,5
Mac Dalena,Elijah Young,2310,3
Mac Dalena,Elijhah Badger,2310,2
Mac Dalena,Esa Pole,2310,18
Mac Dalena,Geor'Quarius Spivey,2310,4
Mac Dalena,Hal Presley,2310,2
Mac Dalena,Hunter Nourzad,2310,16
Mac Dalena,Jared Wiley,2310,3
Mac Dalena,Jason Brownlee,2310,5
Mac Dalena,Jaylon Moore,2310,2
Mac Dalena,Jimmy Holiday,2310,23
Mac Dalena,Joey Lombard,2310,7
Mac Dalena,Key'Shawn Smith,2310,3
Mac Dalena,Mike Caliendo,2310,16
Mac Dalena,Nikko Remigio,2310,10
Mac Dalena,Robert Tonyan,2310,7
Mac Dalena,Tre Watson,2310,10
Mac Dalena,Wanya Morris,2310,11
Mac Jones,Austen Pleasants,4500,39
Mac Jones,Ben Bartch,4500,12
Mac Jones,Brayden Willis,4500,21
Mac Jones,Connor Colby,4500,35
Mac Jones,Corey Kiner,4500,5
Mac Jones,Demarcus Robinson,4500,28
Mac Jones,Isaiah Hodgins,4500,15
Mac Jones,Isaiah Prince,4500,8
Mac Jones,Jake Tonges,4500,23
Mac Jones,Jeff Wilson,4500,10
Mac Jones,Jordan Watkins,4500,12
Mac Jones,Junior Bergen,4500,4
Mac Jones,Ke'Shawn Vaughn,4500,19
Mac Jones,Luke Farrell,4500,35
Mac Jones,Matt Hennessy,4500,47
Mac Jones,Nick Zakelj,4500,47
Mac Jones,Patrick Taylor,4500,13
Mac Jones,Robbie Chosen,4500,14
Mac Jones,Russell Gage,4500,33
Mac Jones,Spencer Burford,4500,47
Mac Jones,Terique Owens,4500,3
Mac McWilliams,Adoree' Jackson,3700,14
Mac McWilliams,Andre' Sam,3700,92
Mac McWilliams,Andrew Mukuba,3700,1
Mac McWilliams,Antwaun Powell-Ryland,3700,32
Mac McWilliams,Azeez Ojulari,3700,33
Mac McWilliams,Brandon Johnson,3700,11
Mac McWilliams,Byron Young,3700,33
Mac McWilliams,Chance Campbell,3700,16
Mac McWilliams,Dallas Gant,3700,47
Mac McWilliams,Eli Ricks,3700,51
Mac McWilliams,Gabe Hall,3700,57
Mac McWilliams,Jacob Sykes,3700,51
Mac McWilliams,Jakorian Bennett,3700,46
Mac McWilliams,Jereme Robinson,3700,5
Mac McWilliams,Jeremiah Trotter Jr.,3700,31
Mac McWilliams,Jihaad Campbell,3700,14
Mac McWilliams,Joe Evans,3700,27
Mac McWilliams,Joshua Uche,3700,15
Mac McWilliams,Justin Rogers,3700,15
Mac McWilliams,Kelee Ringo,3700,20
Mac McWilliams,Lance Dixon,3700,36
Mac McWilliams,Lewis Cine,3700,8
Mac McWilliams,Maxen Hook,3700,19
Mac McWilliams,Ochaun Mathis,3700,50
Mac McWilliams,Ogbo Okoronkwo,3700,42
Mac McWilliams,Parry Nickerson,3700,49
Mac McWilliams,Patrick Johnson,3700,41
Mac McWilliams,Smael Mondon Jr.,3700,74
Mac McWilliams,Sydney Brown,3700,18
Mac McWilliams,Tristin McCollum,3700,80
Mac McWilliams,Ty Robinson,3700,62
Mack Hollins,Antonio Gibson,3200,4
Mack Hollins,Austin Hooper,3200,18
Mack Hollins,Ben Brown,3200,17
Mack Hollins,DeMario Douglas,3200,11
Mack Hollins,Drake Maye,3200,21
Mack Hollins,Garrett Bradbury,3200,14
Mack Hollins,Hunter Henry,3200,4
Mack Hollins,Jack Westover,3200,9
Mack Hollins,Jared Wilson,3200,11
Mack Hollins,Kayshon Boutte,3200,15
Mack Hollins,Kyle Williams,3200,5
Mack Hollins,Marcus Bryant,3200,21
Mack Hollins,Mike Onwenu,3200,21
Mack Hollins,Rhamondre Stevenson,3200,7
Mack Hollins,TreVeyon Henderson,3200,11
Mack Hollins,Will Campbell,3200,21
Mack Wilson,Akeem Davis-Gaither,3800,8
Mack Wilson,Baron Browning,3800,10
Mack Wilson,Budda Baker,3800,10
Mack Wilson,Dalvin Tomlinson,3800,5
Mack Wilson,Dante Stills,3800,6
Mack Wilson,Darius Robinson,3800,8
Mack Wilson,Garrett Williams,3800,10
Mack Wilson,Jalen Thompson,3800,10
Mack Wilson,L.J. Collier,3800,2
Mack Wilson,Max Melton,3800,10
Mack Wilson,PJ Mustipher,3800,1
Mack Wilson,Will Johnson,3800,10
Mack Wilson,Zaven Collins,3800,10
Maema Njongmeta,Bralyn Lux,0920,71
Maema Njongmeta,Craig Young,0920,67
Maema Njongmeta,D.J. Ivey,0920,11
Maema Njongmeta,Daijahn Anthony,0920,16
Maema Njongmeta,Eric Gregory,0920,54
Maema Njongmeta,Howard Cross III,0920,40
Maema Njongmeta,Isaiah Thomas,0920,77
Maema Njongmeta,Jalen Davis,0920,6
Maema Njongmeta,Jaylen Key,0920,63
Maema Njongmeta,Joe Giles-Harris,0920,28
Maema Njongmeta,Lance Robinson,0920,77
Maema Njongmeta,Marco Wilson,0920,4
Maema Njongmeta,McKinnley Jackson,0920,49
Maema Njongmeta,McTelvin Agim,0920,33
Maema Njongmeta,Nate Brooks,0920,80
Maema Njongmeta,PJ Jules,0920,38
Maema Njongmeta,Raymond Johnson III,0920,67
Maema Njongmeta,Shaka Heyward,0920,12
Maema Njongmeta,Shaquan Loyal,0920,59
Maema Njongmeta,Taven Bryan,0920,28
Major Burns,Amen Ogbongbemiga,0810,4
Major Burns,Austin Booker,0810,9
Major Burns,Carl Jones,0810,2
Major Burns,Chris Williams,0810,7
Major Burns,Daniel Hardy,0810,2
Major Burns,Dominique Robinson,0810,7
Major Burns,Jonathan Ford,0810,2
Major Burns,Jonathan Owens,0810,7
Major Burns,Josh Blackwell,0810,3
Major Burns,Noah Sewell,0810,7
Major Burns,Power Echols,0810,2
Major Burns,Ruben Hyppolite II,0810,7
Major Burns,Swayze Bozeman,0810,2
Major Burns,Terell Smith,0810,9
Major Burns,Tre Flowers,0810,9
Major Burns,Tysheem Johnson,0810,2
Major Burns,Zacch Pickens,0810,9
Major Williams,Ajani Carter,2310,18
Major Williams,Ashton Gillotte,2310,8
Major Williams,Azizi Hearn,2310,19
Major Williams,Brandon George,2310,30
Major Williams,Cam Jones,2310,11
Major Williams,Christian Roland-Wallace,2310,14
Major Williams,Cole Christiansen,2310,29
Major Williams,Cooper McDonald,2310,41
Major Williams,Coziah Izzard,2310,35
Major Williams,Fabien Lovett Sr.,2310,42
Major Williams,Felix Anudike-Uzomah,2310,15
Major Williams,Glendon Miller,2310,57
Major Williams,Jacobe Covington,2310,7
Major Williams,Janarius Robinson,2310,7
Major Williams,Jeffrey Bassa,2310,38
Major Williams,Jerry Tillery,2310,7
Major Williams,Joshua Williams,2310,30
Major Williams,Kevin Knowles,2310,29
Major Williams,Kristian Fulton,2310,18
Major Williams,Malik Herring,2310,64
Major Williams,Marlon Tuipulotu,2310,39
Major Williams,Melvin Smith Jr.,2310,23
Major Williams,Nate Matlack,2310,34
Major Williams,Nohl Williams,2310,20
Major Williams,Omarr Norman-Lott,2310,5
Makari Paige,Abdul Carter,3410,3
Makari Paige,Andru Phillips,3410,6
Makari Paige,Art Green,3410,32
Makari Paige,Chauncey Golston,3410,18
Makari Paige,Chris Board,3410,11
Makari Paige,Cordale Flott,3410,6
Makari Paige,Cory Durden,3410,39
Makari Paige,DJ Davidson,3410,31
Makari Paige,Darius Alexander,3410,36
Makari Paige,Dee Williams,3410,75
Makari Paige,Dyontae Johnson,3410,112
Makari Paige,Elijah Chatman,3410,24
Makari Paige,Elijah Garcia,3410,59
Makari Paige,Jeremiah Ledbetter,3410,49
Makari Paige,Jordon Riley,3410,42
Makari Paige,K'Von Wallace,3410,37
Makari Paige,K.J. Cloyd,3410,101
Makari Paige,Nic Jones,3410,83
Makari Paige,O'Donnell Fortune,3410,53
Makari Paige,Raheem Layne,3410,35
Makari Paige,TJ Moore,3410,78
Makari Paige,Tomon Fox,3410,95
Makari Paige,Trace Ford,3410,95
Malachi Corley,Adrian Martinez,3430,4
Malachi Corley,Allen Lazard,3430,3
Malachi Corley,Arian Smith,3430,23
Malachi Corley,Armand Membou,3430,14
Malachi Corley,Brady Cook,3430,48
Malachi Corley,Braelon Allen,3430,8
Malachi Corley,Brandon Smith,3430,33
Malachi Corley,Carter Warren,3430,30
Malachi Corley,Chukwuma Okorafor,3430,8
Malachi Corley,Donovan Edwards,3430,20
Malachi Corley,Dymere Miller,3430,8
Malachi Corley,Isaiah Davis,3430,6
Malachi Corley,Jeremy Ruckert,3430,14
Malachi Corley,Josh Myers,3430,6
Malachi Corley,Kene Nwangwu,3430,15
Malachi Corley,Kohl Levao,3430,39
Malachi Corley,Lawrance Toafili,3430,3
Malachi Corley,Leander Wiegand,3430,13
Malachi Corley,Liam Fornadel,3430,34
Malachi Corley,Marquis Hayes,3430,38
Malachi Corley,Max Mitchell,3430,26
Malachi Corley,Neal Johnson,3430,6
Malachi Corley,Pokey Wilson,3430,13
Malachi Corley,Quentin Skinner,3430,18
Malachi Corley,Samuel Jackson,3430,26
Malachi Corley,Stone Smartt,3430,25
Malachi Corley,Tyler Johnson,3430,6
Malachi Corley,Xavier Newman-Johnson,3430,26
Malachi Corley,Zack Kuntz,3430,7
Malachi Moore,Aaron Smith,3430,26
Malachi Moore,Braiden McGregor,3430,23
Malachi Moore,Dean Clark,3430,54
Malachi Moore,Derrick Nnadi,3430,33
Malachi Moore,Eric Watts,3430,35
Malachi Moore,Fatorma Mulbah,3430,10
Malachi Moore,Francisco Mauigoa,3430,46
Malachi Moore,Isaiah Oliver,3430,51
Malachi Moore,Jackson Sirmon,3430,2
Malachi Moore,Jamin Davis,3430,15
Malachi Moore,Jarius Monroe,3430,21
Malachi Moore,Jarrick Bernard-Converse,3430,50
Malachi Moore,Jay Tufele,3430,14
Malachi Moore,Jordan Clark,3430,18
Malachi Moore,Kingsley Jonathan,3430,22
Malachi Moore,Leonard Taylor III,3430,33
Malachi Moore,Marcelino McCrary-Ball,3430,26
Malachi Moore,Mario Goodrich,3430,1
Malachi Moore,Michael Carter II,3430,1
Malachi Moore,Michael Fletcher,3430,7
Malachi Moore,Payton Page,3430,28
Malachi Moore,Phidarian Mathis,3430,23
Malachi Moore,Qwan'tez Stiggers,3430,29
Malachi Moore,Rashad Weaver,3430,22
Malachi Moore,Ryan Cooper Jr.,3430,43
Malachi Moore,Tanner McCalister,3430,1
Malachi Moore,Tyler Baron,3430,38
Malachi Moore,Zaire Barnes,3430,48
Malaki Starks,Adisa Isaac,0325,7
Malaki Starks,Aeneas Peebles,0325,4
Malaki Starks,Basil Okoye,0325,1
Malaki Starks,Bilhal Kone,0325,6
Malaki Starks,Brent Urban,0325,10
Malaki Starks,C.J. Ravenell,0325,7
Malaki Starks,David Ojabo,0325,12
Malaki Starks,Jacob Hummel,0325,3
Malaki Starks,Jalyn Armour-Davis,0325,11
Malaki Starks,John Jenkins,0325,11
Malaki Starks,Keyon Martin,0325,5
Malaki Starks,Marquise Robinson,0325,1
Malaki Starks,Mike Green,0325,9
Malaki Starks,Sanoussi Kane,0325,14
Malaki Starks,T.J. Tampa,0325,14
Malaki Starks,Teddye Buchanan,0325,14
Malaki Starks,Trenton Simpson,0325,11
Malcolm Koonce,Adam Butler,2520,13
Malcolm Koonce,Charles Snowden,2520,4
Malcolm Koonce,Chris Smith II,2520,21
Malcolm Koonce,Cody Lindenberg,2520,3
Malcolm Koonce,Darien Porter,2520,35
Malcolm Koonce,Darnay Holmes,2520,3
Malcolm Koonce,Decamerion Richardson,2520,11
Malcolm Koonce,Devin White,2520,13
Malcolm Koonce,Elandon Roberts,2520,2
Malcolm Koonce,Eric Stokes,2520,19
Malcolm Koonce,Germaine Pratt,2520,11
Malcolm Koonce,Greedy Vance,2520,4
Malcolm Koonce,Isaiah Pola-Mao,2520,38
Malcolm Koonce,JJ Pegues,2520,1
Malcolm Koonce,Jamal Adams,2520,26
Malcolm Koonce,Jeremy Chinn,2520,11
Malcolm Koonce,Jonah Laulu,2520,17
Malcolm Koonce,Kyu Kelly,2520,11
Malcolm Koonce,Leki Fotu,2520,4
Malcolm Koonce,Matt Jones,2520,13
Malcolm Koonce,Maxx Crosby,2520,10
Malcolm Koonce,Terrell Edmunds,2520,15
Malcolm Koonce,Thomas Booker,2520,13
Malcolm Koonce,Thomas Harper,2520,1
Malcolm Koonce,Tommy Eichenberg,2520,25
Malcolm Koonce,Tonka Hemingway,2520,20
Malcolm Koonce,Tyree Wilson,2520,33
Malcolm Koonce,Zachary Carter,2520,3
Malcolm Roach,Alex Singleton,1400,7
Malcolm Roach,Brandon Jones,1400,11
Malcolm Roach,D.J. Jones,1400,6
Malcolm Roach,Devon Key,1400,2
Malcolm Roach,Dondrea Tillman,1400,3
Malcolm Roach,Eyioma Uwazurike,1400,3
Malcolm Roach,Ja'Quan McMillian,1400,7
Malcolm Roach,Jahdae Barron,1400,4
Malcolm Roach,John Franklin-Myers,1400,3
Malcolm Roach,Jonah Elliss,1400,8
Malcolm Roach,Jonathon Cooper,1400,11
Malcolm Roach,Jordan Jackson,1400,3
Malcolm Roach,Justin Strnad,1400,11
Malcolm Roach,Kris Abrams-Draine,1400,1
Malcolm Roach,Levelle Bailey,1400,6
Malcolm Roach,Nik Bonitto,1400,4
Malcolm Roach,P.J. Locke,1400,2
Malcolm Roach,Pat Surtain II,1400,11
Malcolm Roach,Riley Moss,1400,11
Malcolm Roach,Talanoa Hufanga,1400,11
Malcolm Roach,Zach Allen,1400,5
Maliek Collins,Alex Wright,1050,8
Maliek Collins,Cameron Mitchell,1050,8
Maliek Collins,Carson Schwesinger,1050,8
Maliek Collins,Devin Bush,1050,6
Maliek Collins,Dom Jones,1050,8
Maliek Collins,Grant Delpit,1050,8
Maliek Collins,Isaiah McGuire,1050,8
Maliek Collins,Jerome Baker,1050,1
Maliek Collins,Mason Graham,1050,8
Maliek Collins,Myles Harden,1050,7
Maliek Collins,Rayshawn Jenkins,1050,2
Maliek Collins,Ronnie Hickman Jr.,1050,8
Malik Cunningham,Anthony Miller,0325,13
Malik Cunningham,Baylor Cupp,0325,6
Malik Cunningham,Ben Cleveland,0325,3
Malik Cunningham,Carson Vinson,0325,32
Malik Cunningham,Charlie Kolar,0325,3
Malik Cunningham,Cooper Rush,0325,3
Malik Cunningham,D'Ernest Johnson,0325,18
Malik Cunningham,Darrian Dalcourt,0325,5
Malik Cunningham,Dayton Wade,0325,5
Malik Cunningham,Devin Leary,0325,29
Malik Cunningham,Devontez Walker,0325,2
Malik Cunningham,Garrett Dellinger,0325,32
Malik Cunningham,Gerad Lichtenhan,0325,32
Malik Cunningham,Jahmal Banks,0325,23
Malik Cunningham,Jared Penning,0325,24
Malik Cunningham,Keith Kirkwood,0325,7
Malik Cunningham,Lucas Scott,0325,2
Malik Cunningham,Myles Gaskin,0325,6
Malik Cunningham,Nick Samac,0325,17
Malik Cunningham,Rasheen Ali,0325,8
Malik Cunningham,Reid Holskey,0325,15
Malik Cunningham,Scotty Washington,0325,11
Malik Cunningham,Xavier Guillory,0325,12
Malik Cunningham,Zaire Mitchell-Paden,0325,12
Malik Davis,Ajani Cornelius,1200,12
Malik Davis,Asim Richards,1200,21
Malik Davis,Brock Hoffman,1200,24
Malik Davis,Geron Christian,1200,24
Malik Davis,Jalen Brooks,1200,17
Malik Davis,Jalen Cropper,1200,4
Malik Davis,Joe Milton III,1200,10
Malik Davis,Josh Kelly,1200,23
Malik Davis,La'el Collins,1200,12
Malik Davis,Nick Broeker,1200,9
Malik Davis,Princeton Fant,1200,1
Malik Davis,Rivaldo Fairweather,1200,8
Malik Davis,Ryan Flournoy,1200,4
Malik Davis,Saahdiq Charles,1200,3
Malik Davis,TJ Bass,1200,15
Malik Davis,Traeshon Holden,1200,24
Malik Davis,Tyler Neville,1200,15
Malik Davis,Will Grier,1200,14
Malik Dixon-Williams,A.J. Green,2510,28
Malik Dixon-Williams,Bill Norton,2510,47
Malik Dixon-Williams,Brennan Jackson,2510,69
Malik Dixon-Williams,Cam Lampkin,2510,85
Malik Dixon-Williams,Charles Woods,2510,57
Malik Dixon-Williams,Da'Jon Terry,2510,41
Malik Dixon-Williams,Decarius Hawthorne,2510,38
Malik Dixon-Williams,Derion Kendrick,2510,70
Malik Dixon-Williams,Desjuan Johnson,2510,61
Malik Dixon-Williams,Elias Neal,2510,58
Malik Dixon-Williams,Jack Heflin,2510,52
Malik Dixon-Williams,Jamil Muhammad,2510,47
Malik Dixon-Williams,Josh Pearcy,2510,48
Malik Dixon-Williams,Keir Thomas,2510,6
Malik Dixon-Williams,Larrell Murchison,2510,18
Malik Dixon-Williams,Nate Valcarcel,2510,69
Malik Dixon-Williams,Nick Hampton,2510,11
Malik Dixon-Williams,Pooh Paul Jr.,2510,57
Malik Dixon-Williams,Shaun Dolac,2510,33
Malik Dixon-Williams,Shaun Jolly,2510,58
Malik Dixon-Williams,Tanner Ingle,2510,42
Malik Dixon-Williams,Tony Fields II,2510,65
Malik Dixon-Williams,Ty Hamilton,2510,20
Malik Hamm,Adedayo Odeleye,0325,32
Malik Hamm,Aeneas Peebles,0325,39
Malik Hamm,Basil Okoye,0325,32
Malik Hamm,Beau Brade,0325,36
Malik Hamm,C.J. Ravenell,0325,34
Malik Hamm,Chandler Martin,0325,75
Malik Hamm,David Ojabo,0325,6
Malik Hamm,Desmond Igbinosun,0325,33
Malik Hamm,Jalyn Armour-Davis,0325,10
Malik Hamm,Jay Higgins,0325,74
Malik Hamm,Jayson Jones,0325,41
Malik Hamm,Kaimon Rucker,0325,74
Malik Hamm,Keondre Jackson,0325,60
Malik Hamm,Keyon Martin,0325,40
Malik Hamm,MJ Devonshire,0325,23
Malik Hamm,Marquise Robinson,0325,74
Malik Hamm,Mike Green,0325,2
Malik Hamm,Reuben Lowery,0325,64
Malik Hamm,Sanoussi Kane,0325,10
Malik Hamm,T.J. Tampa,0325,55
Malik Hamm,Teddye Buchanan,0325,10
Malik Hamm,Thomas Graham Jr.,0325,12
Malik Hamm,Trenton Simpson,0325,10
Malik Hamm,William Kwenkeu,0325,1
Malik Harrison,Beanie Bishop Jr.,3900,28
Malik Harrison,Brandin Echols,3900,59
Malik Harrison,Cameron McCutcheon,3900,9
Malik Harrison,Chuck Clark,3900,50
Malik Harrison,Cole Holcomb,3900,48
Malik Harrison,D'Shawn Jamison,3900,3
Malik Harrison,Daniel Ekuale,3900,34
Malik Harrison,Daryl Porter,3900,27
Malik Harrison,DeMarvin Leal,3900,42
Malik Harrison,Derrick Harmon,3900,38
Malik Harrison,Domenique Davis,3900,1
Malik Harrison,Eku Leota,3900,33
Malik Harrison,Esezi Otomewo,3900,7
Malik Harrison,Isaiahh Loudermilk,3900,37
Malik Harrison,Jack Sawyer,3900,42
Malik Harrison,James Pierre,3900,72
Malik Harrison,Juan Thornhill,3900,4
Malik Harrison,Julius Welschof,3900,33
Malik Harrison,Keeanu Benton,3900,6
Malik Harrison,Kyler McMichael,3900,3
Malik Harrison,Logan Lee,3900,20
Malik Harrison,Mark Robinson,3900,21
Malik Harrison,Miles Killebrew,3900,58
Malik Harrison,Payton Wilson,3900,6
Malik Harrison,Quindell Johnson,3900,13
Malik Harrison,Sebastian Castro,3900,25
Malik Harrison,Yahya Black,3900,31
Malik Heath,Aaron Banks,1800,5
Malik Heath,Amar Johnson,1800,10
Malik Heath,Anthony Belton,1800,42
Malik Heath,Ben Sims,1800,23
Malik Heath,Brant Banks,1800,2
Malik Heath,Chris Brooks,1800,13
Malik Heath,Cornelius Johnson,1800,6
Malik Heath,Donovan Jennings,1800,52
Malik Heath,Elgton Jenkins,1800,5
Malik Heath,Emanuel Wilson,1800,13
Malik Heath,Israel Abanikanda,1800,11
Malik Heath,J.J. Lippe,1800,2
Malik Heath,Jacob Monk,1800,39
Malik Heath,Jalen White,1800,2
Malik Heath,John FitzPatrick,1800,28
Malik Heath,Johnny Lumpkin,1800,3
Malik Heath,Jordan Love,1800,5
Malik Heath,Jordan Morgan,1800,47
Malik Heath,Josh Jacobs,1800,1
Malik Heath,Julian Hicks,1800,29
Malik Heath,Kadeem Telfort,1800,12
Malik Heath,Lecitus Smith,1800,5
Malik Heath,Luke Musgrave,1800,8
Malik Heath,Malik Willis,1800,42
Malik Heath,MarShawn Lloyd,1800,9
Malik Heath,Matthew Golden,1800,13
Malik Heath,Mecole Hardman,1800,34
Malik Heath,Messiah Swinson,1800,7
Malik Heath,Rasheed Walker,1800,10
Malik Heath,Romeo Doubs,1800,13
Malik Heath,Sean Clifford,1800,8
Malik Heath,Sean Rhyan,1800,47
Malik Heath,Taylor Elgersma,1800,4
Malik Heath,Trey Hill,1800,10
Malik Heath,Tucker Kraft,1800,7
Malik Heath,Tyler Cooper,1800,2
Malik Heath,Will Sheppard,1800,6
Malik Heath,Zach Tom,1800,15
Malik Herring,Ajani Carter,2310,33
Malik Herring,Ashton Gillotte,2310,31
Malik Herring,Azizi Hearn,2310,28
Malik Herring,Brandon George,2310,49
Malik Herring,Bryan Cook,2310,8
Malik Herring,Cam Jones,2310,33
Malik Herring,Charles Omenihu,2310,7
Malik Herring,Christian Roland-Wallace,2310,43
Malik Herring,Cole Christiansen,2310,43
Malik Herring,Cooper McDonald,2310,59
Malik Herring,Coziah Izzard,2310,57
Malik Herring,Deon Bush,2310,3
Malik Herring,Fabien Lovett Sr.,2310,65
Malik Herring,Felix Anudike-Uzomah,2310,36
Malik Herring,Glendon Miller,2310,81
Malik Herring,Jack Cochrane,2310,2
Malik Herring,Jacobe Covington,2310,17
Malik Herring,Jaden Hicks,2310,15
Malik Herring,Janarius Robinson,2310,7
Malik Herring,Jaylen Watson,2310,5
Malik Herring,Jeffrey Bassa,2310,64
Malik Herring,Jerry Tillery,2310,21
Malik Herring,Joshua Williams,2310,51
Malik Herring,Kevin Knowles,2310,40
Malik Herring,Kristian Fulton,2310,27
Malik Herring,Major Williams,2310,64
Malik Herring,Marlon Tuipulotu,2310,55
Malik Herring,Melvin Smith Jr.,2310,34
Malik Herring,Mike Edwards,2310,16
Malik Herring,Nate Matlack,2310,46
Malik Herring,Nazeeh Johnson,2310,7
Malik Herring,Nohl Williams,2310,31
Malik Herring,Omarr Norman-Lott,2310,9
Malik Herring,Owen Carney,2310,4
Malik Herring,Xander Mueller,2310,9
Malik Taylor,Colby Sorsdal,1540,7
Malik Taylor,Deon Jackson,1540,6
Malik Taylor,Dominic Lovett,1540,11
Malik Taylor,Giovanni Manu,1540,19
Malik Taylor,Gunnar Oakes,1540,1
Malik Taylor,Gunner Britton,1540,6
Malik Taylor,Hendon Hooker,1540,13
Malik Taylor,Jabari Small,1540,5
Malik Taylor,Jackson Meeks,1540,13
Malik Taylor,Jacob Saylors,1540,8
Malik Taylor,Jakobie Keeney-James,1540,2
Malik Taylor,Kenny Yeboah,1540,9
Malik Taylor,Kingsley Eguakun,1540,6
Malik Taylor,Kyle Allen,1540,6
Malik Taylor,Mason Miller,1540,19
Malik Taylor,Michael Niese,1540,19
Malik Taylor,Netane Muti,1540,6
Malik Taylor,Ronnie Bell,1540,8
Malik Taylor,Steven Stilianos,1540,2
Malik Taylor,Trystan Colon,1540,7
Malik Taylor,Zach Horton,1540,11
Malik Taylor,Zack Johnson,1540,6
Malik Turner,Austen Pleasants,4500,20
Malik Turner,Brayden Willis,4500,22
Malik Turner,Carter Bradley,4500,21
Malik Turner,Connor Colby,4500,2
Malik Turner,Demarcus Robinson,4500,7
Malik Turner,Drake Nugent,4500,38
Malik Turner,Drew Moss,4500,36
Malik Turner,Isaac Alarcon,4500,38
Malik Turner,Isaac Guerendo,4500,6
Malik Turner,Isaiah Hodgins,4500,1
Malik Turner,Isaiah Prince,4500,18
Malik Turner,Jake Tonges,4500,33
Malik Turner,Jeff Wilson,4500,17
Malik Turner,Junior Bergen,4500,7
Malik Turner,Ke'Shawn Vaughn,4500,17
Malik Turner,Luke Farrell,4500,1
Malik Turner,Michael Dunn,4500,19
Malik Turner,Nick Zakelj,4500,19
Malik Turner,Robbie Chosen,4500,21
Malik Turner,Skyy Moore,4500,12
Malik Turner,Tanner Mordecai,4500,17
Malik Turner,Terique Owens,4500,8
Malik Washington,Aaron Brewer,2700,17
Malik Washington,De'Von Achane,2700,5
Malik Washington,Dee Eskridge,2700,11
Malik Washington,James Daniels,2700,17
Malik Washington,Jaylen Waddle,2700,4
Malik Washington,Jaylen Wright,2700,1
Malik Washington,Jonah Savaiinaea,2700,17
Malik Washington,Julian Hill,2700,3
Malik Washington,Larry Borom,2700,17
Malik Washington,Nick Westbrook-Ikhine,2700,14
Malik Washington,Ollie Gordon II,2700,11
Malik Washington,Patrick Paul,2700,17
Malik Washington,Pharaoh Brown,2700,8
Malik Washington,Tanner Conner,2700,11
Malik Washington,Tua Tagovailoa,2700,17
Malik Willis,Amar Johnson,1800,7
Malik Willis,Anthony Belton,1800,41
Malik Willis,Ben Sims,1800,20
Malik Willis,Chris Brooks,1800,14
Malik Willis,Cornelius Johnson,1800,13
Malik Willis,Donovan Jennings,1800,57
Malik Willis,Emanuel Wilson,1800,13
Malik Willis,Isaiah Neyor,1800,3
Malik Willis,Israel Abanikanda,1800,8
Malik Willis,Jacob Monk,1800,41
Malik Willis,Jalen White,1800,2
Malik Willis,John FitzPatrick,1800,38
Malik Willis,Jordan Morgan,1800,57
Malik Willis,Josh Jacobs,1800,2
Malik Willis,Julian Hicks,1800,26
Malik Willis,Luke Musgrave,1800,11
Malik Willis,Malik Heath,1800,42
Malik Willis,MarShawn Lloyd,1800,11
Malik Willis,Matthew Golden,1800,14
Malik Willis,Mecole Hardman,1800,38
Malik Willis,Rasheed Walker,1800,16
Malik Willis,Romeo Doubs,1800,14
Malik Willis,Sean Rhyan,1800,57
Malik Willis,Tucker Kraft,1800,7
Malik Willis,Will Sheppard,1800,2
Malik Willis,Zach Tom,1800,16
Mapalo Mwansa,Bam Martin-Scott,0750,3
Mapalo Mwansa,Cam Jackson,0750,5
Mapalo Mwansa,Carlos Basham,0750,10
Mapalo Mwansa,Isaac Gifford,0750,13
Mapalo Mwansa,J.J. Weaver,0750,11
Mapalo Mwansa,JaTravis Broughton,0750,13
Mapalo Mwansa,Jack Henderson,0750,13
Mapalo Mwansa,Jacoby Windmon,0750,6
Mapalo Mwansa,Jaden Crumedy,0750,8
Mapalo Mwansa,Jared Harrison-Hunte,0750,5
Mapalo Mwansa,Krys Barnes,0750,7
Mapalo Mwansa,Mello Dotson,0750,10
Mapalo Mwansa,Michael Reid,0750,7
Mapalo Mwansa,Sam Roberts,0750,9
Mapalo Mwansa,Thomas Incoom,0750,2
Mapalo Mwansa,Tre Swilling,0750,3
Mapalo Mwansa,Trevian Thomas,0750,5
MarShawn Lloyd,Anthony Belton,1800,11
MarShawn Lloyd,Ben Sims,1800,6
MarShawn Lloyd,Cornelius Johnson,1800,3
MarShawn Lloyd,Donovan Jennings,1800,11
MarShawn Lloyd,Isaiah Neyor,1800,2
MarShawn Lloyd,Jacob Monk,1800,11
MarShawn Lloyd,John FitzPatrick,1800,10
MarShawn Lloyd,Jordan Morgan,1800,11
MarShawn Lloyd,Julian Hicks,1800,7
MarShawn Lloyd,Malik Heath,1800,9
MarShawn Lloyd,Malik Willis,1800,11
MarShawn Lloyd,Mecole Hardman,1800,7
MarShawn Lloyd,Sean Rhyan,1800,11
Marcelino McCrary-Ball,Aaron Smith,3430,14
Marcelino McCrary-Ball,Braiden McGregor,3430,4
Marcelino McCrary-Ball,Dean Clark,3430,19
Marcelino McCrary-Ball,Derrick Nnadi,3430,16
Marcelino McCrary-Ball,Eric Watts,3430,20
Marcelino McCrary-Ball,Francisco Mauigoa,3430,14
Marcelino McCrary-Ball,Isaiah Oliver,3430,28
Marcelino McCrary-Ball,Jamin Davis,3430,6
Marcelino McCrary-Ball,Jarrick Bernard-Converse,3430,9
Marcelino McCrary-Ball,Jay Tufele,3430,12
Marcelino McCrary-Ball,Kingsley Jonathan,3430,4
Marcelino McCrary-Ball,Leonard Taylor III,3430,10
Marcelino McCrary-Ball,Malachi Moore,3430,26
Marcelino McCrary-Ball,Mario Goodrich,3430,1
Marcelino McCrary-Ball,Michael Carter II,3430,1
Marcelino McCrary-Ball,Payton Page,3430,4
Marcelino McCrary-Ball,Phidarian Mathis,3430,14
Marcelino McCrary-Ball,Qwan'tez Stiggers,3430,18
Marcelino McCrary-Ball,Rashad Weaver,3430,17
Marcelino McCrary-Ball,Ryan Cooper Jr.,3430,28
Marcelino McCrary-Ball,Tony Adams,3430,2
Marcelino McCrary-Ball,Tyler Baron,3430,11
Marcelino McCrary-Ball,Zaire Barnes,3430,2
Marcellus Johnson,Ajou Ajou,2200,18
Marcellus Johnson,Anthony Gould,2200,4
Marcellus Johnson,Blayne Taylor,2200,23
Marcellus Johnson,Coleman Owen,2200,35
Marcellus Johnson,Jalen Travis,2200,4
Marcellus Johnson,Jason Bean,2200,44
Marcellus Johnson,Jelani Woods,2200,26
Marcellus Johnson,Josh Sills,2200,32
Marcellus Johnson,Landon Parker,2200,26
Marcellus Johnson,Laquon Treadwell,2200,4
Marcellus Johnson,Luke Tenuta,2200,17
Marcellus Johnson,Marshall Foerner,2200,45
Marcellus Johnson,Maximilian Mang,2200,7
Marcellus Johnson,Mose Vavao,2200,49
Marcellus Johnson,Nate Noel,2200,16
Marcellus Johnson,Nay'Quan Wright,2200,16
Marcellus Johnson,Riley Leonard,2200,5
Marcellus Johnson,Sean McKeon,2200,21
Marcellus Johnson,Tyler Kahmann,2200,28
Marcellus Johnson,Ulysses Bentley IV,2200,17
Marcellus Johnson,Wesley French,2200,49
Marcellus Johnson,Will Mallory,2200,4
Marco Wilson,Barrett Carter,0920,26
Marco Wilson,Bralyn Lux,0920,26
Marco Wilson,Cameron Sample,0920,10
Marco Wilson,D.J. Ivey,0920,36
Marco Wilson,Daijahn Anthony,0920,36
Marco Wilson,Eric Gregory,0920,11
Marco Wilson,Howard Cross III,0920,32
Marco Wilson,Isaiah Thomas,0920,26
Marco Wilson,Jalen Davis,0920,8
Marco Wilson,Joe Giles-Harris,0920,10
Marco Wilson,Maema Njongmeta,0920,4
Marco Wilson,McKinnley Jackson,0920,22
Marco Wilson,McTelvin Agim,0920,2
Marco Wilson,Oren Burks,0920,12
Marco Wilson,PJ Jules,0920,10
Marco Wilson,Raymond Johnson III,0920,26
Marco Wilson,Shaka Heyward,0920,27
Marco Wilson,Taven Bryan,0920,10
Marco Wilson,Tycen Anderson,0920,26
Marcus Bryant,Alec Lindstrom,3200,4
Marcus Bryant,Antonio Gibson,3200,23
Marcus Bryant,Austin Hooper,3200,24
Marcus Bryant,Ben Brown,3200,68
Marcus Bryant,Ben Wooldridge,3200,13
Marcus Bryant,CJ Dippre,3200,7
Marcus Bryant,Cole Fotheringham,3200,14
Marcus Bryant,Cole Strange,3200,30
Marcus Bryant,DeMario Douglas,3200,15
Marcus Bryant,Demontrey Jacobs,3200,23
Marcus Bryant,Drake Maye,3200,28
Marcus Bryant,Efton Chism III,3200,34
Marcus Bryant,Garrett Bradbury,3200,27
Marcus Bryant,Gee Scott Jr.,3200,14
Marcus Bryant,Hunter Henry,3200,5
Marcus Bryant,Ja'Lynn Polk,3200,14
Marcus Bryant,JaMycal Hasty,3200,16
Marcus Bryant,Jack Conley,3200,4
Marcus Bryant,Jack Westover,3200,36
Marcus Bryant,Jaheim Bell,3200,7
Marcus Bryant,Jared Wilson,3200,35
Marcus Bryant,Javon Baker,3200,39
Marcus Bryant,Jeremiah Webb,3200,2
Marcus Bryant,John Jiles,3200,10
Marcus Bryant,Joshua Dobbs,3200,36
Marcus Bryant,Kayshon Boutte,3200,22
Marcus Bryant,Kyle Williams,3200,38
Marcus Bryant,Lan Larison,3200,9
Marcus Bryant,Layden Robinson,3200,4
Marcus Bryant,Mack Hollins,3200,21
Marcus Bryant,Mehki Butler,3200,4
Marcus Bryant,Mike Onwenu,3200,28
Marcus Bryant,Phil Lutz,3200,5
Marcus Bryant,Rhamondre Stevenson,3200,10
Marcus Bryant,Sidy Sow,3200,15
Marcus Bryant,Terrell Jennings,3200,5
Marcus Bryant,TreVeyon Henderson,3200,15
Marcus Bryant,Tyrese Robinson,3200,16
Marcus Bryant,Vederian Lowe,3200,22
Marcus Bryant,Will Campbell,3200,28
Marcus Epps,Alex Austin,3200,10
Marcus Epps,Anfernee Jennings,3200,27
Marcus Epps,Bradyn Swinson,3200,59
Marcus Epps,Brandon Crossley,3200,53
Marcus Epps,Bryce Ganious,3200,4
Marcus Epps,Cam Riley,3200,39
Marcus Epps,Craig Woodson,3200,17
Marcus Epps,David Olajiga,3200,29
Marcus Epps,Dell Pettus,3200,53
Marcus Epps,Elijah Ponder,3200,44
Marcus Epps,Isaiah Bolden,3200,25
Marcus Epps,Isaiah Iton,3200,17
Marcus Epps,Jack Gibbens,3200,8
Marcus Epps,Jahvaree Ritzie,3200,35
Marcus Epps,Jeremiah Pharms Jr.,3200,47
Marcus Epps,Jordan Polk,3200,51
Marcus Epps,Josh Minkins,3200,4
Marcus Epps,Joshua Farmer,3200,24
Marcus Epps,Keion White,3200,9
Marcus Epps,Kobee Minor,3200,67
Marcus Epps,Kyle Dugger,3200,53
Marcus Epps,Kyle Peko,3200,43
Marcus Epps,Marte Mapu,3200,29
Marcus Epps,Miles Battle,3200,29
Marcus Epps,Monty Rice,3200,84
Marcus Epps,Philip Blidi,3200,12
Marcus Epps,R.J. Moten,3200,17
Marcus Epps,Tre Avery,3200,18
Marcus Epps,Truman Jones,3200,53
Marcus Harris,Ali Gaye,2100,61
Marcus Harris,Amani Oruwariye,2100,61
Marcus Harris,Amari Burney,2100,23
Marcus Harris,Blake Lynch,2100,18
Marcus Harris,Brandon Codrington,0610,26
Marcus Harris,Brian Asamoah II,2100,13
Marcus Harris,Cam Horsley,2100,30
Marcus Harris,Carlos Watkins,2100,45
Marcus Harris,Casey Rogers,0610,5
Marcus Harris,Cedric Gray,2100,65
Marcus Harris,Cole Bishop,0610,1
Marcus Harris,Curtis Jacobs,2100,12
Marcus Harris,Daequan Hardy,0610,26
Marcus Harris,Damar Hamlin,0610,2
Marcus Harris,Dane Jackson,0610,22
Marcus Harris,Darrick Forrest,0610,37
Marcus Harris,DeWayne Carter,0610,18
Marcus Harris,Deone Walker,0610,3
Marcus Harris,Desmond Evans,2100,12
Marcus Harris,Dorian Strong,0610,27
Marcus Harris,Dorian Williams,0610,13
Marcus Harris,Edefuan Ulofoshio,0610,39
Marcus Harris,Gabe Jeudy-Lally,2100,106
Marcus Harris,Garnett Hollis Jr.,0610,7
Marcus Harris,Isaiah Raikes,2100,19
Marcus Harris,Ja'Marcus Ingram,0610,31
Marcus Harris,Jalen Kimber,2100,30
Marcus Harris,James Lynch,2100,62
Marcus Harris,James Williams,2100,81
Marcus Harris,Javon Solomon,0610,19
Marcus Harris,Jaylen Harrell,2100,37
Marcus Harris,Jihad Ward,2100,64
Marcus Harris,Jimmy Ciarlo,0610,33
Marcus Harris,Joe Andreessen,0610,20
Marcus Harris,Joe Gaziano,2100,11
Marcus Harris,Jordan Hancock,0610,25
Marcus Harris,Joshuah Bledsoe,2100,10
Marcus Harris,Josiah Bronson,2100,3
Marcus Harris,Julius Wood,2100,16
Marcus Harris,Justin Hollins,0610,12
Marcus Harris,Kendell Brooks,2100,77
Marcus Harris,Keonta Jenkins,0610,18
Marcus Harris,Landon Jackson,0610,10
Marcus Harris,Michael Hoecht,0610,7
Marcus Harris,Mike Brown,2100,97
Marcus Harris,Nelson Ceaser,0610,19
Marcus Harris,Oluwafemi Oladejo,2100,38
Marcus Harris,Paris Shand,0610,43
Marcus Harris,Philip Blidi,2100,2
Marcus Harris,Quandre Diggs,2100,6
Marcus Harris,Te'Cory Couch,0610,3
Marcus Harris,Timmy Horne,2100,55
Marcus Harris,Tre Herndon,0610,25
Marcus Harris,Wande Owens,0610,20
Marcus Harris,Xavier Woods,2100,6
Marcus Harris,Zion Logue,0610,29
Marcus Harris,Zy Alexander,0610,10
Marcus Haynes,Alex Johnson,2200,26
Marcus Haynes,BJ Mayes,2200,23
Marcus Haynes,Daniel Scott,2200,26
Marcus Haynes,Desmond Little,2200,12
Marcus Haynes,Devonta Davis,2200,22
Marcus Haynes,Duke Shelley,2200,5
Marcus Haynes,Durell Nchami,2200,3
Marcus Haynes,Eric Johnson,2200,7
Marcus Haynes,Isaiah Land,2200,11
Marcus Haynes,Jake Chaney,2200,12
Marcus Haynes,Johnathan Edwards,2200,3
Marcus Haynes,Joseph Vaughn,2200,12
Marcus Haynes,Josh Tupou,2200,9
Marcus Haynes,Ladarius Tennison,2200,16
Marcus Haynes,Segun Olubi,2200,14
Marcus Haynes,Solomon DeShields,2200,14
Marcus Haynes,Tim Smith,2200,17
Marcus Haynes,Trey Washington,2200,26
Marcus Jones,Alex Austin,3200,12
Marcus Jones,Carlton Davis III,3200,4
Marcus Jones,Christian Elliss,3200,20
Marcus Jones,Craig Woodson,3200,4
Marcus Jones,DJ James,3200,13
Marcus Jones,Harold Landry III,3200,4
Marcus Jones,Isaiah Iton,3200,5
Marcus Jones,Jabrill Peppers,3200,15
Marcus Jones,Jaylinn Hawkins,3200,19
Marcus Jones,Jeremiah Pharms Jr.,3200,1
Marcus Jones,Joshua Farmer,3200,5
Marcus Jones,Keion White,3200,21
Marcus Jones,Khyiris Tonga,3200,16
Marcus Jones,Kyle Dugger,3200,17
Marcus Jones,Milton Williams,3200,16
Marcus Jones,Robert Spillane,3200,21
Marcus Jones,Truman Jones,3200,17
Marcus Mbow,Aaron Stinnie,3410,82
Marcus Mbow,Antwane Wells Jr.,3410,31
Marcus Mbow,Austin Schlottmann,3410,104
Marcus Mbow,Beaux Collins,3410,28
Marcus Mbow,Bryan Hudson,3410,31
Marcus Mbow,Cam Skattebo,3410,10
Marcus Mbow,Chris Manhertz,3410,2
Marcus Mbow,Da'Quan Felton,3410,14
Marcus Mbow,Dalen Cambre,3410,31
Marcus Mbow,Daniel Bellinger,3410,3
Marcus Mbow,Dante Miller,3410,71
Marcus Mbow,Devin Singletary,3410,4
Marcus Mbow,Elijah Chatman,3410,3
Marcus Mbow,Evan Neal,3410,52
Marcus Mbow,Greg Dulcich,3410,44
Marcus Mbow,Gunner Olszewski,3410,64
Marcus Mbow,Ihmir Smith-Marsette,3410,18
Marcus Mbow,Jaison Williams,3410,3
Marcus Mbow,Jake Kubas,3410,58
Marcus Mbow,Jalin Hyatt,3410,25
Marcus Mbow,Jameis Winston,3410,45
Marcus Mbow,Jaxson Dart,3410,69
Marcus Mbow,Jermaine Terry,3410,25
Marcus Mbow,Jimmy Morrissey,3410,3
Marcus Mbow,Jonathan Ward,3410,33
Marcus Mbow,Jordan Bly,3410,8
Marcus Mbow,Joshua Ezeudu,3410,62
Marcus Mbow,Lil'Jordan Humphrey,3410,60
Marcus Mbow,Montrell Washington,3410,37
Marcus Mbow,Stone Forsythe,3410,77
Marcus Mbow,Thomas Fidone II,3410,58
Marcus Mbow,Tommy DeVito,3410,3
Marcus Mbow,Zach Pascal,3410,22
Marcus Yarns,Barry Wesley,3300,3
Marcus Yarns,Cedrick Wilson Jr.,3300,1
Marcus Yarns,Dante Pettis,3300,17
Marcus Yarns,Dillon Radunz,3300,3
Marcus Yarns,Donovan Peoples-Jones,3300,8
Marcus Yarns,Easton Kilty,3300,12
Marcus Yarns,Jake Haener,3300,14
Marcus Yarns,Jonathan Mendoza,3300,15
Marcus Yarns,Josiah Ezirim,3300,11
Marcus Yarns,Kevin Austin Jr.,3300,12
Marcus Yarns,Kyle Hergel,3300,6
Marcus Yarns,Landon Young,3300,4
Marcus Yarns,Luke Fortner,3300,6
Marcus Yarns,Mason Tipton,3300,5
Marcus Yarns,Michael Jacobson,3300,7
Marcus Yarns,Mike Panasiuk,3300,6
Marcus Yarns,Moliki Matavao,3300,5
Marcus Yarns,Moochie Dixon,3300,6
Marcus Yarns,Roderick Daniels Jr.,3300,5
Marcus Yarns,Seth Green,3300,6
Marcus Yarns,Shane Lemieux,3300,12
Marcus Yarns,Spencer Rattler,3300,4
Marcus Yarns,Torricelli Simpkins III,3300,12
Mario Edwards,Azeez Al-Shaair,2120,3
Mario Edwards,Calen Bullock,2120,3
Mario Edwards,D'Angelo Ross,2120,8
Mario Edwards,Danielle Hunter,2120,1
Mario Edwards,Darrell Taylor,2120,10
Mario Edwards,Derek Stingley Jr.,2120,3
Mario Edwards,Dylan Horton,2120,10
Mario Edwards,E.J. Speed,2120,9
Mario Edwards,Henry To'oTo'o,2120,6
Mario Edwards,Jake Hansen,2120,7
Mario Edwards,Jalen Mills,2120,4
Mario Edwards,Jalen Pitre,2120,3
Mario Edwards,Jamal Hill,2120,1
Mario Edwards,Jaylin Smith,2120,8
Mario Edwards,Kamari Lassiter,2120,3
Mario Edwards,M.J. Stewart,2120,7
Mario Edwards,Myles Bryant,2120,4
Mario Edwards,Russ Yeast,2120,8
Mario Edwards,Sheldon Rankins,2120,1
Mario Edwards,Tim Settle,2120,2
Mario Edwards,Tommy Togiai,2120,6
Mario Edwards,Will Anderson Jr.,2120,1
Mario Goodrich,Aaron Smith,3430,41
Mario Goodrich,Braiden McGregor,3430,27
Mario Goodrich,Dean Clark,3430,66
Mario Goodrich,Derrick Nnadi,3430,16
Mario Goodrich,Eric Watts,3430,27
Mario Goodrich,Fatorma Mulbah,3430,37
Mario Goodrich,Francisco Mauigoa,3430,6
Mario Goodrich,Isaiah Oliver,3430,1
Mario Goodrich,Ja'Markis Weston n,3430,29
Mario Goodrich,Jackson Sirmon,3430,45
Mario Goodrich,Jamin Davis,3430,3
Mario Goodrich,Jarius Monroe,3430,43
Mario Goodrich,Jarrick Bernard-Converse,3430,17
Mario Goodrich,Jordan Clark,3430,45
Mario Goodrich,Kingsley Jonathan,3430,28
Mario Goodrich,Leonard Taylor III,3430,26
Mario Goodrich,Malachi Moore,3430,1
Mario Goodrich,Marcelino McCrary-Ball,3430,1
Mario Goodrich,Michael Fletcher,3430,28
Mario Goodrich,Payton Page,3430,39
Mario Goodrich,Phidarian Mathis,3430,11
Mario Goodrich,Qwan'tez Stiggers,3430,5
Mario Goodrich,Rashad Weaver,3430,1
Mario Goodrich,Ryan Cooper Jr.,3430,1
Mario Goodrich,Tanner McCalister,3430,65
Mario Goodrich,Tyler Baron,3430,24
Mario Goodrich,Zaire Barnes,3430,27
Mario Williams,A.J. Arcuri,2510,46
Mario Williams,Anthony Torres,2510,10
Mario Williams,Beaux Limmer,2510,17
Mario Williams,Ben Dooley,2510,32
Mario Williams,Blake Corum,2510,1
Mario Williams,Brennan Presley,2510,30
Mario Williams,Britain Covey,2510,46
Mario Williams,Cody Schrader,2510,28
Mario Williams,David Quessenberry,2510,3
Mario Williams,Davis Allen,2510,1
Mario Williams,Drake Stoops,2510,8
Mario Williams,Dresser Winn,2510,6
Mario Williams,Jarquez Hunter,2510,19
Mario Williams,Jordan Waters,2510,6
Mario Williams,Justin Dedich,2510,25
Mario Williams,KT Leveston,2510,54
Mario Williams,Mark Redman,2510,46
Mario Williams,McCallan Castles,2510,1
Mario Williams,Ronnie Rivers,2510,3
Mario Williams,Stetson Bennett,2510,51
Mario Williams,Trey Wedig,2510,22
Mario Williams,Tru Edwards,2510,28
Mario Williams,Willie Lampkin,2510,38
Mario Williams,Wyatt Bowles,2510,48
Mario Williams,Xavier Smith,2510,1
Marist Liufau,Alijah Clark,1200,12
Marist Liufau,Andrew Booth,1200,37
Marist Liufau,Bruce Harmon,1200,2
Marist Liufau,Buddy Johnson,1200,10
Marist Liufau,Damone Clark,1200,20
Marist Liufau,Darius Harris,1200,1
Marist Liufau,Donovan Ezeiruaku,1200,19
Marist Liufau,Earnest Brown IV,1200,16
Marist Liufau,Jack Sanborn,1200,18
Marist Liufau,James Houston,1200,11
Marist Liufau,Jay Toia,1200,16
Marist Liufau,Juanyeh Thomas,1200,27
Marist Liufau,Kaiir Elam,1200,16
Marist Liufau,Kemon Hall,1200,20
Marist Liufau,Markquese Bell,1200,31
Marist Liufau,Marshawn Kneeland,1200,12
Marist Liufau,Mazi Smith,1200,20
Marist Liufau,Mike Smith Jr.,1200,8
Marist Liufau,Payton Turner,1200,17
Marist Liufau,Perrion Winfrey,1200,20
Marist Liufau,Robert Rochell,1200,6
Marist Liufau,Sam Williams,1200,13
Marist Liufau,Troy Pride,1200,17
Marist Liufau,Tyrus Wheat,1200,12
Marist Liufau,Zion Childress,1200,9
Mark Perry,Alex Cook,0810,29
Mark Perry,Amen Ogbongbemiga,0810,11
Mark Perry,Carl Jones,0810,18
Mark Perry,Daniel Hardy,0810,18
Mark Perry,Jamree Kromah,0810,21
Mark Perry,Jeremiah Walker,0810,23
Mark Perry,Jonathan Ford,0810,26
Mark Perry,Kaleb Hayes,0810,23
Mark Perry,Mekhi Garner,0810,29
Mark Perry,Power Echols,0810,23
Mark Perry,Ruben Hyppolite II,0810,1
Mark Perry,Swayze Bozeman,0810,11
Mark Perry,Tre Flowers,0810,6
Mark Perry,Xavier Carlton,0810,22
Mark Perry,Zacch Pickens,0810,29
Mark Redman,A.J. Arcuri,2510,69
Mark Redman,Beaux Limmer,2510,25
Mark Redman,Ben Dooley,2510,57
Mark Redman,Blake Corum,2510,6
Mark Redman,Brennan Presley,2510,51
Mark Redman,Britain Covey,2510,63
Mark Redman,Cody Schrader,2510,48
Mark Redman,David Quessenberry,2510,3
Mark Redman,Drake Stoops,2510,25
Mark Redman,Dresser Winn,2510,27
Mark Redman,Jarquez Hunter,2510,22
Mark Redman,John Leglue,2510,12
Mark Redman,Jordan Waters,2510,8
Mark Redman,Justin Dedich,2510,30
Mark Redman,KT Leveston,2510,84
Mark Redman,Konata Mumpfield,2510,11
Mark Redman,Mario Williams,2510,46
Mark Redman,McCallan Castles,2510,3
Mark Redman,Mike Mcallister,2510,2
Mark Redman,Ronnie Rivers,2510,3
Mark Redman,Stetson Bennett,2510,60
Mark Redman,Terrance Ferguson,2510,1
Mark Redman,Trey Wedig,2510,47
Mark Redman,Tru Edwards,2510,53
Mark Redman,Willie Lampkin,2510,33
Mark Redman,Wyatt Bowles,2510,73
Mark Redman,Xavier Smith,2510,8
Mark Robinson,Beanie Bishop Jr.,3900,16
Mark Robinson,Brandin Echols,3900,5
Mark Robinson,Breiden Fehoko,3900,1
Mark Robinson,Cameron McCutcheon,3900,12
Mark Robinson,Carson Bruener,3900,32
Mark Robinson,Chuck Clark,3900,11
Mark Robinson,Cole Holcomb,3900,3
Mark Robinson,D'Shawn Jamison,3900,34
Mark Robinson,Daniel Ekuale,3900,19
Mark Robinson,Daryl Porter,3900,22
Mark Robinson,DeMarvin Leal,3900,37
Mark Robinson,Derrick Harmon,3900,14
Mark Robinson,Devin Harper,3900,7
Mark Robinson,Domenique Davis,3900,15
Mark Robinson,Eku Leota,3900,23
Mark Robinson,Esezi Otomewo,3900,18
Mark Robinson,Isaiahh Loudermilk,3900,19
Mark Robinson,Jack Sawyer,3900,31
Mark Robinson,James Pierre,3900,21
Mark Robinson,Julius Welschof,3900,21
Mark Robinson,Kam Alexander,3900,17
Mark Robinson,Kenny Willekes,3900,14
Mark Robinson,Kyler Baugh,3900,8
Mark Robinson,Kyler McMichael,3900,25
Mark Robinson,Logan Lee,3900,29
Mark Robinson,Malik Harrison,3900,21
Mark Robinson,Mikey Victor,3900,24
Mark Robinson,Miles Killebrew,3900,11
Mark Robinson,Quindell Johnson,3900,52
Mark Robinson,Sebastian Castro,3900,52
Mark Robinson,Yahya Black,3900,16
Markees Watts,Adam Gotsis,4900,22
Markees Watts,Antonio Grier Jr.,4900,31
Markees Watts,Bryce Hall,4900,37
Markees Watts,C.J. Brewer,4900,25
Markees Watts,Chris Braswell,4900,50
Markees Watts,Christian Izien,4900,11
Markees Watts,Deion Jones,4900,54
Markees Watts,Dvon J-Thomas,4900,10
Markees Watts,Elijah Roberts,4900,43
Markees Watts,Eric Banks,4900,43
Markees Watts,Greg Gaines,4900,17
Markees Watts,JJ Roberts,4900,24
Markees Watts,Jacob Parrish,4900,19
Markees Watts,JayVian Farr,4900,13
Markees Watts,John Bullock,4900,41
Markees Watts,Jose Ramirez,4900,38
Markees Watts,Josh Hayes,4900,3
Markees Watts,Kaevon Merriweather,4900,66
Markees Watts,Kindle Vildor,4900,63
Markees Watts,Mike Greene,4900,55
Markees Watts,Nash Hutmacher,4900,10
Markees Watts,Nick Jackson,4900,62
Markees Watts,Rashad Wisdom,4900,78
Markees Watts,Roman Parodie,4900,25
Markees Watts,Shilo Sanders,4900,42
Markees Watts,Tre Avery,4900,23
Markees Watts,Tyrek Funderburk,4900,5
Markees Watts,Warren Peeples,4900,6
Markees Watts,Will Brooks,4900,24
Markquese Bell,Alijah Clark,1200,7
Markquese Bell,Andrew Booth,1200,29
Markquese Bell,Bruce Harmon,1200,5
Markquese Bell,Buddy Johnson,1200,5
Markquese Bell,Damone Clark,1200,20
Markquese Bell,Darius Harris,1200,4
Markquese Bell,Donovan Ezeiruaku,1200,15
Markquese Bell,Earnest Brown IV,1200,15
Markquese Bell,Jack Sanborn,1200,18
Markquese Bell,James Houston,1200,11
Markquese Bell,Jay Toia,1200,15
Markquese Bell,Juanyeh Thomas,1200,27
Markquese Bell,Kaiir Elam,1200,16
Markquese Bell,Kemon Hall,1200,15
Markquese Bell,Marist Liufau,1200,31
Markquese Bell,Marshawn Kneeland,1200,12
Markquese Bell,Mazi Smith,1200,15
Markquese Bell,Payton Turner,1200,13
Markquese Bell,Perrion Winfrey,1200,16
Markquese Bell,Robert Rochell,1200,6
Markquese Bell,Sam Williams,1200,13
Markquese Bell,Troy Pride,1200,12
Markquese Bell,Tyrus Wheat,1200,11
Markquese Bell,Zion Childress,1200,9
Marlon Davidson,Arthur Maulet,2120,11
Marlon Davidson,Casey Toohill,2120,20
Marlon Davidson,D'Angelo Ross,2120,19
Marlon Davidson,Damon Arnette,2120,16
Marlon Davidson,Darrell Taylor,2120,9
Marlon Davidson,E.J. Speed,2120,10
Marlon Davidson,Haggai Ndubuisi,2120,7
Marlon Davidson,Jackson Woodard,2120,18
Marlon Davidson,Jake Hansen,2120,10
Marlon Davidson,Jamal Hill,2120,19
Marlon Davidson,Jaylin Smith,2120,13
Marlon Davidson,Junior Tafuna,2120,19
Marlon Davidson,K.C. Ossai,2120,15
Marlon Davidson,M.J. Stewart,2120,23
Marlon Davidson,Myles Bryant,2120,25
Marlon Davidson,Nick Niemann,2120,16
Marlon Davidson,Russ Yeast,2120,33
Marlon Davidson,Solomon Byrd,2120,21
Marlon Davidson,Tim Settle,2120,6
Marlon Davidson,Tommy Togiai,2120,16
Marlon Davidson,Tremon Smith,2120,24
Marlon Tuipulotu,Ajani Carter,2310,8
Marlon Tuipulotu,Ashton Gillotte,2310,34
Marlon Tuipulotu,Azizi Hearn,2310,8
Marlon Tuipulotu,Brandon George,2310,25
Marlon Tuipulotu,Bryan Cook,2310,20
Marlon Tuipulotu,Cam Jones,2310,33
Marlon Tuipulotu,Chamarri Conner,2310,8
Marlon Tuipulotu,Charles Omenihu,2310,24
Marlon Tuipulotu,Christian Roland-Wallace,2310,29
Marlon Tuipulotu,Cole Christiansen,2310,32
Marlon Tuipulotu,Cooper McDonald,2310,42
Marlon Tuipulotu,Coziah Izzard,2310,17
Marlon Tuipulotu,Fabien Lovett Sr.,2310,29
Marlon Tuipulotu,Felix Anudike-Uzomah,2310,37
Marlon Tuipulotu,George Karlaftis,2310,2
Marlon Tuipulotu,Glendon Miller,2310,42
Marlon Tuipulotu,Jack Cochrane,2310,20
Marlon Tuipulotu,Jacobe Covington,2310,4
Marlon Tuipulotu,Jaden Hicks,2310,31
Marlon Tuipulotu,Janarius Robinson,2310,6
Marlon Tuipulotu,Jeffrey Bassa,2310,51
Marlon Tuipulotu,Jerry Tillery,2310,25
Marlon Tuipulotu,Joshua Williams,2310,38
Marlon Tuipulotu,Kevin Knowles,2310,19
Marlon Tuipulotu,Kristian Fulton,2310,20
Marlon Tuipulotu,Leo Chenal,2310,8
Marlon Tuipulotu,Major Williams,2310,39
Marlon Tuipulotu,Malik Herring,2310,55
Marlon Tuipulotu,Melvin Smith Jr.,2310,21
Marlon Tuipulotu,Michael Danna,2310,3
Marlon Tuipulotu,Mike Edwards,2310,18
Marlon Tuipulotu,Nate Matlack,2310,14
Marlon Tuipulotu,Nazeeh Johnson,2310,20
Marlon Tuipulotu,Nohl Williams,2310,51
Marlon Tuipulotu,Omarr Norman-Lott,2310,17
Marlowe Wax,Benjamin St-Juste,4400,8
Marlowe Wax,Caleb Murphy,4400,57
Marlowe Wax,Cam Hart,4400,6
Marlowe Wax,Christopher Hinton,4400,65
Marlowe Wax,Da'Shawn Hand,4400,6
Marlowe Wax,Deane Leonard,4400,10
Marlowe Wax,Del'Shawn Phillips,4400,14
Marlowe Wax,Emany Johnson,4400,83
Marlowe Wax,Eric Rogers,4400,39
Marlowe Wax,Garmon Randolph,4400,62
Marlowe Wax,Harrison Hand,4400,12
Marlowe Wax,Ja'Sir Taylor,4400,68
Marlowe Wax,Jamaree Caldwell,4400,39
Marlowe Wax,Jaylen Jones,4400,19
Marlowe Wax,Jordan Oladokun,4400,25
Marlowe Wax,Josh Fuga,4400,10
Marlowe Wax,Junior Colson,4400,11
Marlowe Wax,Justin Eboigbe,4400,33
Marlowe Wax,Kana'i Mauga,4400,25
Marlowe Wax,Kendall Williamson,4400,109
Marlowe Wax,Kylan Guidry,4400,68
Marlowe Wax,Kyle Kennard,4400,30
Marlowe Wax,Myles Purchase,4400,83
Marlowe Wax,Naquan Jones,4400,41
Marlowe Wax,Nehemiah Shelton,4400,4
Marlowe Wax,Nesta Jade Silvera,4400,60
Marlowe Wax,Nikko Reed,4400,50
Marlowe Wax,Otito Ogbonnia,4400,6
Marlowe Wax,R.J. Mickens,4400,105
Marlowe Wax,Scott Matlock,4400,10
Marlowe Wax,Tarheeb Still,4400,8
Marlowe Wax,TeRah Edwards,4400,58
Marlowe Wax,Tony Jefferson,4400,30
Marlowe Wax,Tre'Mon Morris-Brash,4400,76
Marlowe Wax,Trikweze Bridges,4400,117
Marlowe Wax,Troy Dye,4400,13
Marques Cox,A.T. Perry,1400,6
Marques Cox,Adam Prentice,1400,6
Marques Cox,Audric EstimÃ©,1400,42
Marques Cox,Blake Watson,1400,36
Marques Cox,Caden Prieskorn,1400,46
Marques Cox,Caleb Lohner,1400,63
Marques Cox,Clay Webb,1400,68
Marques Cox,Courtney Jackson,1400,46
Marques Cox,Frank Crum,1400,26
Marques Cox,Jerjuan Newton,1400,40
Marques Cox,Joaquin Davis,1400,55
Marques Cox,Joseph Michalski,1400,81
Marques Cox,Kyrese Rowan,1400,34
Marques Cox,Lucas Krull,1400,3
Marques Cox,Michael Bandy,1400,19
Marques Cox,Nick Gargiulo,1400,11
Marques Cox,Pat Bryant,1400,5
Marques Cox,Sam Ehlinger,1400,81
Marques Cox,Tyler Badie,1400,3
Marques Cox,Will Sherman,1400,80
Marques Cox,Xavier Truss,1400,58
Marques Sigle,Alfred Collins,4500,61
Marques Sigle,Bradlee Anae,4500,16
Marques Sigle,Bruce Hector,4500,4
Marques Sigle,Bryce Huff,4500,23
Marques Sigle,CJ West,4500,18
Marques Sigle,Chase Lucas,4500,43
Marques Sigle,Chazz Surratt,4500,33
Marques Sigle,Dallis Flowers,4500,91
Marques Sigle,Darrell Luter Jr.,4500,63
Marques Sigle,Dee Winters,4500,25
Marques Sigle,Deommodore Lenoir,4500,13
Marques Sigle,Derrick Canteen,4500,41
Marques Sigle,Evan Anderson,4500,28
Marques Sigle,Jalen Graham,4500,33
Marques Sigle,Jason Pinnock,4500,10
Marques Sigle,Jaylon Allen,4500,10
Marques Sigle,Ji'Ayir Brown,4500,61
Marques Sigle,Jonathan Garvin,4500,51
Marques Sigle,Jordan Elliott,4500,14
Marques Sigle,Kalia Davis,4500,29
Marques Sigle,Luke Gifford,4500,27
Marques Sigle,Nick Martin,4500,33
Marques Sigle,Renardo Green,4500,13
Marques Sigle,Robert Beal Jr.,4500,32
Marques Sigle,Sam Okuayinonu,4500,12
Marques Sigle,Sebastian Valdez,4500,30
Marques Sigle,Stone Blanton,4500,4
Marques Sigle,Tatum Bethune,4500,54
Marques Sigle,Trevis Gipson,4500,38
Marquez Callaway,Albert Okwuegbunam,2520,10
Marquez Callaway,Atonio Mafi,2520,13
Marquez Callaway,Cam Miller,2520,17
Marquez Callaway,Carter Runyon,2520,5
Marquez Callaway,Chris Collier,2520,15
Marquez Callaway,Dalton Wagner,2520,17
Marquez Callaway,Dylan Laube,2520,2
Marquez Callaway,Gottlieb Ayedze,2520,17
Marquez Callaway,Jarrod Hufford,2520,17
Marquez Callaway,Ketron Jackson Jr.,2520,17
Marquez Callaway,Laki Tasi,2520,4
Marquez Callaway,Parker Clements,2520,17
Marquez Callaway,Qadir Ismail,2520,2
Marquez Callaway,Tommy Mellott,2520,17
Marquez Valdes-Scantling,AJ Barner,4600,3
Marquez Valdes-Scantling,Abraham Lucas,4600,10
Marquez Valdes-Scantling,Amari Kight,4600,19
Marquez Valdes-Scantling,Anthony Bradford,4600,10
Marquez Valdes-Scantling,Anthony Tyus III,4600,5
Marquez Valdes-Scantling,Brady Russell,4600,12
Marquez Valdes-Scantling,Bryce Cabeldue,4600,19
Marquez Valdes-Scantling,Cooper Kupp,4600,2
Marquez Valdes-Scantling,Damien Martinez,4600,11
Marquez Valdes-Scantling,Dareke Young,4600,19
Marquez Valdes-Scantling,Drew Lock,4600,8
Marquez Valdes-Scantling,Elijah Arroyo,4600,2
Marquez Valdes-Scantling,Eric Saubert,4600,6
Marquez Valdes-Scantling,Federico Maranges,4600,10
Marquez Valdes-Scantling,George Holani,4600,7
Marquez Valdes-Scantling,Grey Zabel,4600,10
Marquez Valdes-Scantling,Jacardia Wright,4600,4
Marquez Valdes-Scantling,Jake Bobo,4600,14
Marquez Valdes-Scantling,Jalen Milroe,4600,19
Marquez Valdes-Scantling,Jalen Sundell,4600,10
Marquez Valdes-Scantling,Jaxon Smith-Njigba,4600,2
Marquez Valdes-Scantling,Josh Jones,4600,10
Marquez Valdes-Scantling,Marshall Lang,4600,8
Marquez Valdes-Scantling,Mason Richman,4600,9
Marquez Valdes-Scantling,Michael Jerrell,4600,19
Marquez Valdes-Scantling,Nick Kallerup,4600,11
Marquez Valdes-Scantling,Sam Darnold,4600,2
Marquez Valdes-Scantling,Sataoa Laumea,4600,19
Marquez Valdes-Scantling,Tory Horton,4600,8
Marquez Valdes-Scantling,Zach Charbonnet,4600,2
Marquis Hayes,Adrian Martinez,3430,64
Marquis Hayes,Andrew Beck,3430,16
Marquis Hayes,Arian Smith,3430,33
Marquis Hayes,Brady Cook,3430,50
Marquis Hayes,Braelon Allen,3430,6
Marquis Hayes,Brandon Smith,3430,42
Marquis Hayes,Carter Warren,3430,104
Marquis Hayes,Chukwuma Okorafor,3430,10
Marquis Hayes,Donovan Edwards,3430,58
Marquis Hayes,Dymere Miller,3430,32
Marquis Hayes,Isaiah Davis,3430,4
Marquis Hayes,Jamaal Pritchett,3430,42
Marquis Hayes,Kene Nwangwu,3430,19
Marquis Hayes,Kohl Levao,3430,93
Marquis Hayes,Lawrance Toafili,3430,27
Marquis Hayes,Leander Wiegand,3430,21
Marquis Hayes,Liam Fornadel,3430,92
Marquis Hayes,Malachi Corley,3430,38
Marquis Hayes,Max Mitchell,3430,22
Marquis Hayes,Neal Johnson,3430,45
Marquis Hayes,Pokey Wilson,3430,52
Marquis Hayes,Quentin Skinner,3430,70
Marquis Hayes,Samuel Jackson,3430,92
Marquis Hayes,Stone Smartt,3430,31
Marquis Hayes,Xavier Newman-Johnson,3430,22
Marquis Hayes,Zack Kuntz,3430,55
Marquise Robinson,Adedayo Odeleye,0325,25
Marquise Robinson,Adisa Isaac,0325,4
Marquise Robinson,Aeneas Peebles,0325,39
Marquise Robinson,Basil Okoye,0325,42
Marquise Robinson,Beau Brade,0325,42
Marquise Robinson,Brent Urban,0325,3
Marquise Robinson,C.J. Ravenell,0325,48
Marquise Robinson,Chandler Martin,0325,83
Marquise Robinson,David Ojabo,0325,22
Marquise Robinson,Desmond Igbinosun,0325,36
Marquise Robinson,Jacob Hummel,0325,7
Marquise Robinson,Jay Higgins,0325,82
Marquise Robinson,Jayson Jones,0325,34
Marquise Robinson,John Jenkins,0325,3
Marquise Robinson,Kaimon Rucker,0325,71
Marquise Robinson,Keondre Jackson,0325,68
Marquise Robinson,Keyon Martin,0325,44
Marquise Robinson,MJ Devonshire,0325,26
Marquise Robinson,Malaki Starks,0325,1
Marquise Robinson,Malik Hamm,0325,74
Marquise Robinson,Mike Green,0325,13
Marquise Robinson,Reuben Lowery,0325,69
Marquise Robinson,Sanoussi Kane,0325,11
Marquise Robinson,T.J. Tampa,0325,58
Marquise Robinson,Teddye Buchanan,0325,11
Marquise Robinson,Thomas Graham Jr.,0325,15
Marquise Robinson,Trenton Simpson,0325,4
Marquise Robinson,William Kwenkeu,0325,1
Marshall Foerner,Ajou Ajou,2200,18
Marshall Foerner,Blayne Taylor,2200,19
Marshall Foerner,Coleman Owen,2200,35
Marshall Foerner,Jason Bean,2200,44
Marshall Foerner,Jelani Woods,2200,26
Marshall Foerner,Josh Sills,2200,32
Marshall Foerner,Landon Parker,2200,26
Marshall Foerner,Luke Tenuta,2200,13
Marshall Foerner,Marcellus Johnson,2200,45
Marshall Foerner,Maximilian Mang,2200,7
Marshall Foerner,Mose Vavao,2200,45
Marshall Foerner,Nate Noel,2200,16
Marshall Foerner,Nay'Quan Wright,2200,16
Marshall Foerner,Riley Leonard,2200,1
Marshall Foerner,Sean McKeon,2200,21
Marshall Foerner,Tyler Kahmann,2200,28
Marshall Foerner,Ulysses Bentley IV,2200,13
Marshall Foerner,Wesley French,2200,45
Marshall Lang,Amari Kight,4600,29
Marshall Lang,Anthony Tyus III,4600,29
Marshall Lang,Brady Russell,4600,13
Marshall Lang,Bryce Cabeldue,4600,70
Marshall Lang,Christian Haynes,4600,5
Marshall Lang,Cody White,4600,30
Marshall Lang,Damien Martinez,4600,18
Marshall Lang,Dareke Young,4600,10
Marshall Lang,Drew Lock,4600,4
Marshall Lang,Federico Maranges,4600,55
Marshall Lang,Jacardia Wright,4600,24
Marshall Lang,Jake Bobo,4600,8
Marshall Lang,Jalen Milroe,4600,67
Marshall Lang,John Rhys Plumlee,4600,13
Marshall Lang,Luke Felix-Fualalo,4600,45
Marshall Lang,Marquez Valdes-Scantling,4600,8
Marshall Lang,Mason Richman,4600,61
Marshall Lang,Michael Jerrell,4600,51
Marshall Lang,Nick Kallerup,4600,34
Marshall Lang,Ricky White III,4600,46
Marshall Lang,Sataoa Laumea,4600,39
Marshall Lang,Tyrone Broden,4600,51
Marshawn Kneeland,Andrew Booth,1200,15
Marshawn Kneeland,Damone Clark,1200,9
Marshawn Kneeland,Donovan Ezeiruaku,1200,6
Marshawn Kneeland,Israel Mukuamu,1200,3
Marshawn Kneeland,Jack Sanborn,1200,12
Marshawn Kneeland,James Houston,1200,4
Marshawn Kneeland,Juanyeh Thomas,1200,15
Marshawn Kneeland,Kaiir Elam,1200,11
Marshawn Kneeland,Kemon Hall,1200,3
Marshawn Kneeland,Marist Liufau,1200,12
Marshawn Kneeland,Markquese Bell,1200,12
Marshawn Kneeland,Mazi Smith,1200,11
Marshawn Kneeland,Payton Turner,1200,2
Marshawn Kneeland,Perrion Winfrey,1200,11
Marshawn Kneeland,Sam Williams,1200,11
Marshawn Kneeland,Shemar James,1200,3
Marshawn Kneeland,Troy Pride,1200,4
Marshawn Kneeland,Zion Childress,1200,6
Marshon Lattimore,Daron Payne,5110,9
Marshon Lattimore,Deatrich Wise,5110,8
Marshon Lattimore,Dorance Armstrong,5110,5
Marshon Lattimore,Eddie Goldman,5110,1
Marshon Lattimore,Frankie Luvu,5110,9
Marshon Lattimore,Jacob Martin,5110,2
Marshon Lattimore,Jalyn Holmes,5110,3
Marshon Lattimore,Javon Kinlaw,5110,8
Marshon Lattimore,Jeremy Reaves,5110,1
Marshon Lattimore,Kain Medrano,5110,9
Marshon Lattimore,Mike Sainristil,5110,9
Marshon Lattimore,Noah Igbinoghene,5110,5
Marshon Lattimore,Quan Martin,5110,9
Marshon Lattimore,Tyler Owens,5110,3
Marshon Lattimore,Will Harris,5110,9
Marte Mapu,Alex Austin,3200,29
Marte Mapu,Anfernee Jennings,3200,22
Marte Mapu,Bradyn Swinson,3200,27
Marte Mapu,Brandon Crossley,3200,21
Marte Mapu,Brenden Schooler,3200,6
Marte Mapu,Craig Woodson,3200,41
Marte Mapu,DJ James,3200,26
Marte Mapu,David Olajiga,3200,22
Marte Mapu,Dell Pettus,3200,10
Marte Mapu,Elijah Ponder,3200,29
Marte Mapu,Isaiah Iton,3200,22
Marte Mapu,Jabrill Peppers,3200,15
Marte Mapu,Jack Gibbens,3200,32
Marte Mapu,Jahvaree Ritzie,3200,10
Marte Mapu,Jaylinn Hawkins,3200,11
Marte Mapu,Jeremiah Pharms Jr.,3200,30
Marte Mapu,Jordan Polk,3200,20
Marte Mapu,Josh Minkins,3200,1
Marte Mapu,Joshua Farmer,3200,39
Marte Mapu,Keion White,3200,22
Marte Mapu,Kobee Minor,3200,34
Marte Mapu,Kyle Dugger,3200,11
Marte Mapu,Kyle Peko,3200,13
Marte Mapu,Marcus Epps,3200,29
Marte Mapu,Miles Battle,3200,40
Marte Mapu,Monty Rice,3200,30
Marte Mapu,Philip Blidi,3200,3
Marte Mapu,Tre Avery,3200,1
Marte Mapu,Truman Jones,3200,24
Marvin Harrison Jr.,Elijah Higgins,3800,9
Marvin Harrison Jr.,Evan Brown,3800,16
Marvin Harrison Jr.,Greg Dortch,3800,3
Marvin Harrison Jr.,Hjalte Froholdt,3800,16
Marvin Harrison Jr.,Isaiah Adams,3800,16
Marvin Harrison Jr.,James Conner,3800,7
Marvin Harrison Jr.,Jonah Williams,3800,16
Marvin Harrison Jr.,Kyler Murray,3800,16
Marvin Harrison Jr.,Michael Wilson,3800,8
Marvin Harrison Jr.,Paris Johnson Jr.,3800,16
Marvin Harrison Jr.,Tip Reiman,3800,11
Marvin Harrison Jr.,Trey Benson,3800,9
Marvin Harrison Jr.,Trey McBride,3800,8
Marvin Harrison Jr.,Zay Jones,3800,9
Marvin Mims Jr.,Adam Prentice,1400,2
Marvin Mims Jr.,Adam Trautman,1400,17
Marvin Mims Jr.,Alex Forsyth,1400,1
Marvin Mims Jr.,Alex Palczewski,1400,2
Marvin Mims Jr.,Ben Powers,1400,34
Marvin Mims Jr.,Blake Watson,1400,1
Marvin Mims Jr.,Bo Nix,1400,34
Marvin Mims Jr.,Calvin Throckmorton,1400,1
Marvin Mims Jr.,Courtland Sutton,1400,33
Marvin Mims Jr.,Devaughn Vele,1400,6
Marvin Mims Jr.,Evan Engram,1400,22
Marvin Mims Jr.,Frank Crum,1400,1
Marvin Mims Jr.,Garett Bolles,1400,34
Marvin Mims Jr.,J.K. Dobbins,1400,5
Marvin Mims Jr.,Lucas Krull,1400,2
Marvin Mims Jr.,Luke Wattenberg,1400,34
Marvin Mims Jr.,Matt Peart,1400,1
Marvin Mims Jr.,Mike McGlinchey,1400,34
Marvin Mims Jr.,Pat Bryant,1400,1
Marvin Mims Jr.,Quinn Meinerz,1400,34
Marvin Mims Jr.,RJ Harvey,1400,20
Marvin Mims Jr.,Sam Ehlinger,1400,1
Marvin Mims Jr.,Trent Sherfield,1400,3
Marvin Mims Jr.,Troy Franklin,1400,18
Marvin Mims Jr.,Tyler Badie,1400,9
Marvin Moody,Adin Huntington,1050,4
Marvin Moody,Charlie Thomas,1050,4
Marvin Moody,Chris Edmonds,1050,5
Marvin Moody,Christian Holmes,1050,4
Marvin Moody,Darius Rush,1050,4
Marvin Moody,Donovan McMillon,1050,5
Marvin Moody,Easton Mascarenas-Arnold,1050,5
Marvin Moody,KJ Henry,1050,5
Marvin Moody,Keenan Isaac,1050,1
Marvin Moody,LaMareon James,1050,1
Marvin Moody,Nik Needham,1050,1
Marvin Moody,Ralph Holley,1050,5
Marvin Moody,Sam Kamara,1050,1
Marvin Moody,Titus Leo,1050,5
Mason Brooks,A.J. Henning,2700,2
Mason Brooks,Aaron Shampklin,2700,4
Mason Brooks,Addison West,2700,4
Mason Brooks,Andrew Armstrong,2700,4
Mason Brooks,Braeden Daniels,2700,4
Mason Brooks,Chris Myarick,2700,3
Mason Brooks,Hayden Rucci,2700,3
Mason Brooks,Jalen McKenzie,2700,4
Mason Brooks,Josh Priebe,2700,4
Mason Brooks,Quinn Ewers,2700,4
Mason Brooks,Theo Wease Jr.,2700,4
Mason Graham,Adin Huntington,1050,1
Mason Graham,Alex Wright,1050,15
Mason Graham,Cameron Mitchell,1050,19
Mason Graham,Cameron Thomas,1050,3
Mason Graham,Carson Schwesinger,1050,19
Mason Graham,Chigozie Anusiem,1050,11
Mason Graham,Damontae Kazee,1050,6
Mason Graham,Devin Bush,1050,17
Mason Graham,Dom Jones,1050,8
Mason Graham,Grant Delpit,1050,8
Mason Graham,Isaiah McGuire,1050,16
Mason Graham,Jerome Baker,1050,4
Mason Graham,Joe Tryon-Shoyinka,1050,4
Mason Graham,Maliek Collins,1050,8
Mason Graham,Myles Harden,1050,15
Mason Graham,Rayshawn Jenkins,1050,7
Mason Graham,Ronnie Hickman Jr.,1050,19
Mason Graham,Sam Kamara,1050,10
Mason Kinsey,Andrew Rupcich,2100,45
Mason Kinsey,Arlington Hambright,2100,3
Mason Kinsey,Brandon Allen,2100,17
Mason Kinsey,Brandon Crenshaw-Dickson,2100,22
Mason Kinsey,Brenden Jaimes,2100,22
Mason Kinsey,Bryce Oliver,2100,10
Mason Kinsey,David Martin-Robinson,2100,11
Mason Kinsey,Drake Dabney,2100,14
Mason Kinsey,Jackson Slater,2100,48
Mason Kinsey,Jaelyn Duncan,2100,29
Mason Kinsey,James Proche,2100,18
Mason Kinsey,Jermar Jefferson,2100,9
Mason Kinsey,Jha'Quan Jackson,2100,18
Mason Kinsey,John Ojukwu,2100,26
Mason Kinsey,Jordan Mims,2100,35
Mason Kinsey,Josh Whyle,2100,18
Mason Kinsey,Kalel Mullings,2100,4
Mason Kinsey,Olisaemeka Udoh,2100,19
Mason Kinsey,Sam Mustipher,2100,26
Mason Kinsey,T.J. Sheffield,2100,14
Mason Kinsey,Thomas Odukoya,2100,14
Mason Kinsey,Tim Boyle,2100,10
Mason Kinsey,Trevor Siemian,2100,21
Mason Kinsey,Xavier Restrepo,2100,27
Mason McCormick,Ben Skowronek,3900,3
Mason McCormick,Brandon Johnson,3900,17
Mason McCormick,Broderick Jones,3900,35
Mason McCormick,Connor Heyward,3900,15
Mason McCormick,Darnell Washington,3900,21
Mason McCormick,Jaylen Warren,3900,7
Mason McCormick,Kaleb Johnson,3900,15
Mason McCormick,Ke'Shawn Williams,3900,1
Mason McCormick,Kenneth Gainwell,3900,12
Mason McCormick,Lance McCutcheon,3900,13
Mason McCormick,Mason Rudolph,3900,34
Mason McCormick,Max Hurleman,3900,8
Mason McCormick,Pat Freiermuth,3900,11
Mason McCormick,Robert Woods,3900,10
Mason McCormick,Roman Wilson,3900,25
Mason McCormick,Scott Miller,3900,16
Mason McCormick,Skylar Thompson,3900,1
Mason McCormick,Spencer Anderson,3900,35
Mason McCormick,Trey Sermon,3900,1
Mason McCormick,Troy Fautanu,3900,35
Mason McCormick,Zach Frazier,3900,35
Mason Miller,Colby Sorsdal,1540,22
Mason Miller,Craig Reynolds,1540,14
Mason Miller,Deon Jackson,1540,12
Mason Miller,Dominic Lovett,1540,34
Mason Miller,Giovanni Manu,1540,100
Mason Miller,Gunnar Oakes,1540,1
Mason Miller,Gunner Britton,1540,40
Mason Miller,Hendon Hooker,1540,79
Mason Miller,Isaac TeSlaa,1540,27
Mason Miller,Jabari Small,1540,26
Mason Miller,Jackson Meeks,1540,67
Mason Miller,Jacob Saylors,1540,48
Mason Miller,Jakobie Keeney-James,1540,53
Mason Miller,Kayode Awosika,1540,22
Mason Miller,Kenny Yeboah,1540,25
Mason Miller,Kingsley Eguakun,1540,23
Mason Miller,Kyle Allen,1540,21
Mason Miller,Malik Taylor,1540,19
Mason Miller,Michael Niese,1540,73
Mason Miller,Netane Muti,1540,21
Mason Miller,Ronnie Bell,1540,52
Mason Miller,Shane Zylstra,1540,20
Mason Miller,Steven Stilianos,1540,12
Mason Miller,Tate Ratledge,1540,22
Mason Miller,Tom Kennedy,1540,27
Mason Miller,Trystan Colon,1540,37
Mason Miller,Zach Horton,1540,63
Mason Miller,Zack Johnson,1540,40
Mason Richman,Amari Kight,4600,39
Mason Richman,Anthony Tyus III,4600,36
Mason Richman,Brady Russell,4600,24
Mason Richman,Bryce Cabeldue,4600,78
Mason Richman,Christian Haynes,4600,11
Mason Richman,Cody White,4600,39
Mason Richman,Damien Martinez,4600,18
Mason Richman,Dareke Young,4600,13
Mason Richman,Drew Lock,4600,3
Mason Richman,Elijah Arroyo,4600,7
Mason Richman,Eric Saubert,4600,1
Mason Richman,Federico Maranges,4600,62
Mason Richman,George Holani,4600,1
Mason Richman,Jacardia Wright,4600,32
Mason Richman,Jake Bobo,4600,11
Mason Richman,Jalen Milroe,4600,84
Mason Richman,Jalen Sundell,4600,1
Mason Richman,John Rhys Plumlee,4600,17
Mason Richman,Josh Jones,4600,1
Mason Richman,Luke Felix-Fualalo,4600,53
Mason Richman,Marquez Valdes-Scantling,4600,9
Mason Richman,Marshall Lang,4600,61
Mason Richman,Michael Jerrell,4600,48
Mason Richman,Nick Kallerup,4600,47
Mason Richman,Ricky White III,4600,56
Mason Richman,Sataoa Laumea,4600,56
Mason Richman,Tyrone Broden,4600,62
Mason Rudolph,Ben Skowronek,3900,3
Mason Rudolph,Brandon Johnson,3900,17
Mason Rudolph,Broderick Jones,3900,34
Mason Rudolph,Connor Heyward,3900,14
Mason Rudolph,Darnell Washington,3900,20
Mason Rudolph,Jaylen Warren,3900,7
Mason Rudolph,Kaleb Johnson,3900,14
Mason Rudolph,Ke'Shawn Williams,3900,1
Mason Rudolph,Kenneth Gainwell,3900,12
Mason Rudolph,Lance McCutcheon,3900,13
Mason Rudolph,Mason McCormick,3900,34
Mason Rudolph,Max Hurleman,3900,8
Mason Rudolph,Pat Freiermuth,3900,11
Mason Rudolph,Robert Woods,3900,10
Mason Rudolph,Roman Wilson,3900,24
Mason Rudolph,Scott Miller,3900,15
Mason Rudolph,Spencer Anderson,3900,34
Mason Rudolph,Trey Sermon,3900,1
Mason Rudolph,Troy Fautanu,3900,34
Mason Rudolph,Zach Frazier,3900,34
Mason Taylor,Alijah Vera-Tucker,3430,13
Mason Taylor,Andrew Beck,3430,1
Mason Taylor,Arian Smith,3430,1
Mason Taylor,Armand Membou,3430,13
Mason Taylor,Braelon Allen,3430,6
Mason Taylor,Breece Hall,3430,8
Mason Taylor,Garrett Wilson,3430,13
Mason Taylor,Jeremy Ruckert,3430,5
Mason Taylor,Joe Tippmann,3430,13
Mason Taylor,John Simpson,3430,13
Mason Taylor,Josh Reynolds,3430,12
Mason Taylor,Justin Fields,3430,13
Mason Taylor,Olumuyiwa Fashanu,3430,13
Mason Taylor,Tyler Johnson,3430,4
Mason Taylor,Zack Kuntz,3430,2
Mason Tipton,Barry Wesley,3300,68
Mason Tipton,Brandin Cooks,3300,6
Mason Tipton,Bub Means,3300,4
Mason Tipton,Cam Akers,3300,32
Mason Tipton,Cedrick Wilson Jr.,3300,63
Mason Tipton,Cesar Ruiz,3300,9
Mason Tipton,Clyde Edwards-Helaire,3300,17
Mason Tipton,Dante Pettis,3300,39
Mason Tipton,Devin Neal,3300,18
Mason Tipton,Dillon Radunz,3300,37
Mason Tipton,Easton Kilty,3300,80
Mason Tipton,Jack Stoll,3300,18
Mason Tipton,Jake Haener,3300,6
Mason Tipton,Jonathan Mendoza,3300,46
Mason Tipton,Josiah Ezirim,3300,14
Mason Tipton,Juwan Johnson,3300,7
Mason Tipton,Kelvin Banks Jr.,3300,16
Mason Tipton,Kendre Miller,3300,13
Mason Tipton,Kevin Austin Jr.,3300,81
Mason Tipton,Kyle Hergel,3300,43
Mason Tipton,Landon Young,3300,28
Mason Tipton,Luke Fortner,3300,1
Mason Tipton,Marcus Yarns,3300,5
Mason Tipton,Michael Jacobson,3300,17
Mason Tipton,Mike Panasiuk,3300,9
Mason Tipton,Moliki Matavao,3300,40
Mason Tipton,Moochie Dixon,3300,1
Mason Tipton,Seth Green,3300,7
Mason Tipton,Shane Lemieux,3300,63
Mason Tipton,Spencer Rattler,3300,50
Mason Tipton,Taliese Fuaga,3300,7
Mason Tipton,Torricelli Simpkins III,3300,97
Mason Tipton,Trevor Penning,3300,16
Mason Tipton,Treyton Welch,3300,31
Mason Tipton,Tyler Shough,3300,51
Mason Tipton,Velus Jones Jr.,3300,29
Mason Tipton,Will Clapp,3300,1
Matt Dickerson,Alex Huntley,2700,20
Matt Dickerson,BJ Adams,2700,20
Matt Dickerson,Ben Stille,2700,5
Matt Dickerson,Cam Smith,2700,23
Matt Dickerson,Cameron Dantzler,2700,8
Matt Dickerson,Cameron Goode,2700,26
Matt Dickerson,Channing Tindall,2700,41
Matt Dickerson,Chop Robinson,2700,1
Matt Dickerson,Cornell Armstrong,2700,17
Matt Dickerson,Dequan Jackson,2700,30
Matt Dickerson,Derrick McLendon,2700,31
Matt Dickerson,Elijah Campbell,2700,9
Matt Dickerson,Ethan Bonner,2700,2
Matt Dickerson,Ethan Robinson,2700,14
Matt Dickerson,Eugene Asante,2700,18
Matt Dickerson,Grayson Murphy,2700,33
Matt Dickerson,Ifeatu Melifonwu,2700,6
Matt Dickerson,Isaiah Johnson,2700,35
Matt Dickerson,Jack Jones,2700,9
Matt Dickerson,Jason Marshall Jr.,2700,11
Matt Dickerson,John Saunders Jr.,2700,28
Matt Dickerson,Jordan Colbert,2700,32
Matt Dickerson,Jordan Phillips,2700,14
Matt Dickerson,K.J. Britt,2700,9
Matt Dickerson,Kendall Sheffield,2700,5
Matt Dickerson,Kenneth Grant,2700,1
Matt Dickerson,Matthew Butler,2700,4
Matt Dickerson,Matthew Judon,2700,1
Matt Dickerson,Mike Hilton,2700,5
Matt Dickerson,Mohamed Kamara,2700,4
Matt Dickerson,Patrick McMorris,2700,23
Matt Dickerson,Quinton Bell,2700,12
Matt Dickerson,Storm Duck,2700,6
Matt Dickerson,Willie Gay Jr.,2700,5
Matt Dickerson,Zeek Biggers,2700,32
Matt Goncalves,Adonai Mitchell,2200,79
Matt Goncalves,Andrew Ogletree,2200,37
Matt Goncalves,Anthony Gould,2200,62
Matt Goncalves,Anthony Richardson,2200,24
Matt Goncalves,Ashton Dulin,2200,53
Matt Goncalves,Blake Freeland,2200,38
Matt Goncalves,Braden Smith,2200,13
Matt Goncalves,D.J. Montgomery,2200,1
Matt Goncalves,DJ Giddens,2200,53
Matt Goncalves,Dalton Tucker,2200,67
Matt Goncalves,Daniel Jones,2200,43
Matt Goncalves,Danny Pinter,2200,14
Matt Goncalves,Jalen Travis,2200,81
Matt Goncalves,Jonathan Taylor,2200,10
Matt Goncalves,Laquon Treadwell,2200,15
Matt Goncalves,Luke Tenuta,2200,30
Matt Goncalves,Michael Pittman,2200,14
Matt Goncalves,Mo Alie-Cox,2200,4
Matt Goncalves,Quenton Nelson,2200,14
Matt Goncalves,Riley Leonard,2200,14
Matt Goncalves,Tanor Bortolini,2200,67
Matt Goncalves,Tyler Goodson,2200,18
Matt Goncalves,Tyler Warren,2200,30
Matt Goncalves,Will Mallory,2200,29
Matt Hennessy,Austen Pleasants,4500,58
Matt Hennessy,Ben Bartch,4500,12
Matt Hennessy,Brayden Willis,4500,32
Matt Hennessy,Carter Bradley,4500,9
Matt Hennessy,Connor Colby,4500,54
Matt Hennessy,Corey Kiner,4500,8
Matt Hennessy,Demarcus Robinson,4500,47
Matt Hennessy,Isaac Guerendo,4500,12
Matt Hennessy,Isaiah Hodgins,4500,15
Matt Hennessy,Isaiah Prince,4500,8
Matt Hennessy,Jake Tonges,4500,28
Matt Hennessy,Jeff Wilson,4500,14
Matt Hennessy,Jordan Watkins,4500,15
Matt Hennessy,Junior Bergen,4500,4
Matt Hennessy,Ke'Shawn Vaughn,4500,19
Matt Hennessy,Luke Farrell,4500,46
Matt Hennessy,Mac Jones,4500,47
Matt Hennessy,Nick Zakelj,4500,66
Matt Hennessy,Patrick Taylor,4500,13
Matt Hennessy,Robbie Chosen,4500,30
Matt Hennessy,Russell Gage,4500,36
Matt Hennessy,Skyy Moore,4500,8
Matt Hennessy,Spencer Burford,4500,66
Matt Hennessy,Tanner Mordecai,4500,10
Matt Hennessy,Terique Owens,4500,3
Matt Jones,Amari Gainer,2520,4
Matt Jones,Andre Carter II,2520,33
Matt Jones,Anthony Booker,2520,5
Matt Jones,Charles Snowden,2520,41
Matt Jones,Chris Smith II,2520,49
Matt Jones,Cody Lindenberg,2520,27
Matt Jones,Darien Porter,2520,26
Matt Jones,Darnay Holmes,2520,9
Matt Jones,Decamerion Richardson,2520,43
Matt Jones,Eric Stokes,2520,5
Matt Jones,Greedy Vance,2520,23
Matt Jones,Hudson Clark,2520,24
Matt Jones,Isaiah Pola-Mao,2520,24
Matt Jones,JJ Pegues,2520,28
Matt Jones,JT Woods,2520,31
Matt Jones,Jah Joyner,2520,6
Matt Jones,Jahfari Harvey,2520,13
Matt Jones,Jamal Adams,2520,18
Matt Jones,Jaylon Smith,2520,21
Matt Jones,John Humphrey,2520,12
Matt Jones,Jonah Laulu,2520,19
Matt Jones,Keondre Coburn,2520,5
Matt Jones,Kyu Kelly,2520,18
Matt Jones,Leki Fotu,2520,7
Matt Jones,Malcolm Koonce,2520,13
Matt Jones,Michael Barrett,2520,6
Matt Jones,Ovie Oghoufo,2520,23
Matt Jones,Sam Webb,2520,19
Matt Jones,Terrell Edmunds,2520,25
Matt Jones,Thomas Booker,2520,15
Matt Jones,Tommy Eichenberg,2520,27
Matt Jones,Tonka Hemingway,2520,46
Matt Jones,Treven Ma'ae,2520,20
Matt Jones,Trey Taylor,2520,32
Matt Jones,Tyree Wilson,2520,25
Matt Jones,Zachary Carter,2520,28
Matt Landers,Andrew Rupcich,2100,3
Matt Landers,Arlington Hambright,2100,5
Matt Landers,Brandon Crenshaw-Dickson,2100,8
Matt Landers,Brenden Jaimes,2100,3
Matt Landers,Drake Dabney,2100,4
Matt Landers,Jackson Slater,2100,8
Matt Landers,Jaelyn Duncan,2100,8
Matt Landers,Jermar Jefferson,2100,2
Matt Landers,Jordan Mims,2100,6
Matt Landers,Josh Whyle,2100,4
Matt Landers,Sam Mustipher,2100,5
Matt Landers,T.J. Sheffield,2100,8
Matt Landers,Tim Boyle,2100,8
Matt Landers,Xavier Restrepo,2100,8
Matt Lee,Andrew Coker,0920,29
Matt Lee,Andrew Stueber,0920,11
Matt Lee,Caleb Etienne,0920,29
Matt Lee,Cam Grandy,0920,7
Matt Lee,Desmond Ridder,0920,29
Matt Lee,Gary Brightwell,0920,9
Matt Lee,Isaiah Williams,0920,28
Matt Lee,Jalen Rivers,0920,18
Matt Lee,Jamoi Mayes,0920,13
Matt Lee,Jaxson Kirkland,0920,29
Matt Lee,Jermaine Burton,0920,15
Matt Lee,Kendall Milton,0920,20
Matt Lee,Kendric Pryor,0920,29
Matt Lee,Tanner McLachlan,0920,24
Matt Milano,A.J. Epenesa,0610,7
Matt Milano,Cam Lewis,0610,17
Matt Milano,Christian Benford,0610,17
Matt Milano,DaQuan Jones,0610,11
Matt Milano,Damar Hamlin,0610,17
Matt Milano,DeWayne Carter,0610,6
Matt Milano,Ed Oliver,0610,11
Matt Milano,Greg Rousseau,0610,10
Matt Milano,Joe Andreessen,0610,17
Matt Milano,Joey Bosa,0610,10
Matt Milano,Larry Ogunjobi,0610,6
Matt Milano,Michael Hoecht,0610,7
Matt Milano,Taron Johnson,0610,16
Matt Milano,Te'Cory Couch,0610,1
Matt Milano,Tre'Davious White,0610,17
Matt Peart,A.T. Perry,1400,3
Matt Peart,Adam Prentice,1400,6
Matt Peart,Adam Trautman,1400,5
Matt Peart,Alex Forsyth,1400,94
Matt Peart,Alex Palczewski,1400,82
Matt Peart,Audric EstimÃ©,1400,9
Matt Peart,Blake Watson,1400,27
Matt Peart,Caden Prieskorn,1400,18
Matt Peart,Caleb Lohner,1400,7
Matt Peart,Calvin Throckmorton,1400,80
Matt Peart,Devaughn Vele,1400,10
Matt Peart,Evan Engram,1400,9
Matt Peart,Frank Crum,1400,52
Matt Peart,Jaleel McLaughlin,1400,13
Matt Peart,Jarrett Stidham,1400,64
Matt Peart,Jerjuan Newton,1400,33
Matt Peart,Kyrese Rowan,1400,4
Matt Peart,Lucas Krull,1400,74
Matt Peart,Marvin Mims Jr.,1400,1
Matt Peart,Michael Bandy,1400,39
Matt Peart,Nick Gargiulo,1400,34
Matt Peart,Pat Bryant,1400,82
Matt Peart,RJ Harvey,1400,10
Matt Peart,Sam Ehlinger,1400,30
Matt Peart,Trent Sherfield,1400,38
Matt Peart,Troy Franklin,1400,47
Matt Peart,Tyler Badie,1400,35
Matt Peart,Will Sherman,1400,34
Matt Pryor,AJ Dillon,3700,22
Matt Pryor,Ainias Smith,3700,38
Matt Pryor,Ben VanSumeren,3700,3
Matt Pryor,Brett Toth,3700,57
Matt Pryor,Darian Kinnard,3700,48
Matt Pryor,Darius Cooper,3700,43
Matt Pryor,Dorian Thompson-Robinson,3700,9
Matt Pryor,Drew Kendall,3700,57
Matt Pryor,E.J. Jenkins,3700,6
Matt Pryor,Elijah Cooks,3700,1
Matt Pryor,Grant Calcaterra,3700,13
Matt Pryor,Harrison Bryant,3700,21
Matt Pryor,Jahan Dotson,3700,9
Matt Pryor,Johnny Wilson,3700,47
Matt Pryor,Keilan Robinson,3700,14
Matt Pryor,Kendall Lamm,3700,30
Matt Pryor,Kyle McCord,3700,7
Matt Pryor,Kylen Granson,3700,29
Matt Pryor,Montrell Johnson Jr.,3700,7
Matt Pryor,Myles Hinton,3700,27
Matt Pryor,Nick Muse,3700,4
Matt Pryor,Tanner McKee,3700,41
Matt Pryor,Terrace Marshall Jr.,3700,13
Matt Pryor,Tyler Steen,3700,9
Matt Pryor,Will Shipley,3700,14
Matt Sokol,Chase Lundt,0610,32
Matt Sokol,Dan Feeney,0610,2
Matt Sokol,Darrynton Evans,0610,4
Matt Sokol,Deon Cain,0610,18
Matt Sokol,Elijah Young,0610,12
Matt Sokol,Frank Gore Jr.,0610,16
Matt Sokol,Jacob Bayer,0610,32
Matt Sokol,Jalen Virgil,0610,9
Matt Sokol,KJ Hamler,0610,2
Matt Sokol,Kaden Prather,0610,2
Matt Sokol,Keleki Latu,0610,12
Matt Sokol,Kristian Wilkerson,0610,14
Matt Sokol,Laviska Shenault Jr.,0610,21
Matt Sokol,Mike Edwards,0610,30
Matt Sokol,Mitchell Trubisky,0610,1
Matt Sokol,Richard Gouraige,0610,32
Matt Sokol,Rush Reimer,0610,16
Matt Sokol,Ryan Van Demark,0610,1
Matt Sokol,Shane Buechele,0610,31
Matt Sokol,Stephen Gosnell,0610,13
Matt Sokol,Travis Clayton,0610,15
Matt Sokol,Zach Davidson,0610,5
Matthew Butler,Alex Huntley,2700,7
Matthew Butler,BJ Adams,2700,6
Matthew Butler,Ben Stille,2700,6
Matthew Butler,Benito Jones,2700,8
Matthew Butler,Cam Smith,2700,10
Matthew Butler,Cameron Dantzler,2700,4
Matthew Butler,Cameron Goode,2700,18
Matthew Butler,Channing Tindall,2700,25
Matthew Butler,Chop Robinson,2700,9
Matthew Butler,Cornell Armstrong,2700,13
Matthew Butler,Dante Trader Jr.,2700,4
Matthew Butler,Dequan Jackson,2700,10
Matthew Butler,Derrick McLendon,2700,23
Matthew Butler,Elijah Campbell,2700,22
Matthew Butler,Ethan Bonner,2700,10
Matthew Butler,Ethan Robinson,2700,4
Matthew Butler,Eugene Asante,2700,12
Matthew Butler,Grayson Murphy,2700,31
Matthew Butler,Ifeatu Melifonwu,2700,32
Matthew Butler,Isaiah Johnson,2700,15
Matthew Butler,Jack Jones,2700,23
Matthew Butler,Jason Marshall Jr.,2700,17
Matthew Butler,John Saunders Jr.,2700,10
Matthew Butler,Jordan Colbert,2700,20
Matthew Butler,Jordan Phillips,2700,18
Matthew Butler,K.J. Britt,2700,36
Matthew Butler,Kendall Sheffield,2700,17
Matthew Butler,Kenneth Grant,2700,29
Matthew Butler,Matt Dickerson,2700,4
Matthew Butler,Matthew Judon,2700,9
Matthew Butler,Mike Hilton,2700,8
Matthew Butler,Mohamed Kamara,2700,1
Matthew Butler,Patrick McMorris,2700,28
Matthew Butler,Quinton Bell,2700,25
Matthew Butler,Storm Duck,2700,29
Matthew Butler,Willie Gay Jr.,2700,30
Matthew Butler,Zeek Biggers,2700,7
Matthew Cindric,Ben DiNucci,0200,9
Matthew Cindric,Brandon Parker,0200,18
Matthew Cindric,DJ Chark,0200,20
Matthew Cindric,Dylan Drummond,0200,2
Matthew Cindric,Easton Stick,0200,9
Matthew Cindric,Elijah Dotson,0200,15
Matthew Cindric,Emory Jones,0200,13
Matthew Cindric,Jack Nelson,0200,13
Matthew Cindric,Jake Hanson,0200,25
Matthew Cindric,Jashaun Corbin,0200,14
Matthew Cindric,Jesse Matthews,0200,22
Matthew Cindric,Jordan Williams,0200,29
Matthew Cindric,Joshua Gray,0200,31
Matthew Cindric,Joshua Simon,0200,25
Matthew Cindric,Jovaughn Gwyn,0200,6
Matthew Cindric,Nate Carter,0200,2
Matthew Cindric,Nick Nash,0200,14
Matthew Cindric,Nikola Kalinic,0200,13
Matthew Cindric,Quincy Skinner Jr.,0200,28
Matthew Cindric,Tyrone Wheatley Jr.,0200,2
Matthew Golden,Aaron Banks,1800,10
Matthew Golden,Chris Brooks,1800,14
Matthew Golden,Donovan Jennings,1800,14
Matthew Golden,Elgton Jenkins,1800,10
Matthew Golden,Emanuel Wilson,1800,7
Matthew Golden,John FitzPatrick,1800,6
Matthew Golden,Jordan Love,1800,10
Matthew Golden,Jordan Morgan,1800,24
Matthew Golden,Josh Jacobs,1800,3
Matthew Golden,Luke Musgrave,1800,15
Matthew Golden,Malik Heath,1800,13
Matthew Golden,Malik Willis,1800,14
Matthew Golden,Mecole Hardman,1800,2
Matthew Golden,Rasheed Walker,1800,14
Matthew Golden,Romeo Doubs,1800,22
Matthew Golden,Sean Rhyan,1800,24
Matthew Golden,Tucker Kraft,1800,14
Matthew Golden,Zach Tom,1800,24
Matthew Judon,Benito Jones,2700,4
Matthew Judon,Cam Smith,2700,4
Matthew Judon,Channing Tindall,2700,4
Matthew Judon,Chop Robinson,2700,10
Matthew Judon,Elijah Campbell,2700,10
Matthew Judon,Ifeatu Melifonwu,2700,6
Matthew Judon,Isaiah Johnson,2700,4
Matthew Judon,Jack Jones,2700,6
Matthew Judon,Jason Marshall Jr.,2700,6
Matthew Judon,Jordan Phillips,2700,9
Matthew Judon,K.J. Britt,2700,10
Matthew Judon,Matt Dickerson,2700,1
Matthew Judon,Matthew Butler,2700,9
Matthew Judon,Patrick McMorris,2700,4
Matthew Judon,Storm Duck,2700,6
Matthew Judon,Willie Gay Jr.,2700,6
Matthew Judon,Zeek Biggers,2700,1
Maurice Alexander,Austin Reed,0810,8
Maurice Alexander,Braxton Jones,0810,4
Maurice Alexander,Brittain Brown,0810,28
Maurice Alexander,Case Keenum,0810,12
Maurice Alexander,Chris Glaser,0810,39
Maurice Alexander,Deion Hankins,0810,4
Maurice Alexander,Durham Smythe,0810,18
Maurice Alexander,Ian Wheeler,0810,28
Maurice Alexander,JP Richardson,0810,9
Maurice Alexander,Jahdae Walker,0810,27
Maurice Alexander,Joel Wilson,0810,32
Maurice Alexander,Jordan McFadden,0810,70
Maurice Alexander,Joshua Miles,0810,31
Maurice Alexander,Kiran Amegadjie,0810,18
Maurice Alexander,Kyle Monangai,0810,5
Maurice Alexander,Luke Newman,0810,45
Maurice Alexander,Luther Burden III,0810,41
Maurice Alexander,Miles Boykin,0810,1
Maurice Alexander,Ozzy Trapilo,0810,48
Maurice Alexander,Ricky Stromberg,0810,31
Maurice Alexander,Royce Freeman,0810,8
Maurice Alexander,Ryan Bates,0810,46
Maurice Alexander,Samori Toure,0810,29
Maurice Alexander,Stephen Carlson,0810,23
Maurice Alexander,Theo Benedet,0810,53
Maurice Alexander,Thomas Gordon,0810,8
Maurice Alexander,Travis Homer,0810,4
Maurice Alexander,Tyler Scott,0810,43
Maurice Alexander,Tyson Bagent,0810,57
Max Brosmer,Ben Yurosek,3000,13
Max Brosmer,Bryson Nesbit,3000,46
Max Brosmer,Dontae Fleming,3000,36
Max Brosmer,Giovanni Ricci,3000,22
Max Brosmer,Henry Byrd,3000,11
Max Brosmer,Jeshaun Jones,3000,42
Max Brosmer,Joe Huber,3000,81
Max Brosmer,Leroy Watson IV,3000,63
Max Brosmer,Logan Brown,3000,70
Max Brosmer,Lucky Jackson,3000,16
Max Brosmer,Michael Gonzalez,3000,54
Max Brosmer,Michael Jurgens,3000,20
Max Brosmer,Myles Price,3000,51
Max Brosmer,Nick Vannett,3000,20
Max Brosmer,Robert Lewis,3000,11
Max Brosmer,Silas Bolden,3000,18
Max Brosmer,Tai Felton,3000,2
Max Brosmer,Thayer Thomas,3000,13
Max Brosmer,Tim Jones,3000,34
Max Brosmer,Tre Stewart,3000,40
Max Brosmer,Vershon Lee,3000,81
Max Brosmer,Xazavian Valladay,3000,13
Max Brosmer,Zack Bailey,3000,18
Max Brosmer,Zavier Scott,3000,28
Max Brosmer,Zeke Correll,3000,7
Max Hurleman,Aiden Williams,3900,32
Max Hurleman,Andrus Peat,3900,25
Max Hurleman,Brandon Johnson,3900,9
Max Hurleman,Broderick Jones,3900,8
Max Hurleman,Connor Heyward,3900,13
Max Hurleman,Darnell Washington,3900,5
Max Hurleman,Doug Nester,3900,52
Max Hurleman,Dylan Cook,3900,36
Max Hurleman,Evan Hull,3900,14
Max Hurleman,Gareth Warren,3900,22
Max Hurleman,JJ Galbreath,3900,42
Max Hurleman,Jaylen Warren,3900,3
Max Hurleman,Julian Pearl,3900,5
Max Hurleman,Kaleb Johnson,3900,14
Max Hurleman,Ke'Shawn Williams,3900,26
Max Hurleman,Kenneth Gainwell,3900,4
Max Hurleman,Lance McCutcheon,3900,27
Max Hurleman,Lew Nichols III,3900,12
Max Hurleman,Logan Woodside,3900,13
Max Hurleman,Mason McCormick,3900,8
Max Hurleman,Mason Rudolph,3900,8
Max Hurleman,Max Scharping,3900,55
Max Hurleman,Pat Freiermuth,3900,3
Max Hurleman,Robert Woods,3900,29
Max Hurleman,Roc Taylor,3900,25
Max Hurleman,Roman Wilson,3900,6
Max Hurleman,Ryan McCollum,3900,8
Max Hurleman,Scott Miller,3900,4
Max Hurleman,Skylar Thompson,3900,42
Max Hurleman,Spencer Anderson,3900,8
Max Hurleman,Steven Jones,3900,40
Max Hurleman,Trey Sermon,3900,16
Max Hurleman,Troy Fautanu,3900,8
Max Hurleman,Zach Frazier,3900,8
Max Melton,Akeem Davis-Gaither,3800,15
Max Melton,Baron Browning,3800,10
Max Melton,Budda Baker,3800,10
Max Melton,Dadrion Taylor-Demerson,3800,9
Max Melton,Dalvin Tomlinson,3800,5
Max Melton,Dante Stills,3800,15
Max Melton,Darius Robinson,3800,8
Max Melton,Darren Hall,3800,3
Max Melton,Elijah Simmons,3800,2
Max Melton,Garrett Williams,3800,10
Max Melton,Jalen Thompson,3800,10
Max Melton,Joey Blount,3800,9
Max Melton,Jordan Burch,3800,9
Max Melton,L.J. Collier,3800,11
Max Melton,Mack Wilson,3800,10
Max Melton,Owen Pappoe,3800,9
Max Melton,PJ Mustipher,3800,7
Max Melton,Will Johnson,3800,19
Max Melton,Xavier Thomas,3800,9
Max Melton,Zaven Collins,3800,10
Max Mitchell,Adrian Martinez,3430,39
Max Mitchell,Allen Lazard,3430,8
Max Mitchell,Andrew Beck,3430,16
Max Mitchell,Arian Smith,3430,62
Max Mitchell,Armand Membou,3430,27
Max Mitchell,Brady Cook,3430,35
Max Mitchell,Braelon Allen,3430,17
Max Mitchell,Brandon Smith,3430,62
Max Mitchell,Carter Warren,3430,16
Max Mitchell,Chukwuma Okorafor,3430,31
Max Mitchell,Donovan Edwards,3430,9
Max Mitchell,Isaiah Davis,3430,10
Max Mitchell,Jamaal Pritchett,3430,30
Max Mitchell,Jeremy Ruckert,3430,27
Max Mitchell,Josh Myers,3430,36
Max Mitchell,Kene Nwangwu,3430,38
Max Mitchell,Kohl Levao,3430,74
Max Mitchell,Liam Fornadel,3430,16
Max Mitchell,Malachi Corley,3430,26
Max Mitchell,Marquis Hayes,3430,22
Max Mitchell,Neal Johnson,3430,1
Max Mitchell,Quentin Skinner,3430,4
Max Mitchell,Stone Smartt,3430,33
Max Mitchell,Tyler Johnson,3430,12
Max Mitchell,Xavier Newman-Johnson,3430,74
Max Mitchell,Zack Kuntz,3430,15
Max Scharping,Aiden Williams,3900,50
Max Scharping,Andrus Peat,3900,66
Max Scharping,Brandon Johnson,3900,27
Max Scharping,Connor Heyward,3900,40
Max Scharping,Darnell Washington,3900,9
Max Scharping,Doug Nester,3900,106
Max Scharping,Dylan Cook,3900,95
Max Scharping,Evan Hull,3900,24
Max Scharping,Gareth Warren,3900,41
Max Scharping,JJ Galbreath,3900,97
Max Scharping,Julian Pearl,3900,12
Max Scharping,Kaleb Johnson,3900,43
Max Scharping,Ke'Shawn Williams,3900,51
Max Scharping,Kevin Foelsch,3900,28
Max Scharping,Lance McCutcheon,3900,61
Max Scharping,Lew Nichols III,3900,24
Max Scharping,Logan Woodside,3900,30
Max Scharping,Max Hurleman,3900,55
Max Scharping,Robert Woods,3900,53
Max Scharping,Roc Taylor,3900,37
Max Scharping,Roman Wilson,3900,17
Max Scharping,Ryan McCollum,3900,30
Max Scharping,Scott Miller,3900,17
Max Scharping,Skylar Thompson,3900,94
Max Scharping,Steven Jones,3900,100
Max Scharping,Trey Sermon,3900,33
Maxen Hook,A.J. Woods,3700,11
Maxen Hook,Andre' Sam,3700,15
Maxen Hook,Antwaun Powell-Ryland,3700,41
Maxen Hook,Brandon Johnson,3700,11
Maxen Hook,Chance Campbell,3700,20
Maxen Hook,Dallas Gant,3700,43
Maxen Hook,Eli Ricks,3700,28
Maxen Hook,Gabe Hall,3700,9
Maxen Hook,Jacob Sykes,3700,30
Maxen Hook,Jereme Robinson,3700,5
Maxen Hook,Joe Evans,3700,34
Maxen Hook,Justin Rogers,3700,15
Maxen Hook,Lance Dixon,3700,23
Maxen Hook,Lewis Cine,3700,28
Maxen Hook,Mac McWilliams,3700,19
Maxen Hook,Ochaun Mathis,3700,40
Maxen Hook,Parry Nickerson,3700,37
Maxen Hook,Tariq Castro-Fields,3700,12
Maxen Hook,Ty Robinson,3700,9
Maximilian Mang,Ajou Ajou,2200,5
Maximilian Mang,Blayne Taylor,2200,7
Maximilian Mang,Coleman Owen,2200,2
Maximilian Mang,Jalen Travis,2200,3
Maximilian Mang,Jason Bean,2200,6
Maximilian Mang,Jelani Woods,2200,3
Maximilian Mang,Josh Sills,2200,10
Maximilian Mang,Landon Parker,2200,3
Maximilian Mang,Luke Tenuta,2200,3
Maximilian Mang,Marcellus Johnson,2200,7
Maximilian Mang,Marshall Foerner,2200,7
Maximilian Mang,Mose Vavao,2200,10
Maximilian Mang,Nate Noel,2200,6
Maximilian Mang,Nay'Quan Wright,2200,1
Maximilian Mang,Riley Leonard,2200,4
Maximilian Mang,Sean McKeon,2200,5
Maximilian Mang,Tyler Kahmann,2200,5
Maximilian Mang,Ulysses Bentley IV,2200,3
Maximilian Mang,Wesley French,2200,10
Maxx Crosby,Adam Butler,2520,22
Maxx Crosby,Chris Smith II,2520,7
Maxx Crosby,Darien Porter,2520,12
Maxx Crosby,Darnay Holmes,2520,2
Maxx Crosby,Devin White,2520,23
Maxx Crosby,Elandon Roberts,2520,13
Maxx Crosby,Eric Stokes,2520,23
Maxx Crosby,Germaine Pratt,2520,21
Maxx Crosby,Isaiah Pola-Mao,2520,23
Maxx Crosby,JJ Pegues,2520,4
Maxx Crosby,Jamal Adams,2520,2
Maxx Crosby,Jeremy Chinn,2520,20
Maxx Crosby,Jonah Laulu,2520,12
Maxx Crosby,Kyu Kelly,2520,11
Maxx Crosby,Malcolm Koonce,2520,10
Maxx Crosby,Terrell Edmunds,2520,4
Maxx Crosby,Thomas Booker,2520,11
Maxx Crosby,Tonka Hemingway,2520,3
Maxx Crosby,Tyree Wilson,2520,7
Mazi Smith,Alijah Clark,1200,17
Mazi Smith,Andrew Booth,1200,21
Mazi Smith,Bruce Harmon,1200,4
Mazi Smith,Buddy Johnson,1200,22
Mazi Smith,Christian Matthew,1200,13
Mazi Smith,Damone Clark,1200,22
Mazi Smith,Darius Harris,1200,14
Mazi Smith,Donovan Ezeiruaku,1200,20
Mazi Smith,Earnest Brown IV,1200,5
Mazi Smith,Israel Mukuamu,1200,29
Mazi Smith,Jack Sanborn,1200,9
Mazi Smith,James Houston,1200,14
Mazi Smith,Jay Toia,1200,7
Mazi Smith,Juanyeh Thomas,1200,16
Mazi Smith,Justin Barron,1200,6
Mazi Smith,Kaiir Elam,1200,9
Mazi Smith,Kemon Hall,1200,24
Mazi Smith,Marist Liufau,1200,20
Mazi Smith,Markquese Bell,1200,15
Mazi Smith,Marshawn Kneeland,1200,11
Mazi Smith,Michael Ojemudia,1200,5
Mazi Smith,Mike Smith Jr.,1200,29
Mazi Smith,Payton Turner,1200,23
Mazi Smith,Perrion Winfrey,1200,45
Mazi Smith,Robert Rochell,1200,15
Mazi Smith,Sam Williams,1200,9
Mazi Smith,Shemar James,1200,31
Mazi Smith,Troy Pride,1200,39
Mazi Smith,Tyrus Wheat,1200,24
Mazi Smith,Zion Childress,1200,11
McCallan Castles,A.J. Arcuri,2510,8
McCallan Castles,Beaux Limmer,2510,1
McCallan Castles,Ben Dooley,2510,19
McCallan Castles,Brennan Presley,2510,18
McCallan Castles,Britain Covey,2510,18
McCallan Castles,Cody Schrader,2510,10
McCallan Castles,Drake Stoops,2510,2
McCallan Castles,Dresser Winn,2510,13
McCallan Castles,Jarquez Hunter,2510,1
McCallan Castles,John Leglue,2510,12
McCallan Castles,Jordan Waters,2510,9
McCallan Castles,Justin Dedich,2510,1
McCallan Castles,KT Leveston,2510,20
McCallan Castles,Mario Williams,2510,1
McCallan Castles,Mark Redman,2510,3
McCallan Castles,Mike Mcallister,2510,12
McCallan Castles,Stetson Bennett,2510,7
McCallan Castles,Trey Wedig,2510,19
McCallan Castles,Tru Edwards,2510,18
McCallan Castles,Wyatt Bowles,2510,8
McClendon Curtis,Andre Baccellia,3800,7
McClendon Curtis,Bam Knight,3800,15
McClendon Curtis,Bryson Green,3800,33
McClendon Curtis,Clayton Tune,3800,34
McClendon Curtis,DeeJay Dallas,3800,13
McClendon Curtis,Emari Demercado,3800,3
McClendon Curtis,Hayden Conner,3800,14
McClendon Curtis,Jake Curhan,3800,34
McClendon Curtis,Jeremiah Byers,3800,34
McClendon Curtis,Josiah Deguara,3800,16
McClendon Curtis,Michael Carter,3800,3
McClendon Curtis,Nate McCollum,3800,24
McClendon Curtis,Oscar Cardenas,3800,23
McClendon Curtis,Royce Newman,3800,20
McClendon Curtis,Sincere Haynesworth,3800,34
McClendon Curtis,Tejhaun Palmer,3800,18
McClendon Curtis,Travis Vokolek,3800,10
McClendon Curtis,Trishton Jackson,3800,5
McKinnley Jackson,Barrett Carter,0920,28
McKinnley Jackson,Bralyn Lux,0920,78
McKinnley Jackson,Cameron Sample,0920,15
McKinnley Jackson,Craig Young,0920,44
McKinnley Jackson,D.J. Ivey,0920,53
McKinnley Jackson,Daijahn Anthony,0920,32
McKinnley Jackson,Eric Gregory,0920,36
McKinnley Jackson,Howard Cross III,0920,53
McKinnley Jackson,Isaiah Thomas,0920,75
McKinnley Jackson,Jalen Davis,0920,7
McKinnley Jackson,Jaylen Key,0920,55
McKinnley Jackson,Joe Giles-Harris,0920,35
McKinnley Jackson,Lance Robinson,0920,45
McKinnley Jackson,Maema Njongmeta,0920,49
McKinnley Jackson,Marco Wilson,0920,22
McKinnley Jackson,McTelvin Agim,0920,10
McKinnley Jackson,Nate Brooks,0920,76
McKinnley Jackson,Oren Burks,0920,15
McKinnley Jackson,PJ Jules,0920,41
McKinnley Jackson,Raymond Johnson III,0920,65
McKinnley Jackson,Shaka Heyward,0920,39
McKinnley Jackson,Shaquan Loyal,0920,40
McKinnley Jackson,Shemar Stewart,0920,9
McKinnley Jackson,Taven Bryan,0920,30
McKinnley Jackson,Tycen Anderson,0920,28
McTelvin Agim,Barrett Carter,0920,1
McTelvin Agim,Bralyn Lux,0920,36
McTelvin Agim,Craig Young,0920,24
McTelvin Agim,D.J. Ivey,0920,9
McTelvin Agim,Daijahn Anthony,0920,4
McTelvin Agim,Eric Gregory,0920,26
McTelvin Agim,Howard Cross III,0920,9
McTelvin Agim,Isaiah Thomas,0920,33
McTelvin Agim,Jalen Davis,0920,1
McTelvin Agim,Jaylen Key,0920,29
McTelvin Agim,Joe Giles-Harris,0920,16
McTelvin Agim,Lance Robinson,0920,31
McTelvin Agim,Maema Njongmeta,0920,33
McTelvin Agim,Marco Wilson,0920,2
McTelvin Agim,McKinnley Jackson,0920,10
McTelvin Agim,Nate Brooks,0920,38
McTelvin Agim,PJ Jules,0920,20
McTelvin Agim,Raymond Johnson III,0920,32
McTelvin Agim,Shaka Heyward,0920,9
McTelvin Agim,Shaquan Loyal,0920,26
McTelvin Agim,Taven Bryan,0920,10
McTelvin Agim,Tycen Anderson,0920,1
Mecole Hardman,Amar Johnson,1800,15
Mecole Hardman,Anthony Belton,1800,53
Mecole Hardman,Ben Sims,1800,32
Mecole Hardman,Chris Brooks,1800,8
Mecole Hardman,Cornelius Johnson,1800,14
Mecole Hardman,Donovan Jennings,1800,56
Mecole Hardman,Emanuel Wilson,1800,11
Mecole Hardman,Isaiah Neyor,1800,3
Mecole Hardman,Israel Abanikanda,1800,13
Mecole Hardman,Jacob Monk,1800,39
Mecole Hardman,Jalen White,1800,2
Mecole Hardman,John FitzPatrick,1800,28
Mecole Hardman,Jordan Morgan,1800,38
Mecole Hardman,Julian Hicks,1800,37
Mecole Hardman,Kadeem Telfort,1800,18
Mecole Hardman,Lecitus Smith,1800,14
Mecole Hardman,Luke Musgrave,1800,2
Mecole Hardman,Malik Heath,1800,34
Mecole Hardman,Malik Willis,1800,38
Mecole Hardman,MarShawn Lloyd,1800,7
Mecole Hardman,Matthew Golden,1800,2
Mecole Hardman,Rasheed Walker,1800,3
Mecole Hardman,Romeo Doubs,1800,2
Mecole Hardman,Sean Clifford,1800,10
Mecole Hardman,Sean Rhyan,1800,38
Mecole Hardman,Taylor Elgersma,1800,8
Mecole Hardman,Trey Hill,1800,11
Mecole Hardman,Tyler Cooper,1800,7
Mecole Hardman,Will Sheppard,1800,14
Mecole Hardman,Zach Tom,1800,3
Mehki Butler,Alec Lindstrom,3200,50
Mehki Butler,Ben Wooldridge,3200,50
Mehki Butler,CJ Dippre,3200,25
Mehki Butler,Caedan Wallace,3200,10
Mehki Butler,Cole Fotheringham,3200,27
Mehki Butler,Demontrey Jacobs,3200,46
Mehki Butler,Efton Chism III,3200,13
Mehki Butler,Gee Scott Jr.,3200,18
Mehki Butler,JaMycal Hasty,3200,9
Mehki Butler,Jack Conley,3200,50
Mehki Butler,Jack Westover,3200,3
Mehki Butler,Jaheim Bell,3200,7
Mehki Butler,Javon Baker,3200,15
Mehki Butler,Jeremiah Webb,3200,43
Mehki Butler,John Jiles,3200,33
Mehki Butler,Kyle Williams,3200,6
Mehki Butler,Lan Larison,3200,13
Mehki Butler,Layden Robinson,3200,24
Mehki Butler,Marcus Bryant,3200,4
Mehki Butler,Micah Bernard,3200,2
Mehki Butler,Phil Lutz,3200,10
Mehki Butler,Shane Watts,3200,15
Mehki Butler,Terrell Jennings,3200,11
Mehki Butler,Tyrese Robinson,3200,16
Mekhi Blackmon,Austin Keys,3000,46
Mekhi Blackmon,Bo Richter,3000,76
Mekhi Blackmon,Brian Asamoah,3000,19
Mekhi Blackmon,Cam Gill,3000,18
Mekhi Blackmon,Chaz Chambliss,3000,55
Mekhi Blackmon,Dallas Turner,3000,3
Mekhi Blackmon,Dorian Mausi,3000,28
Mekhi Blackmon,Dwight McGlothern,3000,84
Mekhi Blackmon,Elijah Williams,3000,41
Mekhi Blackmon,Eric Wilson,3000,4
Mekhi Blackmon,Gabriel Murphy,3000,62
Mekhi Blackmon,Gervarrius Owens,3000,2
Mekhi Blackmon,Isaiah Rodgers,3000,3
Mekhi Blackmon,Ivan Pace Jr.,3000,3
Mekhi Blackmon,Jalen Redmond,3000,15
Mekhi Blackmon,Jay Ward,3000,103
Mekhi Blackmon,Jeff Okudah,3000,5
Mekhi Blackmon,Jonathan Harris,3000,45
Mekhi Blackmon,Kahlef Hailassie,3000,21
Mekhi Blackmon,Kobe King,3000,83
Mekhi Blackmon,Levi Drake Rodriguez,3000,27
Mekhi Blackmon,Mishael Powell,3000,4
Mekhi Blackmon,Taki Taimani,3000,42
Mekhi Blackmon,Tavierre Thomas,3000,100
Mekhi Blackmon,Theo Jackson,3000,5
Mekhi Blackmon,Travis Bell,3000,27
Mekhi Blackmon,Tyler Batty,3000,34
Mekhi Blackmon,Tyrion Ingram-Dawkins,3000,57
Mekhi Blackmon,Zemaiah Vaughn,3000,78
Mekhi Garner,Alex Cook,0810,49
Mekhi Garner,Amen Ogbongbemiga,0810,11
Mekhi Garner,Andrew Billings,0810,15
Mekhi Garner,Carl Jones,0810,18
Mekhi Garner,Chris Williams,0810,12
Mekhi Garner,Daniel Hardy,0810,22
Mekhi Garner,Dominique Robinson,0810,17
Mekhi Garner,Jamree Kromah,0810,21
Mekhi Garner,Jeremiah Walker,0810,28
Mekhi Garner,Jonathan Ford,0810,30
Mekhi Garner,Jonathan Owens,0810,20
Mekhi Garner,Kaleb Hayes,0810,23
Mekhi Garner,Mark Perry,0810,29
Mekhi Garner,Nick McCloud,0810,12
Mekhi Garner,Noah Sewell,0810,12
Mekhi Garner,Power Echols,0810,31
Mekhi Garner,Ruben Hyppolite II,0810,21
Mekhi Garner,Swayze Bozeman,0810,14
Mekhi Garner,Tanoh Kpassagnon,0810,17
Mekhi Garner,Tre Flowers,0810,26
Mekhi Garner,Xavier Carlton,0810,25
Mekhi Garner,Zacch Pickens,0810,37
Mello Dotson,Bam Martin-Scott,0750,28
Mello Dotson,Cam Jackson,0750,21
Mello Dotson,Carlos Basham,0750,29
Mello Dotson,DJ Johnson,0750,6
Mello Dotson,Demani Richardson,0750,1
Mello Dotson,Isaac Gifford,0750,42
Mello Dotson,J.J. Weaver,0750,21
Mello Dotson,JaTravis Broughton,0750,24
Mello Dotson,Jack Henderson,0750,32
Mello Dotson,Jacoby Windmon,0750,17
Mello Dotson,Jaden Crumedy,0750,24
Mello Dotson,Jared Harrison-Hunte,0750,29
Mello Dotson,Jon Rhattigan,0750,5
Mello Dotson,Krys Barnes,0750,26
Mello Dotson,Lathan Ransom,0750,11
Mello Dotson,Mapalo Mwansa,0750,10
Mello Dotson,Michael Reid,0750,11
Mello Dotson,Princely Umanmielen,0750,5
Mello Dotson,Sam Roberts,0750,28
Mello Dotson,Shemar Bartholomew,0750,1
Mello Dotson,Thomas Incoom,0750,25
Mello Dotson,Tre Swilling,0750,18
Mello Dotson,Trevian Thomas,0750,16
Melvin Smith Jr.,Ashton Gillotte,2310,8
Melvin Smith Jr.,Brandon George,2310,16
Melvin Smith Jr.,Cam Jones,2310,12
Melvin Smith Jr.,Christian Roland-Wallace,2310,9
Melvin Smith Jr.,Cole Christiansen,2310,13
Melvin Smith Jr.,Cooper McDonald,2310,24
Melvin Smith Jr.,Coziah Izzard,2310,17
Melvin Smith Jr.,Fabien Lovett Sr.,2310,25
Melvin Smith Jr.,Felix Anudike-Uzomah,2310,21
Melvin Smith Jr.,Glendon Miller,2310,29
Melvin Smith Jr.,Jaden Hicks,2310,6
Melvin Smith Jr.,Janarius Robinson,2310,3
Melvin Smith Jr.,Jeffrey Bassa,2310,24
Melvin Smith Jr.,Joshua Williams,2310,36
Melvin Smith Jr.,Kevin Knowles,2310,14
Melvin Smith Jr.,Major Williams,2310,23
Melvin Smith Jr.,Malik Herring,2310,34
Melvin Smith Jr.,Marlon Tuipulotu,2310,21
Melvin Smith Jr.,Mike Edwards,2310,10
Melvin Smith Jr.,Nate Matlack,2310,8
Melvin Smith Jr.,Omarr Norman-Lott,2310,7
Messiah Swinson,Amar Johnson,1800,29
Messiah Swinson,Anthony Belton,1800,54
Messiah Swinson,Ben Sims,1800,8
Messiah Swinson,Brant Banks,1800,41
Messiah Swinson,Cornelius Johnson,1800,42
Messiah Swinson,Donovan Jennings,1800,34
Messiah Swinson,Emanuel Wilson,1800,3
Messiah Swinson,Isaiah Neyor,1800,46
Messiah Swinson,Israel Abanikanda,1800,27
Messiah Swinson,J.J. Lippe,1800,41
Messiah Swinson,Jacob Monk,1800,5
Messiah Swinson,Johnny Lumpkin,1800,39
Messiah Swinson,Julian Hicks,1800,37
Messiah Swinson,Kadeem Telfort,1800,55
Messiah Swinson,Kawaan Baker,1800,17
Messiah Swinson,Lecitus Smith,1800,48
Messiah Swinson,Malik Heath,1800,7
Messiah Swinson,Sean Clifford,1800,28
Messiah Swinson,Taylor Elgersma,1800,47
Messiah Swinson,Trey Hill,1800,48
Messiah Swinson,Tyler Cooper,1800,49
Messiah Swinson,Tyrion Davis-Price,1800,16
Messiah Swinson,Will Sheppard,1800,29
Micah Abraham,Andrew Farmer,1400,24
Micah Abraham,Delarrin Turner-Yell,1400,27
Micah Abraham,Eyioma Uwazurike,1400,6
Micah Abraham,Garret Wallow,1400,8
Micah Abraham,Garrett Nelson,1400,22
Micah Abraham,J.B. Brown,1400,3
Micah Abraham,JL Skinner,1400,2
Micah Abraham,Jaden Robinson,1400,29
Micah Abraham,Jordan Jackson,1400,6
Micah Abraham,Jordan Miller,1400,8
Micah Abraham,Jordan Turner,1400,26
Micah Abraham,Joshua Pickett,1400,24
Micah Abraham,Karene Reid,1400,17
Micah Abraham,Keidron Smith,1400,2
Micah Abraham,Kristian Williams,1400,4
Micah Abraham,Michael Dwumfour,1400,15
Micah Abraham,Que Robinson,1400,12
Micah Abraham,Quinton Newsome,1400,5
Micah Abraham,Sai'vion Jones,1400,23
Micah Abraham,Sam Franklin Jr.,1400,27
Micah Bernard,Alec Lindstrom,3200,7
Micah Bernard,Ben Wooldridge,3200,8
Micah Bernard,CJ Dippre,3200,4
Micah Bernard,Caedan Wallace,3200,8
Micah Bernard,Cole Fotheringham,3200,4
Micah Bernard,Cole Strange,3200,1
Micah Bernard,Demontrey Jacobs,3200,8
Micah Bernard,Gee Scott Jr.,3200,3
Micah Bernard,Jack Conley,3200,7
Micah Bernard,Jack Westover,3200,1
Micah Bernard,Jaheim Bell,3200,1
Micah Bernard,Javon Baker,3200,6
Micah Bernard,Jeremiah Webb,3200,2
Micah Bernard,John Jiles,3200,4
Micah Bernard,Mehki Butler,3200,2
Micah Bernard,Phil Lutz,3200,7
Micah Bernard,Sidy Sow,3200,1
Micah Bernard,Tyrese Robinson,3200,5
Micah Bernard,Vederian Lowe,3200,1
Micah McFadden,Abdul Carter,3410,19
Micah McFadden,Andru Phillips,3410,14
Micah McFadden,Art Green,3410,4
Micah McFadden,Bobby Okereke,3410,22
Micah McFadden,Brian Burns,3410,17
Micah McFadden,Cordale Flott,3410,16
Micah McFadden,DJ Davidson,3410,4
Micah McFadden,Dane Belton,3410,21
Micah McFadden,Darius Muasau,3410,5
Micah McFadden,Deonte Banks,3410,7
Micah McFadden,Elijah Chatman,3410,15
Micah McFadden,Elijah Garcia,3410,2
Micah McFadden,Jevon Holland,3410,24
Micah McFadden,Kayvon Thibodeaux,3410,21
Micah McFadden,Korie Black,3410,5
Micah McFadden,Nic Jones,3410,3
Micah McFadden,Paulson Adebo,3410,24
Micah McFadden,Raheem Layne,3410,5
Micah McFadden,Rakeem Nunez-Roches,3410,23
Micah McFadden,Roy Robertson-Harris,3410,22
Micah McFadden,Tyler Nubin,3410,7
Micah Robinson,Arron Mosby,1800,61
Micah Robinson,Barryn Sorrell,1800,19
Micah Robinson,Bo Melton,1800,20
Micah Robinson,Brenton Cox Jr.,1800,24
Micah Robinson,Colby Wooden,1800,18
Micah Robinson,Corey Ballentine,1800,25
Micah Robinson,Deslin Alexandre,1800,50
Micah Robinson,Devonte O'Malley,1800,8
Micah Robinson,Garnett Hollis Jr.,1800,30
Micah Robinson,Isaiah Dunn,1800,11
Micah Robinson,Isaiah Simmons,1800,54
Micah Robinson,James Ester,1800,30
Micah Robinson,Jamon Johnson,1800,46
Micah Robinson,Jared Bartlett,1800,15
Micah Robinson,Jaylin Simpson,1800,15
Micah Robinson,Johnathan Baldwin,1800,72
Micah Robinson,Kalen King,1800,45
Micah Robinson,Kamal Hadden,1800,25
Micah Robinson,Karl Brooks,1800,21
Micah Robinson,Keith Randolph Jr.,1800,24
Micah Robinson,Kingsley Enagbare,1800,23
Micah Robinson,Kitan Oladapo,1800,39
Micah Robinson,Kristian Welch,1800,57
Micah Robinson,Nazir Stackhouse,1800,36
Micah Robinson,Omar Brown,1800,28
Micah Robinson,Ty'Ron Hopper,1800,36
Micah Robinson,Tyron Herring,1800,34
Micah Robinson,Warren Brinson,1800,54
Michael Bandy,A.T. Perry,1400,1
Michael Bandy,Alex Forsyth,1400,39
Michael Bandy,Alex Palczewski,1400,37
Michael Bandy,Audric EstimÃ©,1400,14
Michael Bandy,Blake Watson,1400,33
Michael Bandy,Caden Prieskorn,1400,11
Michael Bandy,Caleb Lohner,1400,21
Michael Bandy,Calvin Throckmorton,1400,35
Michael Bandy,Clay Webb,1400,18
Michael Bandy,Courtney Jackson,1400,11
Michael Bandy,Devaughn Vele,1400,1
Michael Bandy,Evan Engram,1400,1
Michael Bandy,Frank Crum,1400,35
Michael Bandy,Jaleel McLaughlin,1400,4
Michael Bandy,Jarrett Stidham,1400,20
Michael Bandy,Jerjuan Newton,1400,27
Michael Bandy,Joaquin Davis,1400,6
Michael Bandy,Joseph Michalski,1400,19
Michael Bandy,Kyrese Rowan,1400,11
Michael Bandy,Lucas Krull,1400,33
Michael Bandy,Marques Cox,1400,19
Michael Bandy,Matt Peart,1400,39
Michael Bandy,Nick Gargiulo,1400,10
Michael Bandy,Pat Bryant,1400,33
Michael Bandy,Sam Ehlinger,1400,38
Michael Bandy,Trent Sherfield,1400,15
Michael Bandy,Troy Franklin,1400,3
Michael Bandy,Tyler Badie,1400,7
Michael Bandy,Will Sherman,1400,24
Michael Bandy,Xavier Truss,1400,15
Michael Barrett,Amari Gainer,2520,4
Michael Barrett,Andre Carter II,2520,20
Michael Barrett,Anthony Booker,2520,14
Michael Barrett,Charles Snowden,2520,15
Michael Barrett,Chris Smith II,2520,7
Michael Barrett,Cody Lindenberg,2520,30
Michael Barrett,Darnay Holmes,2520,9
Michael Barrett,Decamerion Richardson,2520,6
Michael Barrett,Greedy Vance,2520,11
Michael Barrett,Hudson Clark,2520,35
Michael Barrett,Isaiah Pola-Mao,2520,6
Michael Barrett,JJ Pegues,2520,30
Michael Barrett,JT Woods,2520,12
Michael Barrett,Jah Joyner,2520,25
Michael Barrett,Jahfari Harvey,2520,7
Michael Barrett,John Humphrey,2520,33
Michael Barrett,Jonah Laulu,2520,1
Michael Barrett,Keondre Coburn,2520,11
Michael Barrett,Kyu Kelly,2520,5
Michael Barrett,Leki Fotu,2520,2
Michael Barrett,Matt Jones,2520,6
Michael Barrett,Ovie Oghoufo,2520,15
Michael Barrett,Sam Webb,2520,26
Michael Barrett,Tommy Eichenberg,2520,2
Michael Barrett,Tonka Hemingway,2520,5
Michael Barrett,Treven Ma'ae,2520,27
Michael Barrett,Trey Taylor,2520,35
Michael Barrett,Tyree Wilson,2520,1
Michael Barrett,Zachary Carter,2520,10
Michael Carter,Andre Baccellia,3800,20
Michael Carter,Bryson Green,3800,8
Michael Carter,Clayton Tune,3800,35
Michael Carter,Elijah Higgins,3800,11
Michael Carter,Hayden Conner,3800,14
Michael Carter,Jacoby Brissett,3800,12
Michael Carter,Jake Curhan,3800,23
Michael Carter,Jeremiah Byers,3800,36
Michael Carter,Jon Gaines II,3800,20
Michael Carter,Josh Fryar,3800,35
Michael Carter,Josiah Deguara,3800,29
Michael Carter,McClendon Curtis,3800,3
Michael Carter,Nate McCollum,3800,5
Michael Carter,Nick Leverett,3800,44
Michael Carter,Oscar Cardenas,3800,7
Michael Carter,Royce Newman,3800,27
Michael Carter,Simi Fehoko,3800,18
Michael Carter,Sincere Haynesworth,3800,33
Michael Carter,Tejhaun Palmer,3800,32
Michael Carter,Travis Vokolek,3800,21
Michael Carter,Xavier Weaver,3800,37
Michael Carter II,Andre Cisco,3430,9
Michael Carter II,Braiden McGregor,3430,2
Michael Carter II,Brandon Stephens,3430,9
Michael Carter II,Derrick Nnadi,3430,6
Michael Carter II,Eric Watts,3430,2
Michael Carter II,Francisco Mauigoa,3430,2
Michael Carter II,Isaiah Oliver,3430,2
Michael Carter II,Jamien Sherwood,3430,9
Michael Carter II,Jay Tufele,3430,8
Michael Carter II,Leonard Taylor III,3430,5
Michael Carter II,Malachi Moore,3430,1
Michael Carter II,Marcelino McCrary-Ball,3430,1
Michael Carter II,Micheal Clemons,3430,8
Michael Carter II,Phidarian Mathis,3430,3
Michael Carter II,Quincy Williams,3430,9
Michael Carter II,Qwan'tez Stiggers,3430,6
Michael Carter II,Rashad Weaver,3430,2
Michael Carter II,Ryan Cooper Jr.,3430,2
Michael Carter II,Sauce Gardner,3430,5
Michael Carter II,Tony Adams,3430,10
Michael Carter II,Tyler Baron,3430,3
Michael Carter II,Will McDonald IV,3430,5
Michael Carter II,Zaire Barnes,3430,1
Michael Danna,Bryan Cook,2310,24
Michael Danna,Chamarri Conner,2310,24
Michael Danna,Charles Omenihu,2310,10
Michael Danna,Chris Jones,2310,13
Michael Danna,Cole Christiansen,2310,6
Michael Danna,George Karlaftis,2310,17
Michael Danna,Jack Cochrane,2310,11
Michael Danna,Jaden Hicks,2310,12
Michael Danna,Jaylen Watson,2310,9
Michael Danna,Jeffrey Bassa,2310,3
Michael Danna,Jerry Tillery,2310,16
Michael Danna,Kristian Fulton,2310,8
Michael Danna,Leo Chenal,2310,24
Michael Danna,Marlon Tuipulotu,2310,3
Michael Danna,Mike Pennel,2310,9
Michael Danna,Nazeeh Johnson,2310,8
Michael Danna,Nick Bolton,2310,16
Michael Danna,Nohl Williams,2310,8
Michael Danna,Omarr Norman-Lott,2310,3
Michael Danna,Trent McDuffie,2310,16
Michael Deiter,Ben Sinnott,5110,38
Michael Deiter,Bobby Hart,5110,81
Michael Deiter,Brandon Coleman,5110,10
Michael Deiter,Braylon Sanders,5110,19
Michael Deiter,Chris Moore,5110,21
Michael Deiter,Chris Paul,5110,65
Michael Deiter,Chris Rodriguez Jr.,5110,27
Michael Deiter,Cole Turner,5110,34
Michael Deiter,Colson Yankoff,5110,32
Michael Deiter,Demetric Felton,5110,26
Michael Deiter,Foster Sarell,5110,70
Michael Deiter,George Fant,5110,18
Michael Deiter,Ja'Corey Brooks,5110,63
Michael Deiter,Jacoby Jones,5110,26
Michael Deiter,Jacory Croskey-Merritt,5110,21
Michael Deiter,Jaylin Lane,5110,32
Michael Deiter,Jeremy McNichols,5110,38
Michael Deiter,Josh Conerly Jr.,5110,23
Michael Deiter,Josh Johnson,5110,62
Michael Deiter,Julian Good-Jones,5110,53
Michael Deiter,K.J. Osborn,5110,55
Michael Deiter,Kazmeir Allen,5110,10
Michael Deiter,Lawrence Cager,5110,40
Michael Deiter,Lucas Niang,5110,5
Michael Deiter,Luke McCaffrey,5110,46
Michael Deiter,Michael Gallup,5110,29
Michael Deiter,Mike Strachan,5110,10
Michael Deiter,Noah Brown,5110,8
Michael Deiter,River Cracraft,5110,3
Michael Deiter,Sam Hartman,5110,60
Michael Deiter,Tay Martin,5110,32
Michael Deiter,Timothy McKay,5110,26
Michael Deiter,Trent Scott,5110,77
Michael Deiter,Tyre Phillips,5110,60
Michael Dowell,Anthony Campbell,4600,3
Michael Dowell,Connor O'Toole,4600,14
Michael Dowell,D'Eryk Jackson,4600,15
Michael Dowell,Damarion Williams,4600,15
Michael Dowell,Isas Waxter,4600,15
Michael Dowell,J.R. Singleton,4600,9
Michael Dowell,Jalan Gaines,4600,7
Michael Dowell,Jared Ivey,4600,11
Michael Dowell,Jerrick Reed II,4600,15
Michael Dowell,Kam Alexander,4600,5
Michael Dowell,Keydrain Calligan,4600,10
Michael Dowell,Seth Coleman,4600,6
Michael Dowell,Tyler Hall,4600,15
Michael Dowell,Wy'Kevious Thomas,4600,10
Michael Dunn,Austen Pleasants,4500,12
Michael Dunn,Brayden Willis,4500,14
Michael Dunn,Carter Bradley,4500,16
Michael Dunn,Drake Nugent,4500,23
Michael Dunn,Drew Moss,4500,23
Michael Dunn,Isaac Alarcon,4500,23
Michael Dunn,Isaiah Hodgins,4500,5
Michael Dunn,Isaiah Prince,4500,11
Michael Dunn,Jake Tonges,4500,20
Michael Dunn,Jeff Wilson,4500,10
Michael Dunn,Junior Bergen,4500,5
Michael Dunn,Ke'Shawn Vaughn,4500,15
Michael Dunn,Malik Turner,4500,19
Michael Dunn,Robbie Chosen,4500,12
Michael Dunn,Skyy Moore,4500,5
Michael Dunn,Tanner Mordecai,4500,7
Michael Dunn,Terique Owens,4500,10
Michael Dwumfour,Andrew Farmer,1400,11
Michael Dwumfour,Bradlee Anae,4500,15
Michael Dwumfour,Bruce Hector,4500,14
Michael Dwumfour,Chase Lucas,4500,17
Michael Dwumfour,Darrell Luter Jr.,4500,10
Michael Dwumfour,Delarrin Turner-Yell,1400,14
Michael Dwumfour,Derrick Canteen,4500,22
Michael Dwumfour,Garret Wallow,1400,5
Michael Dwumfour,Garrett Nelson,1400,14
Michael Dwumfour,JL Skinner,1400,2
Michael Dwumfour,Jaden Robinson,1400,16
Michael Dwumfour,Jakob Robinson,4500,22
Michael Dwumfour,Jalen Graham,4500,16
Michael Dwumfour,Jaylen Mahoney,4500,22
Michael Dwumfour,Jaylon Allen,4500,18
Michael Dwumfour,Jonathan Garvin,4500,4
Michael Dwumfour,Jordan Miller,1400,3
Michael Dwumfour,Jordan Turner,1400,16
Michael Dwumfour,Joshua Pickett,1400,16
Michael Dwumfour,Karene Reid,1400,9
Michael Dwumfour,Keidron Smith,1400,2
Michael Dwumfour,Micah Abraham,1400,15
Michael Dwumfour,Nick Martin,4500,11
Michael Dwumfour,Que Robinson,1400,7
Michael Dwumfour,Robert Beal Jr.,4500,7
Michael Dwumfour,Sai'vion Jones,1400,16
Michael Dwumfour,Sam Franklin Jr.,1400,14
Michael Dwumfour,Sebastian Valdez,4500,8
Michael Dwumfour,Stone Blanton,4500,22
Michael Dwumfour,Tre Brown,4500,12
Michael Fletcher,Aaron Smith,3430,18
Michael Fletcher,Braiden McGregor,3430,9
Michael Fletcher,Dean Clark,3430,33
Michael Fletcher,Derrick Nnadi,3430,16
Michael Fletcher,Eric Watts,3430,11
Michael Fletcher,Fatorma Mulbah,3430,16
Michael Fletcher,Francisco Mauigoa,3430,9
Michael Fletcher,Isaiah Oliver,3430,2
Michael Fletcher,Ja'Markis Weston n,3430,14
Michael Fletcher,Jackson Sirmon,3430,23
Michael Fletcher,Jamin Davis,3430,5
Michael Fletcher,Jarius Monroe,3430,26
Michael Fletcher,Jarrick Bernard-Converse,3430,13
Michael Fletcher,Jordan Clark,3430,20
Michael Fletcher,Kingsley Jonathan,3430,14
Michael Fletcher,Leonard Taylor III,3430,17
Michael Fletcher,Malachi Moore,3430,7
Michael Fletcher,Mario Goodrich,3430,28
Michael Fletcher,Payton Page,3430,18
Michael Fletcher,Qwan'tez Stiggers,3430,3
Michael Fletcher,Tanner McCalister,3430,28
Michael Fletcher,Tyler Baron,3430,4
Michael Fletcher,Zaire Barnes,3430,16
Michael Gallup,Ben Sinnott,5110,10
Michael Gallup,Bobby Hart,5110,34
Michael Gallup,Chris Moore,5110,3
Michael Gallup,Chris Paul,5110,26
Michael Gallup,Chris Rodriguez Jr.,5110,6
Michael Gallup,Cole Turner,5110,30
Michael Gallup,Colson Yankoff,5110,7
Michael Gallup,Demetric Felton,5110,19
Michael Gallup,Foster Sarell,5110,37
Michael Gallup,George Fant,5110,10
Michael Gallup,Ja'Corey Brooks,5110,26
Michael Gallup,Jacoby Jones,5110,17
Michael Gallup,Jacory Croskey-Merritt,5110,13
Michael Gallup,Jaylin Lane,5110,4
Michael Gallup,Jeremy McNichols,5110,4
Michael Gallup,Josh Conerly Jr.,5110,6
Michael Gallup,Josh Johnson,5110,38
Michael Gallup,Julian Good-Jones,5110,12
Michael Gallup,K.J. Osborn,5110,20
Michael Gallup,Kazmeir Allen,5110,11
Michael Gallup,Lawrence Cager,5110,13
Michael Gallup,Michael Deiter,5110,29
Michael Gallup,Nick Harris,5110,16
Michael Gallup,River Cracraft,5110,5
Michael Gallup,Sam Hartman,5110,15
Michael Gallup,Tay Martin,5110,24
Michael Gallup,Timothy McKay,5110,27
Michael Gallup,Trent Scott,5110,27
Michael Gallup,Tyre Phillips,5110,41
Michael Gonzalez,Ben Yurosek,3000,14
Michael Gonzalez,Brett Rypien,3000,23
Michael Gonzalez,Bryson Nesbit,3000,35
Michael Gonzalez,Dontae Fleming,3000,29
Michael Gonzalez,Giovanni Ricci,3000,25
Michael Gonzalez,Jeshaun Jones,3000,44
Michael Gonzalez,Joe Huber,3000,77
Michael Gonzalez,Leroy Watson IV,3000,50
Michael Gonzalez,Logan Brown,3000,77
Michael Gonzalez,Lucky Jackson,3000,24
Michael Gonzalez,Max Brosmer,3000,54
Michael Gonzalez,Myles Price,3000,38
Michael Gonzalez,Nick Vannett,3000,17
Michael Gonzalez,Robert Lewis,3000,15
Michael Gonzalez,Silas Bolden,3000,11
Michael Gonzalez,Thayer Thomas,3000,22
Michael Gonzalez,Tim Jones,3000,34
Michael Gonzalez,Tre Stewart,3000,34
Michael Gonzalez,Vershon Lee,3000,77
Michael Gonzalez,Xazavian Valladay,3000,26
Michael Gonzalez,Zack Bailey,3000,27
Michael Gonzalez,Zavier Scott,3000,17
Michael Hoecht,A.J. Epenesa,0610,22
Michael Hoecht,Brandon Codrington,0610,28
Michael Hoecht,Cam Lewis,0610,13
Michael Hoecht,Casey Rogers,0610,18
Michael Hoecht,Christian Benford,0610,7
Michael Hoecht,Cole Bishop,0610,8
Michael Hoecht,DaQuan Jones,0610,1
Michael Hoecht,Daequan Hardy,0610,36
Michael Hoecht,Damar Hamlin,0610,28
Michael Hoecht,Dane Jackson,0610,56
Michael Hoecht,Darrick Forrest,0610,41
Michael Hoecht,DeWayne Carter,0610,45
Michael Hoecht,Deone Walker,0610,24
Michael Hoecht,Dorian Strong,0610,51
Michael Hoecht,Dorian Williams,0610,38
Michael Hoecht,Ed Oliver,0610,1
Michael Hoecht,Edefuan Ulofoshio,0610,21
Michael Hoecht,Garnett Hollis Jr.,0610,11
Michael Hoecht,Ja'Marcus Ingram,0610,22
Michael Hoecht,Javon Solomon,0610,15
Michael Hoecht,Jimmy Ciarlo,0610,24
Michael Hoecht,Joe Andreessen,0610,68
Michael Hoecht,Jordan Hancock,0610,34
Michael Hoecht,Keonta Jenkins,0610,18
Michael Hoecht,Landon Jackson,0610,37
Michael Hoecht,Larry Ogunjobi,0610,36
Michael Hoecht,Marcus Harris,0610,7
Michael Hoecht,Matt Milano,0610,7
Michael Hoecht,Nelson Ceaser,0610,5
Michael Hoecht,Paris Shand,0610,7
Michael Hoecht,T.J. Sanders,0610,20
Michael Hoecht,Taron Johnson,0610,6
Michael Hoecht,Te'Cory Couch,0610,16
Michael Hoecht,Tre Herndon,0610,46
Michael Hoecht,Tre'Davious White,0610,7
Michael Hoecht,Wande Owens,0610,4
Michael Hoecht,Zion Logue,0610,20
Michael Hoecht,Zy Alexander,0610,12
Michael Jacobson,Barry Wesley,3300,14
Michael Jacobson,Cam Akers,3300,6
Michael Jacobson,Cedrick Wilson Jr.,3300,7
Michael Jacobson,Clyde Edwards-Helaire,3300,1
Michael Jacobson,Dante Pettis,3300,22
Michael Jacobson,Devin Neal,3300,1
Michael Jacobson,Dillon Radunz,3300,3
Michael Jacobson,Donovan Peoples-Jones,3300,5
Michael Jacobson,Easton Kilty,3300,27
Michael Jacobson,Jake Haener,3300,6
Michael Jacobson,Jonathan Mendoza,3300,17
Michael Jacobson,Josiah Ezirim,3300,8
Michael Jacobson,Kevin Austin Jr.,3300,25
Michael Jacobson,Kyle Hergel,3300,3
Michael Jacobson,Landon Young,3300,16
Michael Jacobson,Marcus Yarns,3300,7
Michael Jacobson,Mason Tipton,3300,17
Michael Jacobson,Mike Panasiuk,3300,2
Michael Jacobson,Moliki Matavao,3300,10
Michael Jacobson,Shane Lemieux,3300,28
Michael Jacobson,Spencer Rattler,3300,18
Michael Jacobson,Torricelli Simpkins III,3300,27
Michael Jacobson,Tyler Shough,3300,5
Michael Jacobson,Velus Jones Jr.,3300,15
Michael Jerrell,Amari Kight,4600,44
Michael Jerrell,Anthony Tyus III,4600,17
Michael Jerrell,Brady Russell,4600,15
Michael Jerrell,Bryce Cabeldue,4600,69
Michael Jerrell,Christian Haynes,4600,16
Michael Jerrell,Cody White,4600,31
Michael Jerrell,Damien Martinez,4600,31
Michael Jerrell,Dareke Young,4600,30
Michael Jerrell,Drew Lock,4600,16
Michael Jerrell,Elijah Arroyo,4600,10
Michael Jerrell,Federico Maranges,4600,58
Michael Jerrell,George Holani,4600,1
Michael Jerrell,Jacardia Wright,4600,26
Michael Jerrell,Jake Bobo,4600,21
Michael Jerrell,Jalen Milroe,4600,59
Michael Jerrell,John Rhys Plumlee,4600,9
Michael Jerrell,Luke Felix-Fualalo,4600,29
Michael Jerrell,Marquez Valdes-Scantling,4600,19
Michael Jerrell,Marshall Lang,4600,51
Michael Jerrell,Mason Richman,4600,48
Michael Jerrell,Nick Kallerup,4600,40
Michael Jerrell,Ricky White III,4600,35
Michael Jerrell,Sataoa Laumea,4600,36
Michael Jerrell,Tory Horton,4600,1
Michael Jerrell,Tyrone Broden,4600,38
Michael Jurgens,Ben Yurosek,3000,37
Michael Jurgens,Blake Brandel,3000,33
Michael Jurgens,Brett Rypien,3000,20
Michael Jurgens,Bryson Nesbit,3000,32
Michael Jurgens,Dontae Fleming,3000,9
Michael Jurgens,Giovanni Ricci,3000,21
Michael Jurgens,Henry Byrd,3000,69
Michael Jurgens,Jalen Nailor,3000,11
Michael Jurgens,Jeshaun Jones,3000,19
Michael Jurgens,Joe Huber,3000,78
Michael Jurgens,Leroy Watson IV,3000,32
Michael Jurgens,Logan Brown,3000,9
Michael Jurgens,Lucky Jackson,3000,51
Michael Jurgens,Max Brosmer,3000,20
Michael Jurgens,Myles Price,3000,18
Michael Jurgens,Nick Vannett,3000,16
Michael Jurgens,Sam Howell,3000,38
Michael Jurgens,Silas Bolden,3000,4
Michael Jurgens,Tai Felton,3000,51
Michael Jurgens,Thayer Thomas,3000,30
Michael Jurgens,Tim Jones,3000,13
Michael Jurgens,Tre Stewart,3000,9
Michael Jurgens,Ty Chandler,3000,22
Michael Jurgens,Vershon Lee,3000,39
Michael Jurgens,Walter Rouse,3000,52
Michael Jurgens,Zavier Scott,3000,47
Michael Mayer,Aidan O'Connell,2520,5
Michael Mayer,Alex Bachman,2520,5
Michael Mayer,Ashton Jeanty,2520,17
Michael Mayer,Brock Bowers,2520,2
Michael Mayer,Caleb Rogers,2520,5
Michael Mayer,DJ Glaze,2520,24
Michael Mayer,Dont'e Thornton Jr.,2520,22
Michael Mayer,Dylan Parham,2520,19
Michael Mayer,Geno Smith,2520,19
Michael Mayer,Ian Thomas,2520,2
Michael Mayer,Jack Bech,2520,5
Michael Mayer,Jackson Powers-Johnson,2520,24
Michael Mayer,Jakobi Meyers,2520,17
Michael Mayer,Jordan Meredith,2520,24
Michael Mayer,Kolton Miller,2520,19
Michael Mayer,Raheem Mostert,2520,2
Michael Mayer,Thayer Munford Jr.,2520,7
Michael Mayer,Tre Tucker,2520,17
Michael Mayer,Zamir White,2520,5
Michael Niese,Colby Sorsdal,1540,17
Michael Niese,Dan Skipper,1540,11
Michael Niese,Deon Jackson,1540,12
Michael Niese,Dominic Lovett,1540,38
Michael Niese,Giovanni Manu,1540,76
Michael Niese,Gunnar Oakes,1540,2
Michael Niese,Gunner Britton,1540,40
Michael Niese,Hendon Hooker,1540,60
Michael Niese,Isaac TeSlaa,1540,8
Michael Niese,Jabari Small,1540,13
Michael Niese,Jackson Meeks,1540,56
Michael Niese,Jacob Saylors,1540,51
Michael Niese,Jakobie Keeney-James,1540,53
Michael Niese,Jamarco Jones,1540,8
Michael Niese,Kenny Yeboah,1540,16
Michael Niese,Kingsley Eguakun,1540,27
Michael Niese,Kyle Allen,1540,24
Michael Niese,Malik Taylor,1540,19
Michael Niese,Mason Miller,1540,73
Michael Niese,Netane Muti,1540,27
Michael Niese,Ronnie Bell,1540,55
Michael Niese,Sione Vaki,1540,8
Michael Niese,Steven Stilianos,1540,13
Michael Niese,Tom Kennedy,1540,8
Michael Niese,Trystan Colon,1540,17
Michael Niese,Zach Horton,1540,68
Michael Niese,Zack Johnson,1540,40
Michael Ojemudia,Alijah Clark,1200,11
Michael Ojemudia,Buddy Johnson,1200,12
Michael Ojemudia,Darius Harris,1200,35
Michael Ojemudia,Denzel Daxon,1200,22
Michael Ojemudia,Israel Mukuamu,1200,37
Michael Ojemudia,James Houston,1200,27
Michael Ojemudia,Jay Toia,1200,3
Michael Ojemudia,Justin Barron,1200,30
Michael Ojemudia,Kemon Hall,1200,10
Michael Ojemudia,Mazi Smith,1200,5
Michael Ojemudia,Mike Smith Jr.,1200,34
Michael Ojemudia,Payton Turner,1200,11
Michael Ojemudia,Perrion Winfrey,1200,33
Michael Ojemudia,Robert Rochell,1200,19
Michael Ojemudia,Shemar James,1200,19
Michael Ojemudia,Tommy Akingbesote,1200,28
Michael Ojemudia,Troy Pride,1200,22
Michael Ojemudia,Tyrus Wheat,1200,35
Michael Ojemudia,Zion Childress,1200,17
Michael Pittman,Adonai Mitchell,2200,13
Michael Pittman,Anthony Gould,2200,10
Michael Pittman,Blake Freeland,2200,1
Michael Pittman,Braden Smith,2200,13
Michael Pittman,DJ Giddens,2200,4
Michael Pittman,Daniel Jones,2200,14
Michael Pittman,Jalen Travis,2200,14
Michael Pittman,Jonathan Taylor,2200,10
Michael Pittman,Laquon Treadwell,2200,1
Michael Pittman,Matt Goncalves,2200,14
Michael Pittman,Mo Alie-Cox,2200,4
Michael Pittman,Quenton Nelson,2200,14
Michael Pittman,Tanor Bortolini,2200,14
Michael Pittman,Tyler Warren,2200,13
Michael Pittman,Will Mallory,2200,1
Michael Reid,Akayleb Evans,0750,6
Michael Reid,Bam Martin-Scott,0750,18
Michael Reid,Bobby Brown III,0750,16
Michael Reid,Cam Jackson,0750,9
Michael Reid,Carlos Basham,0750,12
Michael Reid,Corey Thornton,0750,27
Michael Reid,DJ Johnson,0750,14
Michael Reid,Demani Richardson,0750,38
Michael Reid,Isaac Gifford,0750,12
Michael Reid,J.J. Weaver,0750,9
Michael Reid,JaTravis Broughton,0750,10
Michael Reid,Jack Henderson,0750,11
Michael Reid,Jacoby Windmon,0750,20
Michael Reid,Jaden Crumedy,0750,20
Michael Reid,Jared Harrison-Hunte,0750,12
Michael Reid,Jon Rhattigan,0750,16
Michael Reid,Krys Barnes,0750,29
Michael Reid,Lathan Ransom,0750,18
Michael Reid,Mapalo Mwansa,0750,7
Michael Reid,Mello Dotson,0750,11
Michael Reid,Nic Scourton,0750,9
Michael Reid,Nick Scott,0750,27
Michael Reid,Princely Umanmielen,0750,26
Michael Reid,Sam Roberts,0750,26
Michael Reid,Shemar Bartholomew,0750,32
Michael Reid,Shy Tuttle,0750,15
Michael Reid,Thomas Incoom,0750,28
Michael Reid,Tre Swilling,0750,12
Michael Tarquin,Brady Christensen,0750,9
Michael Tarquin,Brandon Walton,0750,60
Michael Tarquin,Bryce Perkins,0750,29
Michael Tarquin,Bryce Pierre,0750,36
Michael Tarquin,Brycen Tremayne,0750,2
Michael Tarquin,Cade Mays,0750,2
Michael Tarquin,Chandler Zavala,0750,8
Michael Tarquin,David Moore,0750,18
Michael Tarquin,Dominique Dafney,0750,33
Michael Tarquin,Emani Bailey,0750,24
Michael Tarquin,Hunter Renfrow,0750,18
Michael Tarquin,Ja'Seem Reed,0750,20
Michael Tarquin,Jack Plummer,0750,41
Michael Tarquin,Jacolby George,0750,30
Michael Tarquin,James Mitchell,0750,11
Michael Tarquin,Jarrett Kingston,0750,59
Michael Tarquin,Jimmy Horn Jr.,0750,32
Michael Tarquin,Kayron Lynch-Adams,0750,24
Michael Tarquin,Kobe Hudson,0750,47
Michael Tarquin,Luke Kandra,0750,70
Michael Tarquin,Raheem Blackshear,0750,22
Michael Tarquin,Steven Losoya,0750,60
Michael Tarquin,T.J. Luther,0750,31
Michael Tarquin,Tyler Mabry,0750,2
Michael Tarquin,Yosh Nijman,0750,12
Michael Wiley,Bailey Zappe,2310,1
Michael Wiley,C.J. Hanson,2310,1
Michael Wiley,Chukwuebuka Godrick,2310,1
Michael Wiley,Dalton Cooper,2310,1
Michael Wiley,Elijhah Badger,2310,1
Michael Wiley,Esa Pole,2310,1
Michael Wiley,Hal Presley,2310,1
Michael Wiley,Joey Lombard,2310,1
Michael Wiley,Key'Shawn Smith,2310,1
Michael Wiley,Tre Watson,2310,1
Michael Wilson,Elijah Higgins,3800,3
Michael Wilson,Evan Brown,3800,8
Michael Wilson,Greg Dortch,3800,2
Michael Wilson,Hjalte Froholdt,3800,8
Michael Wilson,Isaiah Adams,3800,8
Michael Wilson,James Conner,3800,4
Michael Wilson,Jonah Williams,3800,8
Michael Wilson,Kyler Murray,3800,8
Michael Wilson,Marvin Harrison Jr.,3800,8
Michael Wilson,Paris Johnson Jr.,3800,8
Michael Wilson,Tip Reiman,3800,4
Michael Wilson,Trey Benson,3800,4
Michael Wilson,Trey McBride,3800,4
Michael Wilson,Zay Jones,3800,3
Micheal Clemons,Andre Cisco,3430,20
Micheal Clemons,Braiden McGregor,3430,9
Micheal Clemons,Brandon Stephens,3430,20
Micheal Clemons,Derrick Nnadi,3430,13
Micheal Clemons,Eric Watts,3430,1
Micheal Clemons,Jamien Sherwood,3430,20
Micheal Clemons,Jamin Davis,3430,12
Micheal Clemons,Jay Tufele,3430,15
Micheal Clemons,Leonard Taylor III,3430,7
Micheal Clemons,Michael Carter II,3430,8
Micheal Clemons,Phidarian Mathis,3430,5
Micheal Clemons,Quincy Williams,3430,20
Micheal Clemons,Qwan'tez Stiggers,3430,12
Micheal Clemons,Sauce Gardner,3430,8
Micheal Clemons,Tony Adams,3430,20
Micheal Clemons,Tyler Baron,3430,3
Micheal Clemons,Will McDonald IV,3430,7
Mike Boone,A.J. Henning,2700,6
Mike Boone,Addison West,2700,15
Mike Boone,Andrew Armstrong,2700,15
Mike Boone,Braeden Daniels,2700,26
Mike Boone,Chris Myarick,2700,18
Mike Boone,Daniel Brunskill,2700,11
Mike Boone,Dee Eskridge,2700,8
Mike Boone,Erik Ezukanma,2700,11
Mike Boone,Hayden Rucci,2700,20
Mike Boone,Jackson Carman,2700,11
Mike Boone,Jalen McKenzie,2700,11
Mike Boone,Josh Priebe,2700,15
Mike Boone,Kion Smith,2700,26
Mike Boone,Quinn Ewers,2700,15
Mike Boone,Ryan Hayes,2700,15
Mike Boone,Tahj Washington,2700,11
Mike Boone,Theo Wease Jr.,2700,15
Mike Boone,Zach Wilson,2700,11
Mike Brown,Ali Gaye,2100,57
Mike Brown,Amani Oruwariye,2100,57
Mike Brown,Amari Burney,2100,23
Mike Brown,Blake Lynch,2100,18
Mike Brown,Brian Asamoah II,2100,13
Mike Brown,Cam Horsley,2100,30
Mike Brown,Carlos Watkins,2100,40
Mike Brown,Cedric Gray,2100,56
Mike Brown,Curtis Jacobs,2100,9
Mike Brown,Desmond Evans,2100,12
Mike Brown,Gabe Jeudy-Lally,2100,97
Mike Brown,Isaiah Raikes,2100,16
Mike Brown,Jalen Kimber,2100,28
Mike Brown,James Lynch,2100,56
Mike Brown,James Williams,2100,75
Mike Brown,Jaylen Harrell,2100,34
Mike Brown,Jihad Ward,2100,58
Mike Brown,Joe Gaziano,2100,10
Mike Brown,Joshuah Bledsoe,2100,7
Mike Brown,Josiah Bronson,2100,3
Mike Brown,Julius Wood,2100,13
Mike Brown,Kendell Brooks,2100,77
Mike Brown,Marcus Harris,2100,97
Mike Brown,Oluwafemi Oladejo,2100,32
Mike Brown,Philip Blidi,2100,2
Mike Brown,Timmy Horne,2100,50
Mike Caliendo,Bailey Zappe,2310,23
Mike Caliendo,Brashard Smith,2310,32
Mike Caliendo,C.J. Hanson,2310,72
Mike Caliendo,Carson Steele,2310,22
Mike Caliendo,Chris Oladokun,2310,19
Mike Caliendo,Chukwuebuka Godrick,2310,31
Mike Caliendo,Elijah Mitchell,2310,22
Mike Caliendo,Elijhah Badger,2310,2
Mike Caliendo,Esa Pole,2310,24
Mike Caliendo,Gardner Minshew,2310,30
Mike Caliendo,Geor'Quarius Spivey,2310,5
Mike Caliendo,Hunter Nourzad,2310,72
Mike Caliendo,Jalen Royals,2310,15
Mike Caliendo,Jared Wiley,2310,33
Mike Caliendo,Jason Brownlee,2310,46
Mike Caliendo,Jaylon Moore,2310,26
Mike Caliendo,Jimmy Holiday,2310,21
Mike Caliendo,Mac Dalena,2310,16
Mike Caliendo,Nikko Remigio,2310,39
Mike Caliendo,Noah Gray,2310,1
Mike Caliendo,Robert Tonyan,2310,43
Mike Caliendo,Skyy Moore,2310,30
Mike Caliendo,Tre Watson,2310,21
Mike Caliendo,Tyquan Thornton,2310,12
Mike Caliendo,Wanya Morris,2310,63
Mike Edwards,Ashton Gillotte,2310,30
Mike Edwards,Brandon George,2310,3
Mike Edwards,Bryan Cook,2310,1
Mike Edwards,Cam Jones,2310,28
Mike Edwards,Charles Omenihu,2310,5
Mike Edwards,Chase Lundt,0610,101
Mike Edwards,Christian Roland-Wallace,2310,27
Mike Edwards,Cole Christiansen,2310,23
Mike Edwards,Cooper McDonald,2310,7
Mike Edwards,Coziah Izzard,2310,5
Mike Edwards,Dan Feeney,0610,30
Mike Edwards,Darrynton Evans,0610,14
Mike Edwards,Deon Bush,2310,3
Mike Edwards,Deon Cain,0610,34
Mike Edwards,Elijah Moore,0610,6
Mike Edwards,Elijah Young,0610,31
Mike Edwards,Fabien Lovett Sr.,2310,9
Mike Edwards,Felix Anudike-Uzomah,2310,29
Mike Edwards,Frank Gore Jr.,0610,55
Mike Edwards,Glendon Miller,2310,7
Mike Edwards,Jack Cochrane,2310,1
Mike Edwards,Jackson Hawes,0610,11
Mike Edwards,Jacob Bayer,0610,71
Mike Edwards,Jaden Hicks,2310,20
Mike Edwards,Jalen Virgil,0610,22
Mike Edwards,Jeffrey Bassa,2310,20
Mike Edwards,Jerry Tillery,2310,19
Mike Edwards,Joshua Williams,2310,21
Mike Edwards,KJ Hamler,0610,54
Mike Edwards,Kaden Prather,0610,10
Mike Edwards,Keleki Latu,0610,50
Mike Edwards,Kendrick Green,0610,30
Mike Edwards,Kevin Knowles,2310,2
Mike Edwards,Kristian Wilkerson,0610,58
Mike Edwards,Laviska Shenault Jr.,0610,39
Mike Edwards,Malik Herring,2310,16
Mike Edwards,Marlon Tuipulotu,2310,18
Mike Edwards,Matt Sokol,0610,30
Mike Edwards,Melvin Smith Jr.,2310,10
Mike Edwards,Mike White,0610,19
Mike Edwards,Mitchell Trubisky,0610,19
Mike Edwards,Nazeeh Johnson,2310,15
Mike Edwards,Nohl Williams,2310,24
Mike Edwards,Omarr Norman-Lott,2310,17
Mike Edwards,Ray Davis,0610,1
Mike Edwards,Richard Gouraige,0610,101
Mike Edwards,Rush Reimer,0610,32
Mike Edwards,Ryan Van Demark,0610,19
Mike Edwards,Shane Buechele,0610,63
Mike Edwards,Stephen Gosnell,0610,28
Mike Edwards,Travis Clayton,0610,20
Mike Edwards,Tyrell Shavers,0610,25
Mike Edwards,Zach Davidson,0610,37
Mike Ford,Arnold Ebiketie,0200,2
Mike Ford,Billy Bowman Jr.,0200,2
Mike Ford,Bralen Trice,0200,11
Mike Ford,Brandon Dorlus,0200,9
Mike Ford,C.J. Henderson,0200,5
Mike Ford,Caleb Johnson,0200,31
Mike Ford,Cobee Bryant,0200,23
Mike Ford,DeAngelo Malone,0200,40
Mike Ford,Dee Alford,0200,7
Mike Ford,Dontae Manning,0200,26
Mike Ford,Henry Black,0200,41
Mike Ford,JD Bertrand,0200,7
Mike Ford,James Pearce Jr.,0200,21
Mike Ford,Jordan Fuller,0200,7
Mike Ford,Josh Thompson,0200,43
Mike Ford,Josh Woods,0200,7
Mike Ford,Keith Taylor,0200,11
Mike Ford,Kentavius Street,0200,18
Mike Ford,Khalid Kareem,0200,24
Mike Ford,LaCale London,0200,24
Mike Ford,Lamar Jackson,0200,45
Mike Ford,Morgan Fox,0200,25
Mike Ford,Natrone Brooks,0200,8
Mike Ford,Nick Kubitz,0200,29
Mike Ford,Ronnie Harrison,0200,27
Mike Ford,Ronnie Perkins,0200,10
Mike Ford,Ruke Orhorhoro,0200,10
Mike Ford,Simeon Barrow Jr.,0200,29
Mike Ford,Ta'Quon Graham,0200,4
Mike Ford,Xavier Watts,0200,7
Mike Ford,Zach Harrison,0200,17
Mike Green,Adedayo Odeleye,0325,2
Mike Green,Adisa Isaac,0325,12
Mike Green,Aeneas Peebles,0325,36
Mike Green,Basil Okoye,0325,27
Mike Green,Beau Brade,0325,26
Mike Green,Bilhal Kone,0325,12
Mike Green,Brent Urban,0325,13
Mike Green,C.J. Ravenell,0325,38
Mike Green,Chandler Martin,0325,2
Mike Green,David Ojabo,0325,47
Mike Green,Jacob Hummel,0325,17
Mike Green,Jalyn Armour-Davis,0325,37
Mike Green,Jay Higgins,0325,2
Mike Green,Jayson Jones,0325,10
Mike Green,John Jenkins,0325,9
Mike Green,Kaimon Rucker,0325,1
Mike Green,Keondre Jackson,0325,2
Mike Green,Keyon Martin,0325,49
Mike Green,Malaki Starks,0325,9
Mike Green,Malik Hamm,0325,2
Mike Green,Marquise Robinson,0325,13
Mike Green,Reuben Lowery,0325,33
Mike Green,Sanoussi Kane,0325,56
Mike Green,T.J. Tampa,0325,62
Mike Green,Teddye Buchanan,0325,54
Mike Green,Trenton Simpson,0325,45
Mike Green,William Kwenkeu,0325,4
Mike Greene,Adam Gotsis,4900,16
Mike Greene,Anthony Nelson,4900,3
Mike Greene,Antonio Grier Jr.,4900,20
Mike Greene,Bryce Hall,4900,25
Mike Greene,C.J. Brewer,4900,7
Mike Greene,Chris Braswell,4900,36
Mike Greene,Christian Izien,4900,11
Mike Greene,Deion Jones,4900,33
Mike Greene,Elijah Roberts,4900,35
Mike Greene,Eric Banks,4900,42
Mike Greene,JJ Roberts,4900,16
Mike Greene,Jacob Parrish,4900,15
Mike Greene,JayVian Farr,4900,14
Mike Greene,John Bullock,4900,32
Mike Greene,Jose Ramirez,4900,26
Mike Greene,Josh Hayes,4900,6
Mike Greene,Kaevon Merriweather,4900,47
Mike Greene,Kindle Vildor,4900,46
Mike Greene,Markees Watts,4900,55
Mike Greene,Nick Jackson,4900,46
Mike Greene,Rashad Wisdom,4900,46
Mike Greene,Roman Parodie,4900,13
Mike Greene,Shilo Sanders,4900,34
Mike Greene,SirVocea Dennis,4900,3
Mike Greene,Tre Avery,4900,13
Mike Greene,Tyrek Funderburk,4900,3
Mike Greene,Warren Peeples,4900,14
Mike Greene,Will Brooks,4900,13
Mike Hilton,Alex Huntley,2700,4
Mike Hilton,Ben Stille,2700,2
Mike Hilton,Benito Jones,2700,1
Mike Hilton,Bradley Chubb,2700,1
Mike Hilton,Cam Smith,2700,1
Mike Hilton,Cameron Goode,2700,4
Mike Hilton,Channing Tindall,2700,6
Mike Hilton,Chop Robinson,2700,1
Mike Hilton,Cornell Armstrong,2700,6
Mike Hilton,Dequan Jackson,2700,1
Mike Hilton,Derrick McLendon,2700,6
Mike Hilton,Elijah Campbell,2700,15
Mike Hilton,Ethan Bonner,2700,2
Mike Hilton,Eugene Asante,2700,5
Mike Hilton,Grayson Murphy,2700,13
Mike Hilton,Ifeatu Melifonwu,2700,11
Mike Hilton,Isaiah Johnson,2700,5
Mike Hilton,Jack Jones,2700,2
Mike Hilton,Jordan Colbert,2700,1
Mike Hilton,Jordan Phillips,2700,2
Mike Hilton,Jordyn Brooks,2700,1
Mike Hilton,K.J. Britt,2700,11
Mike Hilton,Kendall Sheffield,2700,10
Mike Hilton,Kenneth Grant,2700,10
Mike Hilton,Matt Dickerson,2700,5
Mike Hilton,Matthew Butler,2700,8
Mike Hilton,Minkah Fitzpatrick,2700,1
Mike Hilton,Patrick McMorris,2700,8
Mike Hilton,Quinton Bell,2700,11
Mike Hilton,Storm Duck,2700,10
Mike Hilton,Tyrel Dodson,2700,1
Mike Hilton,Willie Gay Jr.,2700,11
Mike Hilton,Zach Sieler,2700,1
Mike Hilton,Zeek Biggers,2700,3
Mike Jackson,A'Shawn Robinson,0750,18
Mike Jackson,Bobby Brown III,0750,2
Mike Jackson,Chau Smith-Wade,0750,18
Mike Jackson,Christian Rozeboom,0750,24
Mike Jackson,Corey Thornton,0750,11
Mike Jackson,D.J. Wonnum,0750,24
Mike Jackson,Demani Richardson,0750,2
Mike Jackson,Derrick Brown,0750,3
Mike Jackson,Nick Scott,0750,24
Mike Jackson,Patrick Jones II,0750,24
Mike Jackson,Princely Umanmielen,0750,2
Mike Jackson,Shemar Bartholomew,0750,13
Mike Jackson,Shy Tuttle,0750,7
Mike Jackson,Tershawn Wharton,0750,22
Mike Jackson,Tre'von Moehrig,0750,24
Mike Jackson,Trevin Wallace,0750,22
Mike Jordan,Ben Scott,4900,32
Mike Jordan,Benjamin Chukwuma,4900,68
Mike Jordan,Charlie Heck,4900,15
Mike Jordan,Connor Bazelak,4900,34
Mike Jordan,Dennis Houston,4900,5
Mike Jordan,Devin Culp,4900,27
Mike Jordan,Elijah Klein,4900,78
Mike Jordan,Emeka Egbuka,4900,10
Mike Jordan,Garrett Greene,4900,18
Mike Jordan,Jacob Harris,4900,25
Mike Jordan,Jaden Smith,4900,10
Mike Jordan,Jake Majors,4900,29
Mike Jordan,Jalen McMillan,4900,9
Mike Jordan,Jase McClellan,4900,2
Mike Jordan,Josh Williams,4900,24
Mike Jordan,Kameron Johnson,4900,10
Mike Jordan,Ko Kieft,4900,31
Mike Jordan,Kyle Trask,4900,59
Mike Jordan,Lorenz Metz,4900,5
Mike Jordan,Luke Haggard,4900,79
Mike Jordan,Owen Wright,4900,23
Mike Jordan,Payne Durham,4900,45
Mike Jordan,Rachaad White,4900,10
Mike Jordan,Raiqwon O'Neal,4900,31
Mike Jordan,Rakim Jarrett,4900,45
Mike Jordan,Ryan Miller,4900,57
Mike Jordan,Sean Tucker,4900,34
Mike Jordan,Sterling Shepard,4900,5
Mike Jordan,Sua Opeta,4900,5
Mike Jordan,Tanner Taula,4900,17
Mike Jordan,Tez Johnson,4900,42
Mike Jordan,Trey Palmer,4900,16
Mike Jordan,Tyler McLellan,4900,30
Mike McGlinchey,Adam Prentice,1400,2
Mike McGlinchey,Adam Trautman,1400,19
Mike McGlinchey,Alex Palczewski,1400,1
Mike McGlinchey,Ben Powers,1400,37
Mike McGlinchey,Bo Nix,1400,37
Mike McGlinchey,Courtland Sutton,1400,35
Mike McGlinchey,Devaughn Vele,1400,8
Mike McGlinchey,Evan Engram,1400,23
Mike McGlinchey,Garett Bolles,1400,37
Mike McGlinchey,J.K. Dobbins,1400,6
Mike McGlinchey,Lucas Krull,1400,1
Mike McGlinchey,Luke Wattenberg,1400,37
Mike McGlinchey,Marvin Mims Jr.,1400,34
Mike McGlinchey,Pat Bryant,1400,2
Mike McGlinchey,Quinn Meinerz,1400,37
Mike McGlinchey,RJ Harvey,1400,22
Mike McGlinchey,Trent Sherfield,1400,3
Mike McGlinchey,Troy Franklin,1400,20
Mike McGlinchey,Tyler Badie,1400,9
Mike Mcallister,Ben Dooley,2510,13
Mike Mcallister,Brennan Presley,2510,13
Mike Mcallister,Britain Covey,2510,11
Mike Mcallister,Cody Schrader,2510,3
Mike Mcallister,Drake Stoops,2510,1
Mike Mcallister,Dresser Winn,2510,13
Mike Mcallister,John Leglue,2510,13
Mike Mcallister,Jordan Waters,2510,10
Mike Mcallister,KT Leveston,2510,13
Mike Mcallister,Mark Redman,2510,2
Mike Mcallister,McCallan Castles,2510,12
Mike Mcallister,Trey Wedig,2510,13
Mike Mcallister,Tru Edwards,2510,13
Mike Morris,Boye Mafe,4600,4
Mike Morris,Brandon Pili,4600,30
Mike Morris,Byron Murphy II,4600,4
Mike Morris,Coby Bryant,4600,4
Mike Morris,Connor O'Toole,4600,30
Mike Morris,D'Anthony Bell,4600,48
Mike Morris,D'Eryk Jackson,4600,19
Mike Morris,Damarion Williams,4600,33
Mike Morris,Derick Hall,4600,4
Mike Morris,Devon Witherspoon,4600,4
Mike Morris,Drake Thomas,4600,49
Mike Morris,Ernest Jones,4600,4
Mike Morris,Jalan Gaines,4600,7
Mike Morris,Jamie Sheriff,4600,9
Mike Morris,Jared Ivey,4600,8
Mike Morris,Jerrick Reed II,4600,10
Mike Morris,Josh Jobe,4600,23
Mike Morris,Julian Love,4600,4
Mike Morris,Nehemiah Pritchett,4600,41
Mike Morris,Nick Emmanwori,4600,17
Mike Morris,Patrick O'Connell,4600,24
Mike Morris,Quinton Bohanna,4600,31
Mike Morris,Riq Woolen,4600,4
Mike Morris,Seth Coleman,4600,3
Mike Morris,Shaquill Griffin,4600,8
Mike Morris,Ty Okada,4600,42
Mike Morris,Tyler Hall,4600,27
Mike Morris,Tyreke Smith,4600,27
Mike Morris,Wy'Kevious Thomas,4600,12
Mike Onwenu,Antonio Gibson,3200,6
Mike Onwenu,Austin Hooper,3200,24
Mike Onwenu,Ben Brown,3200,23
Mike Onwenu,DeMario Douglas,3200,15
Mike Onwenu,Drake Maye,3200,28
Mike Onwenu,Garrett Bradbury,3200,20
Mike Onwenu,Hunter Henry,3200,5
Mike Onwenu,Jack Westover,3200,13
Mike Onwenu,Jared Wilson,3200,13
Mike Onwenu,Kayshon Boutte,3200,22
Mike Onwenu,Kyle Williams,3200,11
Mike Onwenu,Mack Hollins,3200,21
Mike Onwenu,Marcus Bryant,3200,28
Mike Onwenu,Rhamondre Stevenson,3200,8
Mike Onwenu,TreVeyon Henderson,3200,15
Mike Onwenu,Will Campbell,3200,28
Mike Panasiuk,Cedrick Wilson Jr.,3300,1
Mike Panasiuk,Dante Pettis,3300,15
Mike Panasiuk,Jake Haener,3300,6
Mike Panasiuk,Jonathan Mendoza,3300,15
Mike Panasiuk,Josiah Ezirim,3300,15
Mike Panasiuk,Kevin Austin Jr.,3300,9
Mike Panasiuk,Kyle Hergel,3300,15
Mike Panasiuk,Luke Fortner,3300,6
Mike Panasiuk,Marcus Yarns,3300,6
Mike Panasiuk,Mason Tipton,3300,9
Mike Panasiuk,Michael Jacobson,3300,2
Mike Panasiuk,Moochie Dixon,3300,6
Mike Panasiuk,Roderick Daniels Jr.,3300,5
Mike Panasiuk,Seth Green,3300,13
Mike Panasiuk,Shane Lemieux,3300,9
Mike Panasiuk,Spencer Rattler,3300,9
Mike Panasiuk,Velus Jones Jr.,3300,9
Mike Pennel,Ashton Gillotte,2310,12
Mike Pennel,Bryan Cook,2310,27
Mike Pennel,Cam Jones,2310,5
Mike Pennel,Chamarri Conner,2310,19
Mike Pennel,Charles Omenihu,2310,17
Mike Pennel,Chris Jones,2310,6
Mike Pennel,Christian Roland-Wallace,2310,2
Mike Pennel,Cole Christiansen,2310,9
Mike Pennel,Cooper McDonald,2310,1
Mike Pennel,George Karlaftis,2310,16
Mike Pennel,Jack Cochrane,2310,17
Mike Pennel,Jaden Hicks,2310,11
Mike Pennel,Jaylen Watson,2310,13
Mike Pennel,Jeffrey Bassa,2310,12
Mike Pennel,Jerry Tillery,2310,19
Mike Pennel,Kristian Fulton,2310,9
Mike Pennel,Leo Chenal,2310,19
Mike Pennel,Michael Danna,2310,9
Mike Pennel,Nazeeh Johnson,2310,12
Mike Pennel,Nick Bolton,2310,13
Mike Pennel,Nohl Williams,2310,7
Mike Pennel,Omarr Norman-Lott,2310,2
Mike Pennel,Trent McDuffie,2310,13
Mike Sainristil,Ale Kaho,5110,2
Mike Sainristil,Car'lin Vigers,5110,1
Mike Sainristil,Daron Payne,5110,10
Mike Sainristil,Deatrich Wise,5110,8
Mike Sainristil,Dorance Armstrong,5110,5
Mike Sainristil,Eddie Goldman,5110,3
Mike Sainristil,Frankie Luvu,5110,9
Mike Sainristil,Jacob Martin,5110,4
Mike Sainristil,Jalyn Holmes,5110,5
Mike Sainristil,Javon Kinlaw,5110,8
Mike Sainristil,Jer'Zhan Newton,5110,1
Mike Sainristil,Jeremy Reaves,5110,1
Mike Sainristil,Kain Medrano,5110,11
Mike Sainristil,Marshon Lattimore,5110,9
Mike Sainristil,Noah Igbinoghene,5110,7
Mike Sainristil,Quan Martin,5110,11
Mike Sainristil,Tyler Owens,5110,3
Mike Sainristil,Will Harris,5110,11
Mike Smith Jr.,Alijah Clark,1200,49
Mike Smith Jr.,Andrew Booth,1200,36
Mike Smith Jr.,Bruce Harmon,1200,23
Mike Smith Jr.,Buddy Johnson,1200,41
Mike Smith Jr.,Christian Matthew,1200,53
Mike Smith Jr.,Damone Clark,1200,18
Mike Smith Jr.,Darius Harris,1200,91
Mike Smith Jr.,Denzel Daxon,1200,49
Mike Smith Jr.,Donovan Ezeiruaku,1200,23
Mike Smith Jr.,Earnest Brown IV,1200,58
Mike Smith Jr.,Israel Mukuamu,1200,117
Mike Smith Jr.,James Houston,1200,100
Mike Smith Jr.,Jay Toia,1200,63
Mike Smith Jr.,Juanyeh Thomas,1200,2
Mike Smith Jr.,Justin Barron,1200,66
Mike Smith Jr.,Kemon Hall,1200,41
Mike Smith Jr.,Marist Liufau,1200,8
Mike Smith Jr.,Mazi Smith,1200,29
Mike Smith Jr.,Michael Ojemudia,1200,34
Mike Smith Jr.,Payton Turner,1200,31
Mike Smith Jr.,Perrion Winfrey,1200,62
Mike Smith Jr.,Robert Rochell,1200,31
Mike Smith Jr.,Shemar James,1200,107
Mike Smith Jr.,Tommy Akingbesote,1200,63
Mike Smith Jr.,Troy Pride,1200,98
Mike Smith Jr.,Tyrus Wheat,1200,109
Mike Smith Jr.,Zion Childress,1200,67
Mike Strachan,Bobby Hart,5110,10
Mike Strachan,Braylon Sanders,5110,4
Mike Strachan,Chris Paul,5110,2
Mike Strachan,Chris Rodriguez Jr.,5110,4
Mike Strachan,Cole Turner,5110,3
Mike Strachan,Colson Yankoff,5110,6
Mike Strachan,Demetric Felton,5110,2
Mike Strachan,Foster Sarell,5110,8
Mike Strachan,Ja'Corey Brooks,5110,4
Mike Strachan,Jacoby Jones,5110,4
Mike Strachan,Jaylin Lane,5110,2
Mike Strachan,Jeremy McNichols,5110,2
Mike Strachan,Josh Johnson,5110,10
Mike Strachan,Julian Good-Jones,5110,10
Mike Strachan,Kazmeir Allen,5110,2
Mike Strachan,Lawrence Cager,5110,5
Mike Strachan,Lucas Niang,5110,2
Mike Strachan,Michael Deiter,5110,10
Mike Strachan,Noah Brown,5110,2
Mike Strachan,Trent Scott,5110,2
Mike Strachan,Tyre Phillips,5110,6
Mike White,Chase Lundt,0610,35
Mike White,Dan Feeney,0610,35
Mike White,Darrynton Evans,0610,10
Mike White,Elijah Moore,0610,16
Mike White,Frank Gore Jr.,0610,15
Mike White,Jackson Hawes,0610,17
Mike White,Jalen Virgil,0610,8
Mike White,Josh Palmer,0610,8
Mike White,KJ Hamler,0610,15
Mike White,Keleki Latu,0610,10
Mike White,Kendrick Green,0610,35
Mike White,Kristian Wilkerson,0610,18
Mike White,Laviska Shenault Jr.,0610,6
Mike White,Mike Edwards,0610,19
Mike White,Ray Davis,0610,10
Mike White,Richard Gouraige,0610,35
Mike White,Ryan Van Demark,0610,16
Mike White,Stephen Gosnell,0610,2
Mike White,Tyrell Shavers,0610,27
Mike White,Zach Davidson,0610,13
Mikey Victor,Breiden Fehoko,3900,10
Mikey Victor,Carson Bruener,3900,30
Mikey Victor,D'Shawn Jamison,3900,25
Mikey Victor,DeMarvin Leal,3900,15
Mikey Victor,Devin Harper,3900,14
Mikey Victor,Domenique Davis,3900,15
Mikey Victor,Eku Leota,3900,19
Mikey Victor,Esezi Otomewo,3900,15
Mikey Victor,Jack Sawyer,3900,6
Mikey Victor,Julius Welschof,3900,17
Mikey Victor,Kam Alexander,3900,17
Mikey Victor,Kenny Willekes,3900,11
Mikey Victor,Kyler Baugh,3900,14
Mikey Victor,Kyler McMichael,3900,17
Mikey Victor,Logan Lee,3900,17
Mikey Victor,Mark Robinson,3900,24
Mikey Victor,Quindell Johnson,3900,34
Mikey Victor,Sebastian Castro,3900,34
Mikey Victor,Yahya Black,3900,6
Miles Battle,Alex Austin,3200,44
Miles Battle,Anfernee Jennings,3200,36
Miles Battle,Bradyn Swinson,3200,20
Miles Battle,Brandon Crossley,3200,1
Miles Battle,Brenden Schooler,3200,6
Miles Battle,Cam Riley,3200,22
Miles Battle,Christian Elliss,3200,1
Miles Battle,Craig Woodson,3200,63
Miles Battle,DJ James,3200,25
Miles Battle,David Olajiga,3200,13
Miles Battle,Dell Pettus,3200,12
Miles Battle,Elijah Ponder,3200,32
Miles Battle,Isaiah Iton,3200,28
Miles Battle,Jabrill Peppers,3200,17
Miles Battle,Jack Gibbens,3200,53
Miles Battle,Jahvaree Ritzie,3200,12
Miles Battle,Jaylinn Hawkins,3200,12
Miles Battle,Jeremiah Pharms Jr.,3200,40
Miles Battle,Jordan Polk,3200,16
Miles Battle,Joshua Farmer,3200,46
Miles Battle,K'Lavon Chaisson,3200,6
Miles Battle,Keion White,3200,20
Miles Battle,Khyiris Tonga,3200,1
Miles Battle,Kobee Minor,3200,48
Miles Battle,Kyle Dugger,3200,23
Miles Battle,Kyle Peko,3200,25
Miles Battle,Marcus Epps,3200,29
Miles Battle,Marte Mapu,3200,40
Miles Battle,Milton Williams,3200,1
Miles Battle,Monty Rice,3200,21
Miles Battle,Robert Spillane,3200,1
Miles Battle,Truman Jones,3200,36
Miles Boykin,Austin Reed,0810,3
Miles Boykin,Brittain Brown,0810,6
Miles Boykin,Chris Glaser,0810,7
Miles Boykin,Durham Smythe,0810,1
Miles Boykin,JP Richardson,0810,1
Miles Boykin,Joel Wilson,0810,4
Miles Boykin,Jordan McFadden,0810,8
Miles Boykin,Joshua Miles,0810,5
Miles Boykin,Kiran Amegadjie,0810,5
Miles Boykin,Luke Newman,0810,1
Miles Boykin,Luther Burden III,0810,3
Miles Boykin,Maurice Alexander,0810,1
Miles Boykin,Ozzy Trapilo,0810,3
Miles Boykin,Ricky Stromberg,0810,5
Miles Boykin,Royce Freeman,0810,2
Miles Boykin,Ryan Bates,0810,3
Miles Boykin,Samori Toure,0810,5
Miles Boykin,Stephen Carlson,0810,6
Miles Boykin,Theo Benedet,0810,3
Miles Boykin,Thomas Gordon,0810,1
Miles Boykin,Tyler Scott,0810,2
Miles Boykin,Tyson Bagent,0810,5
Miles Killebrew,Beanie Bishop Jr.,3900,25
Miles Killebrew,Brandin Echols,3900,56
Miles Killebrew,Cameron McCutcheon,3900,6
Miles Killebrew,Chuck Clark,3900,50
Miles Killebrew,Cole Holcomb,3900,52
Miles Killebrew,Daniel Ekuale,3900,27
Miles Killebrew,Daryl Porter,3900,21
Miles Killebrew,DeMarvin Leal,3900,32
Miles Killebrew,Derrick Harmon,3900,32
Miles Killebrew,Eku Leota,3900,30
Miles Killebrew,Esezi Otomewo,3900,4
Miles Killebrew,Isaiahh Loudermilk,3900,30
Miles Killebrew,Jack Sawyer,3900,32
Miles Killebrew,James Pierre,3900,62
Miles Killebrew,Julius Welschof,3900,30
Miles Killebrew,Keeanu Benton,3900,3
Miles Killebrew,Logan Lee,3900,17
Miles Killebrew,Malik Harrison,3900,58
Miles Killebrew,Mark Robinson,3900,11
Miles Killebrew,Payton Wilson,3900,3
Miles Killebrew,Sebastian Castro,3900,12
Miles Killebrew,Yahya Black,3900,27
Miles Sanders,Cooper Beebe,1200,10
Miles Sanders,Hakeem Adeniji,1200,10
Miles Sanders,Hunter Luepke,1200,5
Miles Sanders,Jalen Cropper,1200,4
Miles Sanders,Jalen Tolbert,1200,10
Miles Sanders,Joe Milton III,1200,10
Miles Sanders,John Stephens Jr.,1200,1
Miles Sanders,Jonathan Mingo,1200,10
Miles Sanders,Luke Schoonmaker,1200,10
Miles Sanders,Nathan Thomas,1200,10
Miles Sanders,TJ Bass,1200,10
Miles Sanders,Tyler Booker,1200,10
Milton Williams,Alex Austin,3200,15
Milton Williams,Carlton Davis III,3200,6
Milton Williams,Christian Elliss,3200,18
Milton Williams,Craig Woodson,3200,7
Milton Williams,DJ James,3200,8
Milton Williams,Harold Landry III,3200,6
Milton Williams,Isaiah Iton,3200,5
Milton Williams,Jabrill Peppers,3200,10
Milton Williams,Jaylinn Hawkins,3200,17
Milton Williams,Jeremiah Pharms Jr.,3200,4
Milton Williams,K'Lavon Chaisson,3200,1
Milton Williams,Keion White,3200,18
Milton Williams,Khyiris Tonga,3200,14
Milton Williams,Kyle Dugger,3200,12
Milton Williams,Marcus Jones,3200,16
Milton Williams,Miles Battle,3200,1
Milton Williams,Robert Spillane,3200,19
Milton Williams,Truman Jones,3200,13
Minkah Fitzpatrick,Benito Jones,2700,5
Minkah Fitzpatrick,Bradley Chubb,2700,8
Minkah Fitzpatrick,Chop Robinson,2700,2
Minkah Fitzpatrick,Elijah Campbell,2700,2
Minkah Fitzpatrick,Ifeatu Melifonwu,2700,7
Minkah Fitzpatrick,Jack Jones,2700,6
Minkah Fitzpatrick,Jaelan Phillips,2700,6
Minkah Fitzpatrick,Jason Marshall Jr.,2700,4
Minkah Fitzpatrick,Jordan Phillips,2700,4
Minkah Fitzpatrick,Jordyn Brooks,2700,2
Minkah Fitzpatrick,Kendall Sheffield,2700,2
Minkah Fitzpatrick,Kenneth Grant,2700,1
Minkah Fitzpatrick,Mike Hilton,2700,1
Minkah Fitzpatrick,Storm Duck,2700,8
Minkah Fitzpatrick,Tyrel Dodson,2700,8
Minkah Fitzpatrick,Willie Gay Jr.,2700,6
Minkah Fitzpatrick,Zach Sieler,2700,8
Mishael Powell,Ambry Thomas,3000,52
Mishael Powell,Austin Keys,3000,36
Mishael Powell,Cam Gill,3000,40
Mishael Powell,Chaz Chambliss,3000,54
Mishael Powell,Dorian Mausi,3000,35
Mishael Powell,Dwight McGlothern,3000,13
Mishael Powell,Elijah Williams,3000,31
Mishael Powell,Gervarrius Owens,3000,27
Mishael Powell,Jonathan Harris,3000,32
Mishael Powell,Kahlef Hailassie,3000,35
Mishael Powell,Keenan Garber,3000,12
Mishael Powell,Kobe King,3000,30
Mishael Powell,Levi Drake Rodriguez,3000,24
Mishael Powell,Mekhi Blackmon,3000,4
Mishael Powell,Reddy Steward,3000,39
Mishael Powell,Taki Taimani,3000,10
Mishael Powell,Travis Bell,3000,32
Mishael Powell,Tyler Batty,3000,8
Mishael Powell,Tyrion Ingram-Dawkins,3000,21
Mishael Powell,Zemaiah Vaughn,3000,25
Mitch Van Vooren,Ahmani Marshall,1050,4
Mitch Van Vooren,Bucky Williams,1050,6
Mitch Van Vooren,Cade McDonald,1050,1
Mitch Van Vooren,Chase Cota,1050,5
Mitch Van Vooren,Dartanyan Tinsley,1050,5
Mitch Van Vooren,Gage Larvadain,1050,2
Mitch Van Vooren,Jason Ivey,1050,1
Mitch Van Vooren,Javion Cohen,1050,6
Mitch Van Vooren,Kaden Davis,1050,6
Mitch Van Vooren,Kilian Zierer,1050,5
Mitch Van Vooren,Lorenzo Thompson,1050,1
Mitch Van Vooren,Pierre Strong,1050,1
Mitch Van Vooren,Sal Cannella,1050,4
Mitch Van Vooren,Sebastian Gutierrez,1050,6
Mitch Van Vooren,Trayveon Williams,1050,1
Mitch Van Vooren,Tyler Huntley,1050,6
Mitchell Agude,Ahmed Hassanein,1540,5
Mitchell Agude,Al-Quadin Muhammad,1540,6
Mitchell Agude,Allan George,1540,18
Mitchell Agude,Anthony Pittman,1540,42
Mitchell Agude,Avonte Maddox,1540,17
Mitchell Agude,Brodric Martin,1540,29
Mitchell Agude,Chris Smith,1540,14
Mitchell Agude,D.J. Miller,1540,21
Mitchell Agude,DaRon Gilbert,1540,24
Mitchell Agude,Dan Jackson,1540,10
Mitchell Agude,Dicaprio Bootle,1540,20
Mitchell Agude,Ennis Rakestraw Jr.,1540,5
Mitchell Agude,Erick Hallett,1540,50
Mitchell Agude,Ezekiel Turner,1540,44
Mitchell Agude,Grant Stuard,1540,9
Mitchell Agude,Ian Kennelly,1540,46
Mitchell Agude,Isaac Ukwu,1540,40
Mitchell Agude,Keith Cooper,1540,35
Mitchell Agude,Loren Strickland,1540,35
Mitchell Agude,Luq Barcoo,1540,3
Mitchell Agude,Morice Norris Jr.,1540,13
Mitchell Agude,Myles Adams,1540,63
Mitchell Agude,Nate Lynn,1540,13
Mitchell Agude,Nick Whiteside,1540,36
Mitchell Agude,Pat O'Connor,1540,3
Mitchell Agude,Raequan Williams,1540,5
Mitchell Agude,Rock Ya-Sin,1540,20
Mitchell Agude,Trevor Nowaske,1540,41
Mitchell Agude,Tyson Russell,1540,43
Mitchell Evans,Adam Thielen,0750,4
Mitchell Evans,Andy Dalton,0750,13
Mitchell Evans,Austin Corbett,0750,8
Mitchell Evans,Brady Christensen,0750,23
Mitchell Evans,Brandon Walton,0750,13
Mitchell Evans,Bryce Young,0750,8
Mitchell Evans,Brycen Tremayne,0750,11
Mitchell Evans,Cade Mays,0750,21
Mitchell Evans,Chuba Hubbard,0750,5
Mitchell Evans,David Moore,0750,11
Mitchell Evans,Hunter Renfrow,0750,10
Mitchell Evans,Ikem Ekwonu,0750,8
Mitchell Evans,Ja'Tavion Sanders,0750,4
Mitchell Evans,Ja'Tyre Carter,0750,29
Mitchell Evans,Jack Plummer,0750,10
Mitchell Evans,Jalen Coker,0750,12
Mitchell Evans,James Mitchell,0750,6
Mitchell Evans,Jarrett Kingston,0750,14
Mitchell Evans,Jimmy Horn Jr.,0750,6
Mitchell Evans,Raheem Blackshear,0750,4
Mitchell Evans,Rico Dowdle,0750,11
Mitchell Evans,Robert Hunt,0750,8
Mitchell Evans,Taylor Moton,0750,8
Mitchell Evans,Tetairoa McMillan,0750,20
Mitchell Evans,Trevor Etienne,0750,12
Mitchell Evans,Xavier Legette,0750,8
Mitchell Evans,Yosh Nijman,0750,23
Mitchell Tinsley,Amarius Mims,0920,14
Mitchell Tinsley,Andrei Iosivas,0920,14
Mitchell Tinsley,Andrew Coker,0920,14
Mitchell Tinsley,Andrew Raym,0920,28
Mitchell Tinsley,Andrew Stueber,0920,15
Mitchell Tinsley,Cam Grandy,0920,9
Mitchell Tinsley,Charlie Jones,0920,29
Mitchell Tinsley,Cody Ford,0920,10
Mitchell Tinsley,Cole Burgess,0920,1
Mitchell Tinsley,Cordell Volson,0920,13
Mitchell Tinsley,Devin Cochran,0920,14
Mitchell Tinsley,Drew Sample,0920,4
Mitchell Tinsley,Dylan Fairchild,0920,14
Mitchell Tinsley,Gary Brightwell,0920,1
Mitchell Tinsley,Isaiah Williams,0920,15
Mitchell Tinsley,Jake Browning,0920,28
Mitchell Tinsley,Jalen Rivers,0920,35
Mitchell Tinsley,Jamoi Mayes,0920,2
Mitchell Tinsley,Jaxson Kirkland,0920,18
Mitchell Tinsley,Jermaine Burton,0920,9
Mitchell Tinsley,Joe Burrow,0920,14
Mitchell Tinsley,Kendric Pryor,0920,9
Mitchell Tinsley,Lucas Patrick,0920,7
Mitchell Tinsley,Noah Fant,0920,9
Mitchell Tinsley,Orlando Brown,0920,14
Mitchell Tinsley,Samaje Perine,0920,6
Mitchell Tinsley,Tahj Brooks,0920,35
Mitchell Tinsley,Tanner Hudson,0920,19
Mitchell Tinsley,Tanner McLachlan,0920,6
Mitchell Tinsley,Ted Karras,0920,14
Mitchell Trubisky,Chase Lundt,0610,25
Mitchell Trubisky,Connor McGovern,0610,14
Mitchell Trubisky,Dalton Kincaid,0610,4
Mitchell Trubisky,Dan Feeney,0610,6
Mitchell Trubisky,David Edwards,0610,14
Mitchell Trubisky,Dawson Knox,0610,8
Mitchell Trubisky,Dion Dawkins,0610,14
Mitchell Trubisky,Elijah Moore,0610,12
Mitchell Trubisky,Frank Gore Jr.,0610,18
Mitchell Trubisky,Jackson Hawes,0610,4
Mitchell Trubisky,Jacob Bayer,0610,19
Mitchell Trubisky,Josh Palmer,0610,14
Mitchell Trubisky,KJ Hamler,0610,17
Mitchell Trubisky,Kaden Prather,0610,8
Mitchell Trubisky,Keleki Latu,0610,12
Mitchell Trubisky,Kendrick Green,0610,6
Mitchell Trubisky,Keon Coleman,0610,14
Mitchell Trubisky,Kristian Wilkerson,0610,17
Mitchell Trubisky,Laviska Shenault Jr.,0610,3
Mitchell Trubisky,Matt Sokol,0610,1
Mitchell Trubisky,Mike Edwards,0610,19
Mitchell Trubisky,O'Cyrus Torrence,0610,14
Mitchell Trubisky,Ray Davis,0610,13
Mitchell Trubisky,Reggie Gilliam,0610,6
Mitchell Trubisky,Richard Gouraige,0610,25
Mitchell Trubisky,Ryan Van Demark,0610,39
Mitchell Trubisky,Stephen Gosnell,0610,8
Mitchell Trubisky,Ty Johnson,0610,8
Mitchell Trubisky,Tyrell Shavers,0610,14
Mitchell Trubisky,Zach Davidson,0610,14
Mitchell Van Vooren,Ahmani Marshall,1050,1
Mitchell Van Vooren,Bucky Williams,1050,4
Mitchell Van Vooren,Cade McDonald,1050,4
Mitchell Van Vooren,Chase Cota,1050,1
Mitchell Van Vooren,Dartanyan Tinsley,1050,4
Mitchell Van Vooren,Jason Ivey,1050,1
Mitchell Van Vooren,Kilian Zierer,1050,1
Mitchell Van Vooren,Kisean Johnson,1050,4
Mitchell Van Vooren,Lorenzo Thompson,1050,4
Mitchell Van Vooren,Roy Mbaeteka,1050,3
Mitchell Van Vooren,Sal Cannella,1050,3
Mitchell Van Vooren,Sebastian Gutierrez,1050,3
Mitchell Van Vooren,Toa Taua,1050,3
Mitchell Van Vooren,Tyler Huntley,1050,4
Mo Alie-Cox,Adonai Mitchell,2200,4
Mo Alie-Cox,Anthony Gould,2200,1
Mo Alie-Cox,Braden Smith,2200,4
Mo Alie-Cox,Daniel Jones,2200,4
Mo Alie-Cox,Jalen Travis,2200,4
Mo Alie-Cox,Jonathan Taylor,2200,4
Mo Alie-Cox,Matt Goncalves,2200,4
Mo Alie-Cox,Michael Pittman,2200,4
Mo Alie-Cox,Quenton Nelson,2200,4
Mo Alie-Cox,Tanor Bortolini,2200,4
Mo Alie-Cox,Tyler Warren,2200,3
Mohamed Kamara,Alex Huntley,2700,5
Mohamed Kamara,BJ Adams,2700,5
Mohamed Kamara,Ben Stille,2700,3
Mohamed Kamara,Cam Smith,2700,3
Mohamed Kamara,Cameron Dantzler,2700,5
Mohamed Kamara,Cameron Goode,2700,5
Mohamed Kamara,Channing Tindall,2700,3
Mohamed Kamara,Cornell Armstrong,2700,3
Mohamed Kamara,Dequan Jackson,2700,5
Mohamed Kamara,Ethan Robinson,2700,3
Mohamed Kamara,Eugene Asante,2700,3
Mohamed Kamara,Grayson Murphy,2700,3
Mohamed Kamara,Isaiah Johnson,2700,5
Mohamed Kamara,John Saunders Jr.,2700,8
Mohamed Kamara,Jordan Colbert,2700,8
Mohamed Kamara,Matt Dickerson,2700,4
Mohamed Kamara,Matthew Butler,2700,1
Mohamed Kamara,Zeek Biggers,2700,8
Moliki Matavao,Barry Wesley,3300,49
Moliki Matavao,Cam Akers,3300,18
Moliki Matavao,Cedrick Wilson Jr.,3300,29
Moliki Matavao,Cesar Ruiz,3300,4
Moliki Matavao,Chris Olave,3300,3
Moliki Matavao,Clyde Edwards-Helaire,3300,13
Moliki Matavao,Dante Pettis,3300,25
Moliki Matavao,Devin Neal,3300,10
Moliki Matavao,Dillon Radunz,3300,16
Moliki Matavao,Donovan Peoples-Jones,3300,3
Moliki Matavao,Easton Kilty,3300,54
Moliki Matavao,Jack Stoll,3300,1
Moliki Matavao,Jake Haener,3300,7
Moliki Matavao,Jonathan Mendoza,3300,25
Moliki Matavao,Josiah Ezirim,3300,4
Moliki Matavao,Kelvin Banks Jr.,3300,3
Moliki Matavao,Kendre Miller,3300,2
Moliki Matavao,Kevin Austin Jr.,3300,50
Moliki Matavao,Kyle Hergel,3300,10
Moliki Matavao,Landon Young,3300,20
Moliki Matavao,Marcus Yarns,3300,5
Moliki Matavao,Mason Tipton,3300,40
Moliki Matavao,Michael Jacobson,3300,10
Moliki Matavao,Rashid Shaheed,3300,3
Moliki Matavao,Shane Lemieux,3300,44
Moliki Matavao,Spencer Rattler,3300,19
Moliki Matavao,Taliese Fuaga,3300,3
Moliki Matavao,Torricelli Simpkins III,3300,58
Moliki Matavao,Treyton Welch,3300,9
Moliki Matavao,Tyler Shough,3300,32
Moliki Matavao,Velus Jones Jr.,3300,11
Monaray Baldwin,A.J. Henning,2700,5
Monaray Baldwin,Addison West,2700,12
Monaray Baldwin,Andrew Armstrong,2700,9
Monaray Baldwin,Braeden Daniels,2700,12
Monaray Baldwin,Chris Myarick,2700,6
Monaray Baldwin,Hayden Rucci,2700,9
Monaray Baldwin,Jalen McKenzie,2700,12
Monaray Baldwin,Josh Priebe,2700,12
Monaray Baldwin,Ollie Gordon II,2700,12
Monaray Baldwin,Quinn Ewers,2700,12
Monaray Baldwin,Ryan Hayes,2700,12
Monaray Baldwin,Theo Wease Jr.,2700,7
Montez Sweat,Andrew Billings,0810,6
Montez Sweat,Chris Williams,0810,13
Montez Sweat,Dayo Odeyingbo,0810,17
Montez Sweat,Gervon Dexter Sr.,0810,17
Montez Sweat,Jaquan Brisker,0810,18
Montez Sweat,Kevin Byard,0810,18
Montez Sweat,Nahshon Wright,0810,18
Montez Sweat,Nick McCloud,0810,13
Montez Sweat,Noah Sewell,0810,12
Montez Sweat,Ruben Hyppolite II,0810,7
Montez Sweat,Swayze Bozeman,0810,1
Montez Sweat,T.J. Edwards,0810,18
Montez Sweat,Tanoh Kpassagnon,0810,1
Montez Sweat,Tremaine Edmunds,0810,3
Montez Sweat,Tyrique Stevenson,0810,18
Montrell Johnson Jr.,Ainias Smith,3700,28
Montrell Johnson Jr.,Ben VanSumeren,3700,4
Montrell Johnson Jr.,Brett Toth,3700,26
Montrell Johnson Jr.,Cameron Latu,3700,14
Montrell Johnson Jr.,Cameron Williams,3700,28
Montrell Johnson Jr.,Darian Kinnard,3700,34
Montrell Johnson Jr.,Darius Cooper,3700,23
Montrell Johnson Jr.,Dorian Thompson-Robinson,3700,3
Montrell Johnson Jr.,Drew Kendall,3700,26
Montrell Johnson Jr.,E.J. Jenkins,3700,21
Montrell Johnson Jr.,Elijah Cooks,3700,25
Montrell Johnson Jr.,Harrison Bryant,3700,1
Montrell Johnson Jr.,Hollin Pierce,3700,14
Montrell Johnson Jr.,Ife Adeyi,3700,3
Montrell Johnson Jr.,John Metchie III,3700,15
Montrell Johnson Jr.,Johnny Wilson,3700,3
Montrell Johnson Jr.,Kendall Lamm,3700,23
Montrell Johnson Jr.,Kenyon Green,3700,25
Montrell Johnson Jr.,Kyle McCord,3700,48
Montrell Johnson Jr.,Kylen Granson,3700,13
Montrell Johnson Jr.,Matt Pryor,3700,7
Montrell Johnson Jr.,Myles Hinton,3700,28
Montrell Johnson Jr.,Nick Muse,3700,19
Montrell Johnson Jr.,Taylor Morin,3700,5
Montrell Johnson Jr.,Terrace Marshall Jr.,3700,30
Montrell Johnson Jr.,Trevor Keegan,3700,44
Montrell Washington,Aaron Stinnie,3410,25
Montrell Washington,Austin Schlottmann,3410,26
Montrell Washington,Bryan Hudson,3410,28
Montrell Washington,Da'Quan Felton,3410,2
Montrell Washington,Dalen Cambre,3410,16
Montrell Washington,Daniel Bellinger,3410,4
Montrell Washington,Dante Miller,3410,25
Montrell Washington,Devin Singletary,3410,5
Montrell Washington,Evan Neal,3410,9
Montrell Washington,Greg Dulcich,3410,29
Montrell Washington,Greg Van Roten,3410,1
Montrell Washington,Gunner Olszewski,3410,10
Montrell Washington,Jaison Williams,3410,19
Montrell Washington,Jake Kubas,3410,40
Montrell Washington,Jameis Winston,3410,1
Montrell Washington,James Hudson,3410,1
Montrell Washington,Jaxson Dart,3410,33
Montrell Washington,Jermaine Eluemunor,3410,1
Montrell Washington,Jermaine Terry,3410,5
Montrell Washington,Jimmy Morrissey,3410,19
Montrell Washington,John Michael Schmitz,3410,1
Montrell Washington,Jon Runyan,3410,1
Montrell Washington,Jonathan Ward,3410,24
Montrell Washington,Jordan Bly,3410,9
Montrell Washington,Joshua Ezeudu,3410,29
Montrell Washington,Lil'Jordan Humphrey,3410,47
Montrell Washington,Marcus Mbow,3410,37
Montrell Washington,Russell Wilson,3410,1
Montrell Washington,Stone Forsythe,3410,33
Montrell Washington,Thomas Fidone II,3410,17
Montrell Washington,Tommy DeVito,3410,19
Montrell Washington,Wan'Dale Robinson,3410,1
Montrell Washington,Zach Pascal,3410,22
Monty Rice,Alex Austin,3200,5
Monty Rice,Anfernee Jennings,3200,16
Monty Rice,Bradyn Swinson,3200,63
Monty Rice,Brandon Crossley,3200,61
Monty Rice,Cam Riley,3200,27
Monty Rice,Craig Woodson,3200,9
Monty Rice,David Olajiga,3200,30
Monty Rice,Dell Pettus,3200,61
Monty Rice,Elijah Ponder,3200,51
Monty Rice,Isaiah Bolden,3200,24
Monty Rice,Isaiah Iton,3200,14
Monty Rice,Jahvaree Ritzie,3200,38
Monty Rice,Jeremiah Pharms Jr.,3200,46
Monty Rice,Jordan Polk,3200,56
Monty Rice,Josh Minkins,3200,1
Monty Rice,Joshua Farmer,3200,16
Monty Rice,Keion White,3200,9
Monty Rice,Kobee Minor,3200,63
Monty Rice,Kyle Dugger,3200,60
Monty Rice,Kyle Peko,3200,39
Monty Rice,Marcus Epps,3200,84
Monty Rice,Marte Mapu,3200,30
Monty Rice,Miles Battle,3200,21
Monty Rice,Philip Blidi,3200,16
Monty Rice,R.J. Moten,3200,20
Monty Rice,Tre Avery,3200,15
Monty Rice,Truman Jones,3200,45
Moochie Dixon,Dante Pettis,3300,6
Moochie Dixon,Jake Haener,3300,6
Moochie Dixon,Jonathan Mendoza,3300,6
Moochie Dixon,Josiah Ezirim,3300,6
Moochie Dixon,Kyle Hergel,3300,6
Moochie Dixon,Luke Fortner,3300,6
Moochie Dixon,Marcus Yarns,3300,6
Moochie Dixon,Mason Tipton,3300,1
Moochie Dixon,Mike Panasiuk,3300,6
Moochie Dixon,Roderick Daniels Jr.,3300,5
Moochie Dixon,Seth Green,3300,6
Morgan Fox,Arnold Ebiketie,0200,5
Morgan Fox,Billy Bowman Jr.,0200,10
Morgan Fox,Bralen Trice,0200,12
Morgan Fox,Brandon Dorlus,0200,2
Morgan Fox,C.J. Henderson,0200,5
Morgan Fox,Caleb Johnson,0200,17
Morgan Fox,Cobee Bryant,0200,26
Morgan Fox,DeAngelo Malone,0200,28
Morgan Fox,DeMarcco Hellams,0200,2
Morgan Fox,Dee Alford,0200,10
Morgan Fox,Dontae Manning,0200,21
Morgan Fox,Henry Black,0200,29
Morgan Fox,JD Bertrand,0200,8
Morgan Fox,Jalon Walker,0200,3
Morgan Fox,James Pearce Jr.,0200,15
Morgan Fox,Jordan Fuller,0200,12
Morgan Fox,Josh Thompson,0200,36
Morgan Fox,Josh Woods,0200,12
Morgan Fox,Keith Taylor,0200,11
Morgan Fox,Kentavius Street,0200,19
Morgan Fox,Khalid Kareem,0200,23
Morgan Fox,LaCale London,0200,18
Morgan Fox,Lamar Jackson,0200,35
Morgan Fox,Mike Ford,0200,25
Morgan Fox,Natrone Brooks,0200,20
Morgan Fox,Nick Kubitz,0200,26
Morgan Fox,Ronnie Harrison,0200,34
Morgan Fox,Ronnie Perkins,0200,16
Morgan Fox,Ruke Orhorhoro,0200,2
Morgan Fox,Simeon Barrow Jr.,0200,20
Morgan Fox,Ta'Quon Graham,0200,3
Morgan Fox,Xavier Watts,0200,12
Morgan Fox,Zach Harrison,0200,13
Morice Norris Jr.,Ahmed Hassanein,1540,3
Morice Norris Jr.,Anthony Pittman,1540,18
Morice Norris Jr.,Brodric Martin,1540,11
Morice Norris Jr.,Chris Smith,1540,7
Morice Norris Jr.,Dan Jackson,1540,6
Morice Norris Jr.,Dicaprio Bootle,1540,16
Morice Norris Jr.,Ennis Rakestraw Jr.,1540,10
Morice Norris Jr.,Erick Hallett,1540,20
Morice Norris Jr.,Ezekiel Turner,1540,25
Morice Norris Jr.,Isaac Ukwu,1540,14
Morice Norris Jr.,Keith Cooper,1540,17
Morice Norris Jr.,Loren Strickland,1540,19
Morice Norris Jr.,Mitchell Agude,1540,13
Morice Norris Jr.,Myles Adams,1540,18
Morice Norris Jr.,Nate Lynn,1540,15
Morice Norris Jr.,Nick Whiteside,1540,9
Morice Norris Jr.,Raequan Williams,1540,2
Morice Norris Jr.,Trevor Nowaske,1540,12
Morice Norris Jr.,Tyson Russell,1540,15
Mose Vavao,Ajou Ajou,2200,42
Mose Vavao,Anthony Gould,2200,5
Mose Vavao,Blake Freeland,2200,23
Mose Vavao,Blayne Taylor,2200,50
Mose Vavao,Coleman Owen,2200,72
Mose Vavao,D.J. Montgomery,2200,6
Mose Vavao,Dalton Tucker,2200,12
Mose Vavao,Jalen Travis,2200,27
Mose Vavao,Jason Bean,2200,44
Mose Vavao,Jelani Woods,2200,57
Mose Vavao,Josh Sills,2200,76
Mose Vavao,Khalil Herbert,2200,8
Mose Vavao,Landon Parker,2200,39
Mose Vavao,Laquon Treadwell,2200,22
Mose Vavao,Luke Tenuta,2200,63
Mose Vavao,Marcellus Johnson,2200,49
Mose Vavao,Marshall Foerner,2200,45
Mose Vavao,Maximilian Mang,2200,10
Mose Vavao,Nate Noel,2200,16
Mose Vavao,Nay'Quan Wright,2200,16
Mose Vavao,Riley Leonard,2200,51
Mose Vavao,Sean McKeon,2200,30
Mose Vavao,Tyler Kahmann,2200,32
Mose Vavao,Ulysses Bentley IV,2200,55
Mose Vavao,Wesley French,2200,85
Mose Vavao,Will Mallory,2200,15
Mykal Walker,Anthony Goodlow,3800,46
Mykal Walker,Benton Whitley,3800,38
Mykal Walker,Cody Simon,3800,38
Mykal Walker,Dadrion Taylor-Demerson,3800,4
Mykal Walker,Darren Hall,3800,45
Mykal Walker,Denzel Burke,3800,35
Mykal Walker,Ekow Boye-Doe,3800,26
Mykal Walker,Elijah Jones,3800,45
Mykal Walker,Elijah Simmons,3800,36
Mykal Walker,Elliott Brown,3800,59
Mykal Walker,Jammie Robinson,3800,56
Mykal Walker,Jaylon Jones,3800,50
Mykal Walker,Joey Blount,3800,22
Mykal Walker,Jordan Burch,3800,6
Mykal Walker,Kei'Trel Clark,3800,56
Mykal Walker,Kitan Crawford,3800,42
Mykal Walker,Kyon Barrs,3800,38
Mykal Walker,L.J. Collier,3800,9
Mykal Walker,Owen Pappoe,3800,11
Mykal Walker,PJ Mustipher,3800,20
Mykal Walker,Patrick Jenkins,3800,31
Mykal Walker,Steven Gilmore,3800,22
Mykal Walker,Vi Jones,3800,33
Mykal Walker,Xavier Thomas,3800,52
Myles Adams,Ahmed Hassanein,1540,27
Myles Adams,Al-Quadin Muhammad,1540,27
Myles Adams,Allan George,1540,39
Myles Adams,Anthony Pittman,1540,74
Myles Adams,Avonte Maddox,1540,35
Myles Adams,Brodric Martin,1540,47
Myles Adams,Chris Smith,1540,31
Myles Adams,D.J. Miller,1540,33
Myles Adams,DaRon Gilbert,1540,37
Myles Adams,Dan Jackson,1540,19
Myles Adams,Dicaprio Bootle,1540,32
Myles Adams,Ennis Rakestraw Jr.,1540,14
Myles Adams,Erick Hallett,1540,85
Myles Adams,Ezekiel Turner,1540,71
Myles Adams,Grant Stuard,1540,39
Myles Adams,Ian Kennelly,1540,81
Myles Adams,Isaac Ukwu,1540,66
Myles Adams,Keith Cooper,1540,68
Myles Adams,Loren Strickland,1540,62
Myles Adams,Luq Barcoo,1540,7
Myles Adams,Mitchell Agude,1540,63
Myles Adams,Morice Norris Jr.,1540,18
Myles Adams,Nate Lynn,1540,48
Myles Adams,Nick Whiteside,1540,72
Myles Adams,Pat O'Connor,1540,15
Myles Adams,Raequan Williams,1540,13
Myles Adams,Rock Ya-Sin,1540,52
Myles Adams,Trevor Nowaske,1540,82
Myles Adams,Tyson Russell,1540,73
Myles Adams,Zach Cunningham,1540,20
Myles Bryant,Arthur Maulet,2120,33
Myles Bryant,Casey Toohill,2120,58
Myles Bryant,D'Angelo Ross,2120,38
Myles Bryant,Damon Arnette,2120,48
Myles Bryant,Darrell Taylor,2120,15
Myles Bryant,Dylan Horton,2120,11
Myles Bryant,E.J. Speed,2120,20
Myles Bryant,Haggai Ndubuisi,2120,42
Myles Bryant,Henry To'oTo'o,2120,5
Myles Bryant,Jackson Woodard,2120,38
Myles Bryant,Jake Hansen,2120,15
Myles Bryant,Jalen Mills,2120,20
Myles Bryant,Jamal Hill,2120,40
Myles Bryant,Jaylin Smith,2120,23
Myles Bryant,Junior Tafuna,2120,60
Myles Bryant,K.C. Ossai,2120,36
Myles Bryant,M.J. Stewart,2120,29
Myles Bryant,Mario Edwards,2120,4
Myles Bryant,Marlon Davidson,2120,25
Myles Bryant,Nick Niemann,2120,30
Myles Bryant,Russ Yeast,2120,60
Myles Bryant,Solomon Byrd,2120,58
Myles Bryant,Tim Settle,2120,10
Myles Bryant,Tommy Togiai,2120,26
Myles Bryant,Tremon Smith,2120,54
Myles Cole,Antonio Johnson,2250,23
Myles Cole,Austin Johnson,2250,9
Myles Cole,Aydan White,2250,33
Myles Cole,BJ Green II,2250,5
Myles Cole,Branson Combs,2250,27
Myles Cole,Cam'Ron Silmon-Craig,2250,39
Myles Cole,Chad Muma,2250,37
Myles Cole,Christian Braswell,2250,19
Myles Cole,Daniel Thomas,2250,23
Myles Cole,Danny Striggow,2250,22
Myles Cole,Darnell Savage,2250,5
Myles Cole,Dawuane Smoot,2250,3
Myles Cole,Deantre Prince,2250,24
Myles Cole,Doneiko Slaughter,2250,27
Myles Cole,Eli Mostaert,2250,13
Myles Cole,Emmanuel Ogbah,2250,3
Myles Cole,Ethan Downs,2250,34
Myles Cole,Jabbar Muhammad,2250,37
Myles Cole,Jack Kiser,2250,44
Myles Cole,James Carpenter,2250,30
Myles Cole,Jordan Jefferson,2250,28
Myles Cole,Keivie Rose,2250,33
Myles Cole,Keni-H Lovely,2250,22
Myles Cole,Maason Smith,2250,9
Myles Cole,Rayuan Lane III,2250,40
Myles Cole,Tyler Lacy,2250,3
Myles Cole,Ventrell Miller,2250,18
Myles Cole,Yasir Abdullah,2250,21
Myles Cole,Zech McPhearson,2250,9
Myles Gaskin,Anthony Miller,0325,8
Myles Gaskin,Baylor Cupp,0325,7
Myles Gaskin,Carson Vinson,0325,21
Myles Gaskin,Devin Leary,0325,21
Myles Gaskin,Garrett Dellinger,0325,21
Myles Gaskin,Gerad Lichtenhan,0325,21
Myles Gaskin,Jahmal Banks,0325,21
Myles Gaskin,Jared Penning,0325,21
Myles Gaskin,Lucas Scott,0325,11
Myles Gaskin,Malik Cunningham,0325,6
Myles Gaskin,Nick Samac,0325,2
Myles Gaskin,Reid Holskey,0325,19
Myles Gaskin,Scotty Washington,0325,6
Myles Gaskin,Xavier Guillory,0325,12
Myles Gaskin,Zaire Mitchell-Paden,0325,13
Myles Harden,Adin Huntington,1050,11
Myles Harden,Alex Wright,1050,16
Myles Harden,Cameron Mitchell,1050,23
Myles Harden,Cameron Thomas,1050,23
Myles Harden,Carson Schwesinger,1050,17
Myles Harden,Charlie Thomas,1050,4
Myles Harden,Chigozie Anusiem,1050,15
Myles Harden,Chris Edmonds,1050,19
Myles Harden,Damontae Kazee,1050,23
Myles Harden,Devin Bush,1050,21
Myles Harden,Dom Jones,1050,27
Myles Harden,Donovan McMillon,1050,13
Myles Harden,Easton Mascarenas-Arnold,1050,17
Myles Harden,Grant Delpit,1050,7
Myles Harden,Isaiah McGuire,1050,15
Myles Harden,Jerome Baker,1050,12
Myles Harden,Joe Tryon-Shoyinka,1050,15
Myles Harden,Jowon Briggs,1050,10
Myles Harden,Julian Okwara,1050,15
Myles Harden,KJ Henry,1050,7
Myles Harden,Keenan Isaac,1050,7
Myles Harden,Maliek Collins,1050,7
Myles Harden,Mason Graham,1050,15
Myles Harden,Nathaniel Watson,1050,12
Myles Harden,Ralph Holley,1050,17
Myles Harden,Rayshawn Jenkins,1050,13
Myles Harden,Ronnie Hickman Jr.,1050,23
Myles Harden,Sam Kamara,1050,23
Myles Harden,Shelby Harris,1050,10
Myles Harden,Titus Leo,1050,4
Myles Harden,Tony Brown,1050,22
Myles Harden,Winston Reid,1050,7
Myles Hinton,AJ Dillon,3700,16
Myles Hinton,Ainias Smith,3700,54
Myles Hinton,Ben VanSumeren,3700,3
Myles Hinton,Brett Toth,3700,69
Myles Hinton,Cameron Latu,3700,34
Myles Hinton,Cameron Williams,3700,89
Myles Hinton,Darian Kinnard,3700,54
Myles Hinton,Darius Cooper,3700,71
Myles Hinton,Dorian Thompson-Robinson,3700,21
Myles Hinton,Drew Kendall,3700,68
Myles Hinton,E.J. Jenkins,3700,44
Myles Hinton,Elijah Cooks,3700,34
Myles Hinton,Giles Jackson,3700,23
Myles Hinton,Harrison Bryant,3700,10
Myles Hinton,Hollin Pierce,3700,36
Myles Hinton,Ife Adeyi,3700,21
Myles Hinton,Johnny Wilson,3700,41
Myles Hinton,Keilan Robinson,3700,59
Myles Hinton,Kenyon Green,3700,60
Myles Hinton,Kyle McCord,3700,80
Myles Hinton,Kylen Granson,3700,38
Myles Hinton,Laekin Vakalahi,3700,12
Myles Hinton,Matt Pryor,3700,27
Myles Hinton,Montrell Johnson Jr.,3700,28
Myles Hinton,Nick Muse,3700,45
Myles Hinton,ShunDerrick Powell,3700,25
Myles Hinton,Tanner McKee,3700,27
Myles Hinton,Taylor Morin,3700,36
Myles Hinton,Terrace Marshall Jr.,3700,57
Myles Hinton,Trevor Keegan,3700,97
Myles Murphy,DJ Turner II,0920,14
Myles Murphy,Daijahn Anthony,0920,10
Myles Murphy,Demetrius Knight Jr.,0920,14
Myles Murphy,Geno Stone,0920,4
Myles Murphy,Jalen Davis,0920,8
Myles Murphy,Jordan Battle,0920,14
Myles Murphy,Joseph Ossai,0920,14
Myles Murphy,Josh Newton,0920,14
Myles Murphy,Kris Jenkins,0920,14
Myles Murphy,Logan Wilson,0920,14
Myles Murphy,Oren Burks,0920,6
Myles Murphy,Shemar Stewart,0920,1
Myles Murphy,Tedarrell Slaton,0920,13
Myles Price,Ben Yurosek,3000,3
Myles Price,Brett Rypien,3000,8
Myles Price,Bryson Nesbit,3000,39
Myles Price,Dontae Fleming,3000,35
Myles Price,Giovanni Ricci,3000,11
Myles Price,Henry Byrd,3000,9
Myles Price,Jeshaun Jones,3000,20
Myles Price,Joe Huber,3000,59
Myles Price,Leroy Watson IV,3000,37
Myles Price,Logan Brown,3000,50
Myles Price,Max Brosmer,3000,51
Myles Price,Michael Gonzalez,3000,38
Myles Price,Michael Jurgens,3000,18
Myles Price,Nick Vannett,3000,12
Myles Price,Robert Lewis,3000,11
Myles Price,Silas Bolden,3000,17
Myles Price,Tai Felton,3000,2
Myles Price,Thayer Thomas,3000,3
Myles Price,Tim Jones,3000,24
Myles Price,Tre Stewart,3000,30
Myles Price,Vershon Lee,3000,59
Myles Price,Xazavian Valladay,3000,16
Myles Price,Zack Bailey,3000,22
Myles Price,Zavier Scott,3000,13
Myles Price,Zeke Correll,3000,3
Myles Purchase,Caleb Murphy,4400,24
Myles Purchase,Christopher Hinton,4400,53
Myles Purchase,Del'Shawn Phillips,4400,5
Myles Purchase,Emany Johnson,4400,64
Myles Purchase,Eric Rogers,4400,29
Myles Purchase,Garmon Randolph,4400,51
Myles Purchase,Harrison Hand,4400,15
Myles Purchase,Ja'Sir Taylor,4400,32
Myles Purchase,Jamaree Caldwell,4400,19
Myles Purchase,Jaylen Jones,4400,23
Myles Purchase,Jordan Oladokun,4400,20
Myles Purchase,Josh Fuga,4400,10
Myles Purchase,Junior Colson,4400,12
Myles Purchase,Justin Eboigbe,4400,20
Myles Purchase,Kana'i Mauga,4400,37
Myles Purchase,Kendall Williamson,4400,83
Myles Purchase,Kylan Guidry,4400,47
Myles Purchase,Kyle Kennard,4400,30
Myles Purchase,Marlowe Wax,4400,83
Myles Purchase,Naquan Jones,4400,28
Myles Purchase,Nehemiah Shelton,4400,4
Myles Purchase,Nesta Jade Silvera,4400,51
Myles Purchase,Nikko Reed,4400,25
Myles Purchase,R.J. Mickens,4400,54
Myles Purchase,Scott Matlock,4400,1
Myles Purchase,TeRah Edwards,4400,46
Myles Purchase,Tony Jefferson,4400,8
Myles Purchase,Tre'Mon Morris-Brash,4400,53
Myles Purchase,Trikweze Bridges,4400,90
Myles Purchase,Troy Dye,4400,3
Nahshon Wright,Amen Ogbongbemiga,0810,10
Nahshon Wright,Andrew Billings,0810,11
Nahshon Wright,Austin Booker,0810,6
Nahshon Wright,Chris Williams,0810,26
Nahshon Wright,Dayo Odeyingbo,0810,22
Nahshon Wright,Dominique Robinson,0810,12
Nahshon Wright,Elijah Hicks,0810,15
Nahshon Wright,Gervon Dexter Sr.,0810,20
Nahshon Wright,Jaquan Brisker,0810,23
Nahshon Wright,Jonathan Ford,0810,7
Nahshon Wright,Jonathan Owens,0810,15
Nahshon Wright,Josh Blackwell,0810,5
Nahshon Wright,Kevin Byard,0810,23
Nahshon Wright,Montez Sweat,0810,18
Nahshon Wright,Nick McCloud,0810,15
Nahshon Wright,Noah Sewell,0810,32
Nahshon Wright,Ruben Hyppolite II,0810,25
Nahshon Wright,Swayze Bozeman,0810,1
Nahshon Wright,T.J. Edwards,0810,23
Nahshon Wright,Tanoh Kpassagnon,0810,18
Nahshon Wright,Tremaine Edmunds,0810,3
Nahshon Wright,Tyrique Stevenson,0810,38
Nahshon Wright,Zacch Pickens,0810,12
Naquan Jones,Alohi Gilman,4400,2
Naquan Jones,Benjamin St-Juste,4400,6
Naquan Jones,Caleb Murphy,4400,28
Naquan Jones,Cam Hart,4400,2
Naquan Jones,Christopher Hinton,4400,23
Naquan Jones,Da'Shawn Hand,4400,8
Naquan Jones,Daiyan Henley,4400,3
Naquan Jones,Deane Leonard,4400,15
Naquan Jones,Del'Shawn Phillips,4400,9
Naquan Jones,Denzel Perryman,4400,3
Naquan Jones,Donte Jackson,4400,3
Naquan Jones,Elijah Molden,4400,3
Naquan Jones,Emany Johnson,4400,38
Naquan Jones,Eric Rogers,4400,7
Naquan Jones,Garmon Randolph,4400,31
Naquan Jones,Harrison Hand,4400,3
Naquan Jones,Ja'Sir Taylor,4400,37
Naquan Jones,Jamaree Caldwell,4400,22
Naquan Jones,Jaylen Jones,4400,14
Naquan Jones,Jordan Oladokun,4400,8
Naquan Jones,Junior Colson,4400,24
Naquan Jones,Justin Eboigbe,4400,22
Naquan Jones,Kana'i Mauga,4400,15
Naquan Jones,Kendall Williamson,4400,53
Naquan Jones,Kylan Guidry,4400,32
Naquan Jones,Kyle Kennard,4400,20
Naquan Jones,Marlowe Wax,4400,41
Naquan Jones,Myles Purchase,4400,28
Naquan Jones,Nehemiah Shelton,4400,1
Naquan Jones,Nesta Jade Silvera,4400,6
Naquan Jones,Nikko Reed,4400,30
Naquan Jones,Otito Ogbonnia,4400,2
Naquan Jones,R.J. Mickens,4400,48
Naquan Jones,Scott Matlock,4400,14
Naquan Jones,Tarheeb Still,4400,6
Naquan Jones,TeRah Edwards,4400,5
Naquan Jones,Tony Jefferson,4400,29
Naquan Jones,Tre'Mon Morris-Brash,4400,41
Naquan Jones,Trikweze Bridges,4400,59
Naquan Jones,Troy Dye,4400,19
Nash Hutmacher,Antonio Grier Jr.,4900,6
Nash Hutmacher,Bryce Hall,4900,6
Nash Hutmacher,Deion Jones,4900,16
Nash Hutmacher,Dvon J-Thomas,4900,32
Nash Hutmacher,Elijah Roberts,4900,17
Nash Hutmacher,JJ Roberts,4900,11
Nash Hutmacher,JayVian Farr,4900,4
Nash Hutmacher,John Bullock,4900,30
Nash Hutmacher,Jose Ramirez,4900,35
Nash Hutmacher,Kaevon Merriweather,4900,21
Nash Hutmacher,Kindle Vildor,4900,4
Nash Hutmacher,Markees Watts,4900,10
Nash Hutmacher,Nick Jackson,4900,18
Nash Hutmacher,Rashad Wisdom,4900,24
Nash Hutmacher,Roman Parodie,4900,25
Nash Hutmacher,Shilo Sanders,4900,15
Nash Hutmacher,Tre Avery,4900,20
Nash Hutmacher,Tyrek Funderburk,4900,11
Nash Hutmacher,Warren Peeples,4900,25
Nash Hutmacher,Will Brooks,4900,20
Nash Jones,Andre James,4400,21
Nash Jones,Branson Taylor,4400,56
Nash Jones,Brenden Rice,4400,76
Nash Jones,Corey Stewart,4400,131
Nash Jones,DJ Uiagalelei,4400,56
Nash Jones,Dalevon Campbell,4400,87
Nash Jones,David Sharpe,4400,55
Nash Jones,Derius Davis,4400,11
Nash Jones,Dez Fitzpatrick,4400,9
Nash Jones,Hassan Haskins,4400,24
Nash Jones,JaQuae Jackson,4400,37
Nash Jones,Jalen Reagor,4400,9
Nash Jones,Jaret Patterson,4400,4
Nash Jones,Jaylen Johnson,4400,42
Nash Jones,Jordan Petaia,4400,3
Nash Jones,Josh Kaltenberger,4400,133
Nash Jones,Karsen Barnhart,4400,85
Nash Jones,KeAndre Lambert-Smith,4400,33
Nash Jones,Kimani Vidal,4400,23
Nash Jones,Luke Grimm,4400,46
Nash Jones,Nyheim Hines,4400,53
Nash Jones,Oronde Gadsden II,4400,62
Nash Jones,Raheim Sanders,4400,45
Nash Jones,Ryan Nelson,4400,118
Nash Jones,Scott Matlock,4400,16
Nash Jones,Stevo Klotz,4400,76
Nash Jones,Taylor Heinicke,4400,3
Nash Jones,Thomas Yassmin,4400,13
Nash Jones,Tre Harris,4400,22
Nash Jones,Trey Lance,4400,90
Nash Jones,Tucker Fisk,4400,51
Nate Brooks,Barrett Carter,0920,27
Nate Brooks,Bralyn Lux,0920,109
Nate Brooks,Cameron Sample,0920,16
Nate Brooks,Craig Young,0920,67
Nate Brooks,D.J. Ivey,0920,50
Nate Brooks,Daijahn Anthony,0920,22
Nate Brooks,Eric Gregory,0920,72
Nate Brooks,Howard Cross III,0920,65
Nate Brooks,Isaiah Thomas,0920,100
Nate Brooks,Jalen Davis,0920,4
Nate Brooks,Jaylen Key,0920,83
Nate Brooks,Joe Giles-Harris,0920,44
Nate Brooks,Lance Robinson,0920,77
Nate Brooks,Maema Njongmeta,0920,80
Nate Brooks,McKinnley Jackson,0920,76
Nate Brooks,McTelvin Agim,0920,38
Nate Brooks,Oren Burks,0920,14
Nate Brooks,PJ Jules,0920,59
Nate Brooks,Raymond Johnson III,0920,84
Nate Brooks,Shaka Heyward,0920,37
Nate Brooks,Shaquan Loyal,0920,63
Nate Brooks,Shemar Stewart,0920,16
Nate Brooks,Taven Bryan,0920,40
Nate Brooks,Tycen Anderson,0920,27
Nate Carter,Brandon Parker,0200,22
Nate Carter,Casey Washington,0200,3
Nate Carter,Chris Blair,0200,44
Nate Carter,DJ Chark,0200,2
Nate Carter,David Sills,0200,9
Nate Carter,Dylan Drummond,0200,36
Nate Carter,Easton Stick,0200,47
Nate Carter,Elijah Wilkinson,0200,31
Nate Carter,Emory Jones,0200,2
Nate Carter,Feleipe Franks,0200,23
Nate Carter,Jack Nelson,0200,49
Nate Carter,Jesse Matthews,0200,10
Nate Carter,Joshua Gray,0200,43
Nate Carter,Joshua Simon,0200,13
Nate Carter,Jovaughn Gwyn,0200,49
Nate Carter,Kyle Hinton,0200,47
Nate Carter,Matthew Cindric,0200,2
Nate Carter,Nick Nash,0200,36
Nate Carter,Nikola Kalinic,0200,18
Nate Carter,Quincy Skinner Jr.,0200,2
Nate Carter,Tyrone Wheatley Jr.,0200,2
Nate Lynn,Ahmed Hassanein,1540,8
Nate Lynn,Al-Quadin Muhammad,1540,26
Nate Lynn,Allan George,1540,25
Nate Lynn,Anthony Pittman,1540,55
Nate Lynn,Avonte Maddox,1540,36
Nate Lynn,Brodric Martin,1540,15
Nate Lynn,Chris Smith,1540,43
Nate Lynn,D.J. Miller,1540,23
Nate Lynn,DaRon Gilbert,1540,24
Nate Lynn,Dan Jackson,1540,17
Nate Lynn,Dicaprio Bootle,1540,26
Nate Lynn,Ennis Rakestraw Jr.,1540,12
Nate Lynn,Erick Hallett,1540,54
Nate Lynn,Ezekiel Turner,1540,41
Nate Lynn,Grant Stuard,1540,35
Nate Lynn,Ian Kennelly,1540,50
Nate Lynn,Isaac Ukwu,1540,35
Nate Lynn,Keith Cooper,1540,68
Nate Lynn,Loren Strickland,1540,43
Nate Lynn,Luq Barcoo,1540,15
Nate Lynn,Mitchell Agude,1540,13
Nate Lynn,Morice Norris Jr.,1540,15
Nate Lynn,Myles Adams,1540,48
Nate Lynn,Nick Whiteside,1540,46
Nate Lynn,Pat O'Connor,1540,9
Nate Lynn,Raequan Williams,1540,5
Nate Lynn,Rock Ya-Sin,1540,36
Nate Lynn,Trevor Nowaske,1540,21
Nate Lynn,Tyleik Williams,1540,12
Nate Lynn,Tyson Russell,1540,54
Nate Lynn,Zach Cunningham,1540,30
Nate Matlack,Ajani Carter,2310,23
Nate Matlack,Azizi Hearn,2310,21
Nate Matlack,Brandon George,2310,21
Nate Matlack,Cam Jones,2310,3
Nate Matlack,Christian Roland-Wallace,2310,8
Nate Matlack,Cole Christiansen,2310,23
Nate Matlack,Cooper McDonald,2310,32
Nate Matlack,Coziah Izzard,2310,37
Nate Matlack,Fabien Lovett Sr.,2310,39
Nate Matlack,Glendon Miller,2310,44
Nate Matlack,Jacobe Covington,2310,13
Nate Matlack,Jeffrey Bassa,2310,18
Nate Matlack,Joshua Williams,2310,17
Nate Matlack,Kevin Knowles,2310,29
Nate Matlack,Kristian Fulton,2310,12
Nate Matlack,Major Williams,2310,34
Nate Matlack,Malik Herring,2310,46
Nate Matlack,Marlon Tuipulotu,2310,14
Nate Matlack,Melvin Smith Jr.,2310,8
Nate Matlack,Nohl Williams,2310,13
Nate Matlack,Owen Carney,2310,5
Nate Matlack,Xander Mueller,2310,10
Nate McCollum,Andre Baccellia,3800,2
Nate McCollum,Bam Knight,3800,10
Nate McCollum,Bryson Green,3800,29
Nate McCollum,Clayton Tune,3800,30
Nate McCollum,DeeJay Dallas,3800,11
Nate McCollum,Emari Demercado,3800,4
Nate McCollum,Hayden Conner,3800,5
Nate McCollum,Jake Curhan,3800,30
Nate McCollum,Jeremiah Byers,3800,30
Nate McCollum,Josiah Deguara,3800,13
Nate McCollum,McClendon Curtis,3800,24
Nate McCollum,Michael Carter,3800,5
Nate McCollum,Nick Leverett,3800,6
Nate McCollum,Oscar Cardenas,3800,20
Nate McCollum,Royce Newman,3800,25
Nate McCollum,Sincere Haynesworth,3800,30
Nate McCollum,Tejhaun Palmer,3800,23
Nate McCollum,Travis Vokolek,3800,2
Nate McCollum,Xavier Weaver,3800,1
Nate Noel,Ajou Ajou,2200,3
Nate Noel,Blayne Taylor,2200,12
Nate Noel,Coleman Owen,2200,11
Nate Noel,Jason Bean,2200,16
Nate Noel,Jelani Woods,2200,4
Nate Noel,Josh Sills,2200,16
Nate Noel,Landon Parker,2200,4
Nate Noel,Marcellus Johnson,2200,16
Nate Noel,Marshall Foerner,2200,16
Nate Noel,Maximilian Mang,2200,6
Nate Noel,Mose Vavao,2200,16
Nate Noel,Sean McKeon,2200,12
Nate Noel,Tyler Kahmann,2200,12
Nate Noel,Wesley French,2200,16
Nate Valcarcel,A.J. Green,2510,35
Nate Valcarcel,Bill Norton,2510,43
Nate Valcarcel,Brennan Jackson,2510,62
Nate Valcarcel,Cam Lampkin,2510,69
Nate Valcarcel,Charles Woods,2510,55
Nate Valcarcel,Da'Jon Terry,2510,39
Nate Valcarcel,Decarius Hawthorne,2510,29
Nate Valcarcel,Derion Kendrick,2510,65
Nate Valcarcel,Desjuan Johnson,2510,62
Nate Valcarcel,Elias Neal,2510,47
Nate Valcarcel,Jack Heflin,2510,52
Nate Valcarcel,Jamil Muhammad,2510,45
Nate Valcarcel,Josaiah Stewart,2510,9
Nate Valcarcel,Josh Pearcy,2510,44
Nate Valcarcel,Josh Wallace,2510,2
Nate Valcarcel,Keir Thomas,2510,2
Nate Valcarcel,Larrell Murchison,2510,18
Nate Valcarcel,Malik Dixon-Williams,2510,69
Nate Valcarcel,Nick Hampton,2510,21
Nate Valcarcel,Pooh Paul Jr.,2510,40
Nate Valcarcel,Shaun Dolac,2510,40
Nate Valcarcel,Shaun Jolly,2510,68
Nate Valcarcel,Tanner Ingle,2510,39
Nate Valcarcel,Tony Fields II,2510,78
Nate Valcarcel,Ty Hamilton,2510,17
Nathan Shepherd,Bryan Bresee,3300,16
Nathan Shepherd,Cameron Jordan,3300,7
Nathan Shepherd,Carl Granderson,3300,5
Nathan Shepherd,Chase Young,3300,7
Nathan Shepherd,Chris Rumph II,3300,8
Nathan Shepherd,D'Marco Jackson,3300,6
Nathan Shepherd,Danny Stutsman,3300,6
Nathan Shepherd,Davon Godchaux,3300,6
Nathan Shepherd,Demario Davis,3300,12
Nathan Shepherd,Fadil Diggs,3300,4
Nathan Shepherd,Isaac Yiadom,3300,18
Nathan Shepherd,Isaiah Foskey,3300,5
Nathan Shepherd,Jonathan Bullard,3300,3
Nathan Shepherd,Jordan Howden,3300,7
Nathan Shepherd,Julian Blackmon,3300,18
Nathan Shepherd,Justin Reid,3300,12
Nathan Shepherd,Khalen Saunders,3300,4
Nathan Shepherd,Kool-Aid McKinstry,3300,18
Nathan Shepherd,Pete Werner,3300,7
Nathan Shepherd,Terrell Burgess,3300,2
Nathan Shepherd,Ugo Amadi,3300,9
Nathan Thomas,Brock Hoffman,1200,23
Nathan Thomas,Cooper Beebe,1200,11
Nathan Thomas,Deuce Vaughn,1200,23
Nathan Thomas,Hakeem Adeniji,1200,34
Nathan Thomas,Hunter Luepke,1200,5
Nathan Thomas,Jalen Brooks,1200,3
Nathan Thomas,Jalen Cropper,1200,25
Nathan Thomas,Jalen Tolbert,1200,19
Nathan Thomas,Joe Milton III,1200,34
Nathan Thomas,John Stephens Jr.,1200,11
Nathan Thomas,Jonathan Mingo,1200,30
Nathan Thomas,Luke Schoonmaker,1200,19
Nathan Thomas,Miles Sanders,1200,10
Nathan Thomas,Phil Mafah,1200,1
Nathan Thomas,Princeton Fant,1200,6
Nathan Thomas,Rivaldo Fairweather,1200,1
Nathan Thomas,Ryan Flournoy,1200,15
Nathan Thomas,Saahdiq Charles,1200,8
Nathan Thomas,TJ Bass,1200,34
Nathan Thomas,Tyler Booker,1200,26
Nathan Thomas,Tyler Neville,1200,2
Nathaniel Watson,Adin Huntington,1050,30
Nathaniel Watson,Alex Wright,1050,2
Nathaniel Watson,Cameron Mitchell,1050,14
Nathaniel Watson,Cameron Thomas,1050,30
Nathaniel Watson,Chigozie Anusiem,1050,6
Nathaniel Watson,Chris Edmonds,1050,64
Nathaniel Watson,Christian Holmes,1050,4
Nathaniel Watson,Damontae Kazee,1050,11
Nathaniel Watson,Darius Rush,1050,8
Nathaniel Watson,Devin Bush,1050,4
Nathaniel Watson,Dom Jones,1050,37
Nathaniel Watson,Donovan McMillon,1050,57
Nathaniel Watson,Easton Mascarenas-Arnold,1050,51
Nathaniel Watson,Isaiah McGuire,1050,3
Nathaniel Watson,Jerome Baker,1050,7
Nathaniel Watson,Joe Tryon-Shoyinka,1050,6
Nathaniel Watson,Jowon Briggs,1050,41
Nathaniel Watson,Julian Okwara,1050,45
Nathaniel Watson,KJ Henry,1050,38
Nathaniel Watson,Keenan Isaac,1050,34
Nathaniel Watson,LaMareon James,1050,10
Nathaniel Watson,Myles Harden,1050,12
Nathaniel Watson,Nik Needham,1050,36
Nathaniel Watson,Ralph Holley,1050,49
Nathaniel Watson,Ronnie Hickman Jr.,1050,4
Nathaniel Watson,Sam Kamara,1050,14
Nathaniel Watson,Shelby Harris,1050,4
Nathaniel Watson,Titus Leo,1050,12
Nathaniel Watson,Tony Brown,1050,32
Nathaniel Watson,Winston Reid,1050,15
Natrone Brooks,Arnold Ebiketie,0200,18
Natrone Brooks,Billy Bowman Jr.,0200,20
Natrone Brooks,Bralen Trice,0200,32
Natrone Brooks,Brandon Dorlus,0200,20
Natrone Brooks,C.J. Henderson,0200,15
Natrone Brooks,Caleb Johnson,0200,25
Natrone Brooks,Cobee Bryant,0200,7
Natrone Brooks,DeAngelo Malone,0200,37
Natrone Brooks,DeMarcco Hellams,0200,15
Natrone Brooks,Dee Alford,0200,38
Natrone Brooks,Dontae Manning,0200,8
Natrone Brooks,Henry Black,0200,27
Natrone Brooks,JD Bertrand,0200,20
Natrone Brooks,Jalon Walker,0200,12
Natrone Brooks,James Pearce Jr.,0200,43
Natrone Brooks,Jordan Fuller,0200,35
Natrone Brooks,Josh Thompson,0200,37
Natrone Brooks,Josh Woods,0200,40
Natrone Brooks,Keith Taylor,0200,14
Natrone Brooks,Kentavius Street,0200,34
Natrone Brooks,Khalid Kareem,0200,19
Natrone Brooks,LaCale London,0200,24
Natrone Brooks,Lamar Jackson,0200,48
Natrone Brooks,Mike Ford,0200,8
Natrone Brooks,Morgan Fox,0200,20
Natrone Brooks,Nick Kubitz,0200,20
Natrone Brooks,Ronnie Harrison,0200,29
Natrone Brooks,Ronnie Perkins,0200,6
Natrone Brooks,Ruke Orhorhoro,0200,42
Natrone Brooks,Simeon Barrow Jr.,0200,10
Natrone Brooks,Ta'Quon Graham,0200,8
Natrone Brooks,Xavier Watts,0200,38
Natrone Brooks,Zach Harrison,0200,31
Nay'Quan Wright,Ajou Ajou,2200,15
Nay'Quan Wright,Blayne Taylor,2200,7
Nay'Quan Wright,Coleman Owen,2200,12
Nay'Quan Wright,Jason Bean,2200,15
Nay'Quan Wright,Jelani Woods,2200,10
Nay'Quan Wright,Josh Sills,2200,16
Nay'Quan Wright,Landon Parker,2200,9
Nay'Quan Wright,Marcellus Johnson,2200,16
Nay'Quan Wright,Marshall Foerner,2200,16
Nay'Quan Wright,Maximilian Mang,2200,1
Nay'Quan Wright,Mose Vavao,2200,16
Nay'Quan Wright,Riley Leonard,2200,1
Nay'Quan Wright,Sean McKeon,2200,7
Nay'Quan Wright,Tyler Kahmann,2200,3
Nay'Quan Wright,Wesley French,2200,16
Nazeeh Johnson,Ashton Gillotte,2310,41
Nazeeh Johnson,Bryan Cook,2310,42
Nazeeh Johnson,Cam Jones,2310,10
Nazeeh Johnson,Chamarri Conner,2310,16
Nazeeh Johnson,Charles Omenihu,2310,33
Nazeeh Johnson,Christian Roland-Wallace,2310,24
Nazeeh Johnson,Cole Christiansen,2310,33
Nazeeh Johnson,Cooper McDonald,2310,7
Nazeeh Johnson,Deon Bush,2310,3
Nazeeh Johnson,Fabien Lovett Sr.,2310,3
Nazeeh Johnson,Felix Anudike-Uzomah,2310,28
Nazeeh Johnson,George Karlaftis,2310,6
Nazeeh Johnson,Glendon Miller,2310,4
Nazeeh Johnson,Jack Cochrane,2310,39
Nazeeh Johnson,Jaden Hicks,2310,36
Nazeeh Johnson,Jaylen Watson,2310,7
Nazeeh Johnson,Jeffrey Bassa,2310,33
Nazeeh Johnson,Jerry Tillery,2310,45
Nazeeh Johnson,Leo Chenal,2310,16
Nazeeh Johnson,Malik Herring,2310,7
Nazeeh Johnson,Marlon Tuipulotu,2310,20
Nazeeh Johnson,Michael Danna,2310,8
Nazeeh Johnson,Mike Edwards,2310,15
Nazeeh Johnson,Mike Pennel,2310,12
Nazeeh Johnson,Nohl Williams,2310,47
Nazeeh Johnson,Omarr Norman-Lott,2310,25
Nazir Stackhouse,Arron Mosby,1800,57
Nazir Stackhouse,Barryn Sorrell,1800,16
Nazir Stackhouse,Bo Melton,1800,34
Nazir Stackhouse,Brenton Cox Jr.,1800,26
Nazir Stackhouse,Colby Wooden,1800,11
Nazir Stackhouse,Corey Ballentine,1800,22
Nazir Stackhouse,Deslin Alexandre,1800,44
Nazir Stackhouse,Garnett Hollis Jr.,1800,14
Nazir Stackhouse,Isaiah Dunn,1800,15
Nazir Stackhouse,Isaiah Simmons,1800,58
Nazir Stackhouse,James Ester,1800,10
Nazir Stackhouse,Jamon Johnson,1800,34
Nazir Stackhouse,Jared Bartlett,1800,12
Nazir Stackhouse,Jaylin Simpson,1800,12
Nazir Stackhouse,Johnathan Baldwin,1800,67
Nazir Stackhouse,Kalen King,1800,40
Nazir Stackhouse,Kamal Hadden,1800,38
Nazir Stackhouse,Karl Brooks,1800,4
Nazir Stackhouse,Keith Randolph Jr.,1800,7
Nazir Stackhouse,Kingsley Enagbare,1800,17
Nazir Stackhouse,Kitan Oladapo,1800,49
Nazir Stackhouse,Kristian Welch,1800,57
Nazir Stackhouse,Micah Robinson,1800,36
Nazir Stackhouse,Omar Brown,1800,22
Nazir Stackhouse,Ty'Ron Hopper,1800,38
Nazir Stackhouse,Tyron Herring,1800,26
Nazir Stackhouse,Warren Brinson,1800,54
Neal Johnson,Adrian Martinez,3430,30
Neal Johnson,Andrew Beck,3430,10
Neal Johnson,Arian Smith,3430,4
Neal Johnson,Brady Cook,3430,16
Neal Johnson,Brandon Smith,3430,2
Neal Johnson,Carter Warren,3430,45
Neal Johnson,Chukwuma Okorafor,3430,1
Neal Johnson,Donovan Edwards,3430,25
Neal Johnson,Dymere Miller,3430,25
Neal Johnson,Jamaal Pritchett,3430,17
Neal Johnson,Kene Nwangwu,3430,3
Neal Johnson,Kohl Levao,3430,32
Neal Johnson,Lawrance Toafili,3430,18
Neal Johnson,Leander Wiegand,3430,14
Neal Johnson,Liam Fornadel,3430,46
Neal Johnson,Malachi Corley,3430,6
Neal Johnson,Marquis Hayes,3430,45
Neal Johnson,Max Mitchell,3430,1
Neal Johnson,Pokey Wilson,3430,34
Neal Johnson,Quentin Skinner,3430,27
Neal Johnson,Samuel Jackson,3430,45
Neal Johnson,Stone Smartt,3430,1
Neal Johnson,Xavier Newman-Johnson,3430,1
Neal Johnson,Zack Kuntz,3430,12
Nehemiah Pritchett,Anthony Campbell,4600,2
Nehemiah Pritchett,Brandon Pili,4600,24
Nehemiah Pritchett,Connor O'Toole,4600,24
Nehemiah Pritchett,D'Anthony Bell,4600,51
Nehemiah Pritchett,D'Eryk Jackson,4600,23
Nehemiah Pritchett,Damarion Williams,4600,40
Nehemiah Pritchett,Drake Thomas,4600,55
Nehemiah Pritchett,J.R. Singleton,4600,8
Nehemiah Pritchett,Jalan Gaines,4600,8
Nehemiah Pritchett,Jamie Sheriff,4600,13
Nehemiah Pritchett,Jared Ivey,4600,23
Nehemiah Pritchett,Jerrick Reed II,4600,19
Nehemiah Pritchett,Josh Jobe,4600,13
Nehemiah Pritchett,Mike Morris,4600,41
Nehemiah Pritchett,Nick Emmanwori,4600,9
Nehemiah Pritchett,Patrick O'Connell,4600,25
Nehemiah Pritchett,Quinton Bohanna,4600,34
Nehemiah Pritchett,Seth Coleman,4600,5
Nehemiah Pritchett,Shaquill Griffin,4600,6
Nehemiah Pritchett,Ty Okada,4600,49
Nehemiah Pritchett,Tyler Hall,4600,34
Nehemiah Pritchett,Tyreke Smith,4600,37
Nehemiah Pritchett,Wy'Kevious Thomas,4600,17
Nehemiah Shelton,Caleb Murphy,4400,1
Nehemiah Shelton,Christopher Hinton,4400,3
Nehemiah Shelton,Emany Johnson,4400,4
Nehemiah Shelton,Garmon Randolph,4400,2
Nehemiah Shelton,Jamaree Caldwell,4400,1
Nehemiah Shelton,Justin Eboigbe,4400,1
Nehemiah Shelton,Kendall Williamson,4400,4
Nehemiah Shelton,Kylan Guidry,4400,3
Nehemiah Shelton,Kyle Kennard,4400,1
Nehemiah Shelton,Marlowe Wax,4400,4
Nehemiah Shelton,Myles Purchase,4400,4
Nehemiah Shelton,Naquan Jones,4400,1
Nehemiah Shelton,Nesta Jade Silvera,4400,2
Nehemiah Shelton,R.J. Mickens,4400,2
Nehemiah Shelton,TeRah Edwards,4400,2
Nehemiah Shelton,Tony Jefferson,4400,2
Nehemiah Shelton,Tre'Mon Morris-Brash,4400,1
Nehemiah Shelton,Trikweze Bridges,4400,2
Nelson Ceaser,Casey Rogers,0610,14
Nelson Ceaser,Cole Bishop,0610,1
Nelson Ceaser,Daequan Hardy,0610,34
Nelson Ceaser,Damar Hamlin,0610,1
Nelson Ceaser,Dane Jackson,0610,1
Nelson Ceaser,Darrick Forrest,0610,33
Nelson Ceaser,DeWayne Carter,0610,15
Nelson Ceaser,Dorian Strong,0610,1
Nelson Ceaser,Dorian Williams,0610,1
Nelson Ceaser,Edefuan Ulofoshio,0610,33
Nelson Ceaser,Garnett Hollis Jr.,0610,11
Nelson Ceaser,Ja'Marcus Ingram,0610,22
Nelson Ceaser,Javon Solomon,0610,3
Nelson Ceaser,Jimmy Ciarlo,0610,33
Nelson Ceaser,Joe Andreessen,0610,15
Nelson Ceaser,Keonta Jenkins,0610,8
Nelson Ceaser,Larry Ogunjobi,0610,1
Nelson Ceaser,Marcus Harris,0610,19
Nelson Ceaser,Michael Hoecht,0610,5
Nelson Ceaser,Paris Shand,0610,26
Nelson Ceaser,Tre Herndon,0610,11
Nelson Ceaser,Wande Owens,0610,22
Nelson Ceaser,Zion Logue,0610,19
Nelson Ceaser,Zy Alexander,0610,11
Nephi Sewell,Chris Rumph II,3300,23
Nephi Sewell,D'Marco Jackson,3300,11
Nephi Sewell,Danny Stutsman,3300,23
Nephi Sewell,Fadil Diggs,3300,30
Nephi Sewell,Isaac Yiadom,3300,5
Nephi Sewell,Isaiah Foskey,3300,29
Nephi Sewell,Jasheen Davis,3300,6
Nephi Sewell,Jayden Peevy,3300,6
Nephi Sewell,Jayden Price,3300,5
Nephi Sewell,Jaylan Ford,3300,13
Nephi Sewell,Jeremiah Martin,3300,7
Nephi Sewell,John Ridgeway,3300,9
Nephi Sewell,Jonah Williams,3300,24
Nephi Sewell,Jonas Sanker,3300,33
Nephi Sewell,Jonathan Bullard,3300,15
Nephi Sewell,Jordan Howden,3300,47
Nephi Sewell,Khalen Saunders,3300,6
Nephi Sewell,Khristian Boyd,3300,16
Nephi Sewell,Omari Thomas,3300,3
Nephi Sewell,Quincy Riley,3300,47
Nephi Sewell,Rejzohn Wright,3300,13
Nephi Sewell,Rico Payton,3300,29
Nephi Sewell,Terrell Burgess,3300,13
Nephi Sewell,Ugo Amadi,3300,28
Nephi Sewell,Vernon Broughton,3300,29
Nesta Jade Silvera,Caleb Murphy,4400,14
Nesta Jade Silvera,Cam Hart,4400,2
Nesta Jade Silvera,Christopher Hinton,4400,40
Nesta Jade Silvera,Del'Shawn Phillips,4400,8
Nesta Jade Silvera,Emany Johnson,4400,47
Nesta Jade Silvera,Eric Rogers,4400,11
Nesta Jade Silvera,Garmon Randolph,4400,42
Nesta Jade Silvera,Harrison Hand,4400,12
Nesta Jade Silvera,Ja'Sir Taylor,4400,35
Nesta Jade Silvera,Jaylen Jones,4400,15
Nesta Jade Silvera,Jordan Oladokun,4400,3
Nesta Jade Silvera,Justin Eboigbe,4400,2
Nesta Jade Silvera,Kana'i Mauga,4400,21
Nesta Jade Silvera,Kendall Williamson,4400,61
Nesta Jade Silvera,Kylan Guidry,4400,40
Nesta Jade Silvera,Kyle Kennard,4400,12
Nesta Jade Silvera,Marlowe Wax,4400,60
Nesta Jade Silvera,Myles Purchase,4400,51
Nesta Jade Silvera,Naquan Jones,4400,6
Nesta Jade Silvera,Nehemiah Shelton,4400,2
Nesta Jade Silvera,Nikko Reed,4400,26
Nesta Jade Silvera,R.J. Mickens,4400,40
Nesta Jade Silvera,Scott Matlock,4400,1
Nesta Jade Silvera,TeRah Edwards,4400,43
Nesta Jade Silvera,Tony Jefferson,4400,3
Nesta Jade Silvera,Tre'Mon Morris-Brash,4400,28
Nesta Jade Silvera,Trikweze Bridges,4400,55
Netane Muti,Colby Sorsdal,1540,8
Netane Muti,Craig Reynolds,1540,39
Netane Muti,Dan Skipper,1540,76
Netane Muti,Dominic Lovett,1540,34
Netane Muti,Giovanni Manu,1540,43
Netane Muti,Gunnar Oakes,1540,1
Netane Muti,Hendon Hooker,1540,7
Netane Muti,Isaac TeSlaa,1540,77
Netane Muti,Jabari Small,1540,13
Netane Muti,Jackson Meeks,1540,49
Netane Muti,Jacob Saylors,1540,30
Netane Muti,Jakobie Keeney-James,1540,12
Netane Muti,Jamarco Jones,1540,60
Netane Muti,Kayode Awosika,1540,65
Netane Muti,Kenny Yeboah,1540,25
Netane Muti,Kingsley Eguakun,1540,100
Netane Muti,Kyle Allen,1540,93
Netane Muti,Malik Taylor,1540,6
Netane Muti,Mason Miller,1540,21
Netane Muti,Michael Niese,1540,27
Netane Muti,Ronnie Bell,1540,21
Netane Muti,Shane Zylstra,1540,48
Netane Muti,Sione Vaki,1540,18
Netane Muti,Steven Stilianos,1540,4
Netane Muti,Tom Kennedy,1540,75
Netane Muti,Zach Horton,1540,48
Neville Gallimore,Adetomiwa Adebawore,2200,23
Neville Gallimore,Alex Johnson,2200,10
Neville Gallimore,Austin Ajiake,2200,23
Neville Gallimore,Cameron McGrone,2200,27
Neville Gallimore,Chris Lammons,2200,29
Neville Gallimore,Daniel Scott,2200,28
Neville Gallimore,Duke Shelley,2200,16
Neville Gallimore,Durell Nchami,2200,37
Neville Gallimore,Eric Johnson,2200,20
Neville Gallimore,Hunter Wohler,2200,21
Neville Gallimore,Isaiah Land,2200,14
Neville Gallimore,JT Tuimoloau,2200,37
Neville Gallimore,Joe Bachie,2200,20
Neville Gallimore,Johnathan Edwards,2200,40
Neville Gallimore,Julius Brents,2200,12
Neville Gallimore,Kwity Paye,2200,1
Neville Gallimore,Laiatu Latu,2200,6
Neville Gallimore,Rodney Thomas,2200,48
Neville Gallimore,Samuel Womack,2200,30
Neville Gallimore,Segun Olubi,2200,22
Neville Gallimore,Solomon DeShields,2200,6
Neville Gallimore,Tim Smith,2200,14
Neville Gallimore,Trey Washington,2200,1
Neville Gallimore,Tyquan Lewis,2200,5
Nic Jones,Abdul Carter,3410,3
Nic Jones,Art Green,3410,17
Nic Jones,Bobby Okereke,3410,3
Nic Jones,Brian Burns,3410,2
Nic Jones,Chauncey Golston,3410,17
Nic Jones,Chris Board,3410,26
Nic Jones,Cory Durden,3410,42
Nic Jones,DJ Davidson,3410,27
Nic Jones,Dane Belton,3410,21
Nic Jones,Darius Alexander,3410,36
Nic Jones,Darius Muasau,3410,20
Nic Jones,Dee Williams,3410,71
Nic Jones,Deonte Banks,3410,9
Nic Jones,Dyontae Johnson,3410,84
Nic Jones,Elijah Chatman,3410,23
Nic Jones,Elijah Garcia,3410,43
Nic Jones,Jeremiah Ledbetter,3410,41
Nic Jones,Jevon Holland,3410,3
Nic Jones,Jordon Riley,3410,35
Nic Jones,K'Von Wallace,3410,21
Nic Jones,K.J. Cloyd,3410,78
Nic Jones,Kayvon Thibodeaux,3410,1
Nic Jones,Korie Black,3410,3
Nic Jones,Makari Paige,3410,83
Nic Jones,Micah McFadden,3410,3
Nic Jones,O'Donnell Fortune,3410,56
Nic Jones,Paulson Adebo,3410,3
Nic Jones,Raheem Layne,3410,43
Nic Jones,Rakeem Nunez-Roches,3410,3
Nic Jones,Roy Robertson-Harris,3410,3
Nic Jones,TJ Moore,3410,75
Nic Jones,Tomon Fox,3410,88
Nic Jones,Trace Ford,3410,84
Nic Jones,Tyler Nubin,3410,3
Nic Scourton,Bam Martin-Scott,0750,3
Nic Scourton,Bobby Brown III,0750,14
Nic Scourton,Corey Thornton,0750,14
Nic Scourton,DJ Johnson,0750,5
Nic Scourton,Demani Richardson,0750,14
Nic Scourton,Jacoby Windmon,0750,14
Nic Scourton,Jaden Crumedy,0750,2
Nic Scourton,Jon Rhattigan,0750,11
Nic Scourton,Lathan Ransom,0750,5
Nic Scourton,Michael Reid,0750,9
Nic Scourton,Nick Scott,0750,9
Nic Scourton,Princely Umanmielen,0750,9
Nic Scourton,Shemar Bartholomew,0750,14
Nic Scourton,Shy Tuttle,0750,12
Nic Scourton,Trevian Thomas,0750,5
Nick Allegretti,Andrew Wylie,5110,7
Nick Allegretti,Ben Sinnott,5110,1
Nick Allegretti,Chris Paul,5110,7
Nick Allegretti,Chris Rodriguez Jr.,5110,4
Nick Allegretti,Deebo Samuel Sr.,5110,4
Nick Allegretti,Jacory Croskey-Merritt,5110,3
Nick Allegretti,Jayden Daniels,5110,4
Nick Allegretti,Jaylin Lane,5110,6
Nick Allegretti,John Bates,5110,7
Nick Allegretti,Josh Conerly Jr.,5110,7
Nick Allegretti,Josh Johnson,5110,3
Nick Allegretti,K.J. Osborn,5110,3
Nick Allegretti,Luke McCaffrey,5110,7
Nick Allegretti,Tyler Biadasz,5110,7
Nick Bolton,Ashton Gillotte,2310,4
Nick Bolton,Bryan Cook,2310,26
Nick Bolton,Cam Jones,2310,1
Nick Bolton,Chamarri Conner,2310,26
Nick Bolton,Charles Omenihu,2310,13
Nick Bolton,Chris Jones,2310,17
Nick Bolton,George Karlaftis,2310,23
Nick Bolton,Jack Cochrane,2310,5
Nick Bolton,Jaden Hicks,2310,16
Nick Bolton,Jaylen Watson,2310,15
Nick Bolton,Jeffrey Bassa,2310,4
Nick Bolton,Jerry Tillery,2310,16
Nick Bolton,Kristian Fulton,2310,13
Nick Bolton,Leo Chenal,2310,25
Nick Bolton,Michael Danna,2310,16
Nick Bolton,Mike Pennel,2310,13
Nick Bolton,Omarr Norman-Lott,2310,1
Nick Bolton,Trent McDuffie,2310,26
Nick Broeker,Ajani Cornelius,1200,46
Nick Broeker,Asim Richards,1200,40
Nick Broeker,Brock Hoffman,1200,61
Nick Broeker,Deuce Vaughn,1200,21
Nick Broeker,Geron Christian,1200,44
Nick Broeker,Jalen Brooks,1200,47
Nick Broeker,Jalen Cropper,1200,21
Nick Broeker,Jaydon Blue,1200,21
Nick Broeker,Joe Milton III,1200,38
Nick Broeker,Josh Kelly,1200,21
Nick Broeker,La'el Collins,1200,15
Nick Broeker,Malik Davis,1200,9
Nick Broeker,Phil Mafah,1200,10
Nick Broeker,Princeton Fant,1200,24
Nick Broeker,Rivaldo Fairweather,1200,36
Nick Broeker,Ryan Flournoy,1200,35
Nick Broeker,TJ Bass,1200,38
Nick Broeker,Traeshon Holden,1200,43
Nick Broeker,Tyler Neville,1200,17
Nick Broeker,Will Grier,1200,23
Nick Chubb,Aireontae Ersery,2120,11
Nick Chubb,Blake Fisher,2120,11
Nick Chubb,C.J. Stroud,2120,11
Nick Chubb,Cade Stover,2120,9
Nick Chubb,Christian Kirk,2120,7
Nick Chubb,Dalton Schultz,2120,5
Nick Chubb,Ed Ingram,2120,11
Nick Chubb,Jake Andrews,2120,11
Nick Chubb,Jakob Johnson,2120,3
Nick Chubb,Jayden Higgins,2120,2
Nick Chubb,Jaylin Noel,2120,2
Nick Chubb,Laken Tomlinson,2120,11
Nick Chubb,Nico Collins,2120,9
Nick Chubb,Xavier Hutchinson,2120,7
Nick Emmanwori,Boye Mafe,4600,6
Nick Emmanwori,Brandon Pili,4600,15
Nick Emmanwori,Byron Murphy II,4600,6
Nick Emmanwori,Coby Bryant,4600,6
Nick Emmanwori,Connor O'Toole,4600,6
Nick Emmanwori,D'Anthony Bell,4600,15
Nick Emmanwori,Damarion Williams,4600,1
Nick Emmanwori,Derick Hall,4600,6
Nick Emmanwori,Devon Witherspoon,4600,6
Nick Emmanwori,Drake Thomas,4600,15
Nick Emmanwori,Ernest Jones,4600,6
Nick Emmanwori,Jalan Gaines,4600,3
Nick Emmanwori,Josh Jobe,4600,16
Nick Emmanwori,Julian Love,4600,6
Nick Emmanwori,Mike Morris,4600,17
Nick Emmanwori,Nehemiah Pritchett,4600,9
Nick Emmanwori,Patrick O'Connell,4600,19
Nick Emmanwori,Quinton Bohanna,4600,14
Nick Emmanwori,Riq Woolen,4600,6
Nick Emmanwori,Shaquill Griffin,4600,6
Nick Emmanwori,Ty Okada,4600,15
Nick Emmanwori,Tyreke Smith,4600,9
Nick Emmanwori,Wy'Kevious Thomas,4600,2
Nick Gargiulo,Alex Forsyth,1400,34
Nick Gargiulo,Alex Palczewski,1400,22
Nick Gargiulo,Audric EstimÃ©,1400,8
Nick Gargiulo,Blake Watson,1400,11
Nick Gargiulo,Caden Prieskorn,1400,12
Nick Gargiulo,Caleb Lohner,1400,13
Nick Gargiulo,Calvin Throckmorton,1400,20
Nick Gargiulo,Clay Webb,1400,1
Nick Gargiulo,Courtney Jackson,1400,1
Nick Gargiulo,Devaughn Vele,1400,10
Nick Gargiulo,Frank Crum,1400,25
Nick Gargiulo,Jaleel McLaughlin,1400,8
Nick Gargiulo,Jarrett Stidham,1400,34
Nick Gargiulo,Jerjuan Newton,1400,12
Nick Gargiulo,Joaquin Davis,1400,11
Nick Gargiulo,Joseph Michalski,1400,11
Nick Gargiulo,Kyrese Rowan,1400,9
Nick Gargiulo,Lucas Krull,1400,31
Nick Gargiulo,Marques Cox,1400,11
Nick Gargiulo,Matt Peart,1400,34
Nick Gargiulo,Michael Bandy,1400,10
Nick Gargiulo,Pat Bryant,1400,28
Nick Gargiulo,Sam Ehlinger,1400,11
Nick Gargiulo,Trent Sherfield,1400,17
Nick Gargiulo,Troy Franklin,1400,26
Nick Gargiulo,Tyler Badie,1400,18
Nick Gargiulo,Will Sherman,1400,22
Nick Hampton,A.J. Green,2510,20
Nick Hampton,Brennan Jackson,2510,20
Nick Hampton,Cam Lampkin,2510,28
Nick Hampton,Charles Woods,2510,22
Nick Hampton,Derion Kendrick,2510,22
Nick Hampton,Desjuan Johnson,2510,20
Nick Hampton,Elias Neal,2510,2
Nick Hampton,Jack Heflin,2510,27
Nick Hampton,Josaiah Stewart,2510,15
Nick Hampton,Josh Pearcy,2510,1
Nick Hampton,Josh Wallace,2510,17
Nick Hampton,Keir Thomas,2510,11
Nick Hampton,Larrell Murchison,2510,28
Nick Hampton,Malik Dixon-Williams,2510,11
Nick Hampton,Nate Valcarcel,2510,21
Nick Hampton,Pooh Paul Jr.,2510,28
Nick Hampton,Shaun Dolac,2510,44
Nick Hampton,Shaun Jolly,2510,40
Nick Hampton,Tanner Ingle,2510,47
Nick Hampton,Tony Fields II,2510,18
Nick Hampton,Ty Hamilton,2510,28
Nick Harris,Bobby Hart,5110,15
Nick Harris,Cole Turner,5110,12
Nick Harris,Demetric Felton,5110,7
Nick Harris,Foster Sarell,5110,18
Nick Harris,Ja'Corey Brooks,5110,10
Nick Harris,Jacoby Jones,5110,9
Nick Harris,Josh Johnson,5110,18
Nick Harris,Kazmeir Allen,5110,11
Nick Harris,Lawrence Cager,5110,10
Nick Harris,Michael Gallup,5110,16
Nick Harris,River Cracraft,5110,5
Nick Harris,Tay Martin,5110,10
Nick Harris,Timothy McKay,5110,18
Nick Harris,Trent Scott,5110,3
Nick Harris,Tyre Phillips,5110,18
Nick Herbig,Brandin Echols,3900,3
Nick Herbig,Chuck Clark,3900,3
Nick Herbig,Cole Holcomb,3900,3
Nick Herbig,Daryl Porter,3900,3
Nick Herbig,DeMarvin Leal,3900,1
Nick Herbig,Derrick Harmon,3900,3
Nick Herbig,Jack Sawyer,3900,2
Nick Herbig,James Pierre,3900,3
Nick Herbig,Juan Thornhill,3900,3
Nick Herbig,Keeanu Benton,3900,3
Nick Herbig,Payton Wilson,3900,3
Nick Jackson,Adam Gotsis,4900,26
Nick Jackson,Antonio Grier Jr.,4900,16
Nick Jackson,Bryce Hall,4900,41
Nick Jackson,C.J. Brewer,4900,30
Nick Jackson,Chris Braswell,4900,52
Nick Jackson,Christian Izien,4900,9
Nick Jackson,Deion Jones,4900,40
Nick Jackson,Dvon J-Thomas,4900,19
Nick Jackson,Elijah Roberts,4900,35
Nick Jackson,Eric Banks,4900,36
Nick Jackson,Greg Gaines,4900,18
Nick Jackson,JJ Roberts,4900,26
Nick Jackson,Jacob Parrish,4900,16
Nick Jackson,JayVian Farr,4900,13
Nick Jackson,John Bullock,4900,40
Nick Jackson,Jose Ramirez,4900,50
Nick Jackson,Kaevon Merriweather,4900,66
Nick Jackson,Kindle Vildor,4900,64
Nick Jackson,Markees Watts,4900,62
Nick Jackson,Mike Greene,4900,46
Nick Jackson,Nash Hutmacher,4900,18
Nick Jackson,Rashad Wisdom,4900,80
Nick Jackson,Roman Parodie,4900,26
Nick Jackson,Shilo Sanders,4900,45
Nick Jackson,Tre Avery,4900,21
Nick Jackson,Tyrek Funderburk,4900,11
Nick Jackson,Warren Peeples,4900,28
Nick Jackson,Will Brooks,4900,26
Nick Kallerup,Amari Kight,4600,40
Nick Kallerup,Anthony Tyus III,4600,25
Nick Kallerup,Brady Russell,4600,34
Nick Kallerup,Bryce Cabeldue,4600,57
Nick Kallerup,Christian Haynes,4600,21
Nick Kallerup,Cody White,4600,21
Nick Kallerup,Damien Martinez,4600,24
Nick Kallerup,Dareke Young,4600,23
Nick Kallerup,Drew Lock,4600,20
Nick Kallerup,Elijah Arroyo,4600,10
Nick Kallerup,Eric Saubert,4600,4
Nick Kallerup,Federico Maranges,4600,47
Nick Kallerup,George Holani,4600,2
Nick Kallerup,Jacardia Wright,4600,19
Nick Kallerup,Jake Bobo,4600,7
Nick Kallerup,Jalen Milroe,4600,50
Nick Kallerup,Jalen Sundell,4600,10
Nick Kallerup,John Rhys Plumlee,4600,6
Nick Kallerup,Josh Jones,4600,10
Nick Kallerup,Luke Felix-Fualalo,4600,33
Nick Kallerup,Marquez Valdes-Scantling,4600,11
Nick Kallerup,Marshall Lang,4600,34
Nick Kallerup,Mason Richman,4600,47
Nick Kallerup,Michael Jerrell,4600,40
Nick Kallerup,Ricky White III,4600,24
Nick Kallerup,Sataoa Laumea,4600,46
Nick Kallerup,Tory Horton,4600,5
Nick Kallerup,Tyrone Broden,4600,30
Nick Kubitz,Billy Bowman Jr.,0200,5
Nick Kubitz,Bralen Trice,0200,9
Nick Kubitz,Brandon Dorlus,0200,4
Nick Kubitz,C.J. Henderson,0200,9
Nick Kubitz,Caleb Johnson,0200,18
Nick Kubitz,Cobee Bryant,0200,37
Nick Kubitz,DeAngelo Malone,0200,35
Nick Kubitz,Dee Alford,0200,9
Nick Kubitz,Dontae Manning,0200,16
Nick Kubitz,Henry Black,0200,39
Nick Kubitz,James Pearce Jr.,0200,3
Nick Kubitz,Josh Thompson,0200,54
Nick Kubitz,Keith Taylor,0200,22
Nick Kubitz,Kentavius Street,0200,19
Nick Kubitz,Khalid Kareem,0200,41
Nick Kubitz,LaCale London,0200,19
Nick Kubitz,Lamar Jackson,0200,36
Nick Kubitz,Mike Ford,0200,29
Nick Kubitz,Morgan Fox,0200,26
Nick Kubitz,Natrone Brooks,0200,20
Nick Kubitz,Ronnie Harrison,0200,34
Nick Kubitz,Ronnie Perkins,0200,19
Nick Kubitz,Ruke Orhorhoro,0200,16
Nick Kubitz,Simeon Barrow Jr.,0200,32
Nick Kubitz,Ta'Quon Graham,0200,6
Nick Kubitz,Zach Harrison,0200,13
Nick Leverett,Andre Baccellia,3800,40
Nick Leverett,Bam Knight,3800,13
Nick Leverett,Bryson Green,3800,16
Nick Leverett,Christian Jones,3800,16
Nick Leverett,Clayton Tune,3800,68
Nick Leverett,Elijah Higgins,3800,30
Nick Leverett,Emari Demercado,3800,37
Nick Leverett,Greg Dortch,3800,7
Nick Leverett,Hayden Conner,3800,31
Nick Leverett,Jacoby Brissett,3800,33
Nick Leverett,Jake Curhan,3800,41
Nick Leverett,Jeremiah Byers,3800,73
Nick Leverett,Jon Gaines II,3800,32
Nick Leverett,Josh Fryar,3800,72
Nick Leverett,Josiah Deguara,3800,60
Nick Leverett,Michael Carter,3800,44
Nick Leverett,Nate McCollum,3800,6
Nick Leverett,Oscar Cardenas,3800,14
Nick Leverett,Royce Newman,3800,69
Nick Leverett,Simi Fehoko,3800,38
Nick Leverett,Sincere Haynesworth,3800,70
Nick Leverett,Tejhaun Palmer,3800,68
Nick Leverett,Tip Reiman,3800,2
Nick Leverett,Travis Vokolek,3800,43
Nick Leverett,Trey Benson,3800,7
Nick Leverett,Xavier Weaver,3800,80
Nick Martin,Alfred Collins,4500,26
Nick Martin,Bradlee Anae,4500,31
Nick Martin,Bruce Hector,4500,50
Nick Martin,CJ West,4500,20
Nick Martin,Chase Lucas,4500,87
Nick Martin,Chazz Surratt,4500,14
Nick Martin,Curtis Robinson,4500,19
Nick Martin,Dallis Flowers,4500,41
Nick Martin,Darrell Luter Jr.,4500,51
Nick Martin,Demone Harris,4500,8
Nick Martin,Derrick Canteen,4500,92
Nick Martin,Evan Anderson,4500,16
Nick Martin,Jakob Robinson,4500,53
Nick Martin,Jalen Graham,4500,30
Nick Martin,Jaylen Mahoney,4500,72
Nick Martin,Jaylon Allen,4500,50
Nick Martin,Ji'Ayir Brown,4500,13
Nick Martin,Jonathan Garvin,4500,36
Nick Martin,Kalia Davis,4500,15
Nick Martin,Luke Gifford,4500,10
Nick Martin,Marques Sigle,4500,33
Nick Martin,Michael Dwumfour,4500,11
Nick Martin,Robert Beal Jr.,4500,26
Nick Martin,Sebastian Valdez,4500,47
Nick Martin,Shakel Brown,4500,25
Nick Martin,Siran Neal,4500,48
Nick Martin,Stone Blanton,4500,20
Nick Martin,Tatum Bethune,4500,37
Nick Martin,Tre Brown,4500,10
Nick Martin,Trevis Gipson,4500,31
Nick Martin,Will Bradley-King,4500,28
Nick McCloud,Alex Cook,0810,31
Nick McCloud,Andrew Billings,0810,27
Nick McCloud,Austin Booker,0810,10
Nick McCloud,Chris Williams,0810,31
Nick McCloud,Daniel Hardy,0810,10
Nick McCloud,Dayo Odeyingbo,0810,15
Nick McCloud,Dominique Robinson,0810,17
Nick McCloud,Gervon Dexter Sr.,0810,14
Nick McCloud,Jamree Kromah,0810,9
Nick McCloud,Jaquan Brisker,0810,15
Nick McCloud,Jeremiah Walker,0810,9
Nick McCloud,Jonathan Ford,0810,9
Nick McCloud,Jonathan Owens,0810,31
Nick McCloud,Kevin Byard,0810,15
Nick McCloud,Mekhi Garner,0810,12
Nick McCloud,Montez Sweat,0810,13
Nick McCloud,Nahshon Wright,0810,15
Nick McCloud,Noah Sewell,0810,34
Nick McCloud,Power Echols,0810,7
Nick McCloud,Ruben Hyppolite II,0810,33
Nick McCloud,T.J. Edwards,0810,15
Nick McCloud,Tanoh Kpassagnon,0810,19
Nick McCloud,Terell Smith,0810,10
Nick McCloud,Tre Flowers,0810,31
Nick McCloud,Tremaine Edmunds,0810,3
Nick McCloud,Tyrique Stevenson,0810,15
Nick McCloud,Xavier Carlton,0810,6
Nick McCloud,Zacch Pickens,0810,4
Nick Mullens,Austin Trammell,2250,30
Nick Mullens,Bhayshul Tuten,2250,23
Nick Mullens,Dorian Singer,2250,2
Nick Mullens,Fred Johnson,2250,55
Nick Mullens,Hunter Long,2250,41
Nick Mullens,Johnny Mundt,2250,7
Nick Mullens,Jonah Monheim,2250,55
Nick Mullens,Joshua Cephus,2250,47
Nick Mullens,LeQuint Allen Jr.,2250,17
Nick Mullens,Luke Fortner,2250,45
Nick Mullens,Parker Washington,2250,22
Nick Mullens,Patrick Herbert,2250,6
Nick Mullens,Patrick Mekari,2250,12
Nick Mullens,Ricky Lee,2250,18
Nick Mullens,Sal Wormley,2250,50
Nick Mullens,Shawn Bowman,2250,13
Nick Mullens,Tank Bigsby,2250,15
Nick Mullens,Tremayne Anchrum,2250,10
Nick Mullens,Trenton Irwin,2250,52
Nick Mullens,Wyatt Milum,2250,30
Nick Muse,Ainias Smith,3700,7
Nick Muse,Ben VanSumeren,3700,1
Nick Muse,Brett Toth,3700,12
Nick Muse,Cameron Latu,3700,23
Nick Muse,Cameron Williams,3700,44
Nick Muse,Darian Kinnard,3700,10
Nick Muse,Darius Cooper,3700,11
Nick Muse,Dorian Thompson-Robinson,3700,7
Nick Muse,Drew Kendall,3700,15
Nick Muse,E.J. Jenkins,3700,6
Nick Muse,Elijah Cooks,3700,24
Nick Muse,Giles Jackson,3700,14
Nick Muse,Hollin Pierce,3700,29
Nick Muse,Ife Adeyi,3700,11
Nick Muse,Johnny Wilson,3700,4
Nick Muse,Keilan Robinson,3700,19
Nick Muse,Kendall Lamm,3700,4
Nick Muse,Kenyon Green,3700,28
Nick Muse,Kyle McCord,3700,42
Nick Muse,Kylen Granson,3700,4
Nick Muse,Laekin Vakalahi,3700,9
Nick Muse,Matt Pryor,3700,4
Nick Muse,Montrell Johnson Jr.,3700,19
Nick Muse,Myles Hinton,3700,45
Nick Muse,ShunDerrick Powell,3700,11
Nick Muse,Taylor Morin,3700,15
Nick Muse,Terrace Marshall Jr.,3700,27
Nick Muse,Trevor Keegan,3700,45
Nick Nash,Ben DiNucci,0200,9
Nick Nash,Brandon Parker,0200,55
Nick Nash,Chris Blair,0200,80
Nick Nash,DJ Chark,0200,10
Nick Nash,Dylan Drummond,0200,50
Nick Nash,Easton Stick,0200,85
Nick Nash,Elijah Dotson,0200,26
Nick Nash,Elijah Wilkinson,0200,42
Nick Nash,Emory Jones,0200,9
Nick Nash,Feleipe Franks,0200,41
Nick Nash,Jack Nelson,0200,102
Nick Nash,Jake Hanson,0200,8
Nick Nash,Jashaun Corbin,0200,41
Nick Nash,Jesse Matthews,0200,32
Nick Nash,Jordan Williams,0200,12
Nick Nash,Joshua Gray,0200,96
Nick Nash,Joshua Simon,0200,56
Nick Nash,Jovaughn Gwyn,0200,95
Nick Nash,Kyle Hinton,0200,89
Nick Nash,Matthew Cindric,0200,14
Nick Nash,Nate Carter,0200,36
Nick Nash,Nikola Kalinic,0200,27
Nick Nash,Quincy Skinner Jr.,0200,13
Nick Nash,Tyrone Wheatley Jr.,0200,2
Nick Niemann,Arthur Maulet,2120,16
Nick Niemann,Casey Toohill,2120,31
Nick Niemann,Christian Harris,2120,3
Nick Niemann,D'Angelo Ross,2120,19
Nick Niemann,Damon Arnette,2120,31
Nick Niemann,Darrell Taylor,2120,19
Nick Niemann,Derek Barnett,2120,4
Nick Niemann,Dylan Horton,2120,10
Nick Niemann,E.J. Speed,2120,8
Nick Niemann,Foley Fatukasi,2120,3
Nick Niemann,Haggai Ndubuisi,2120,17
Nick Niemann,Jackson Woodard,2120,14
Nick Niemann,Jake Hansen,2120,9
Nick Niemann,Jalen Mills,2120,12
Nick Niemann,Jamal Hill,2120,29
Nick Niemann,Jaylin Smith,2120,22
Nick Niemann,Junior Tafuna,2120,36
Nick Niemann,K.C. Ossai,2120,16
Nick Niemann,M.J. Stewart,2120,33
Nick Niemann,Marlon Davidson,2120,16
Nick Niemann,Myles Bryant,2120,30
Nick Niemann,Russ Yeast,2120,43
Nick Niemann,Solomon Byrd,2120,37
Nick Niemann,Tim Settle,2120,10
Nick Niemann,Tommy Togiai,2120,28
Nick Niemann,Tremon Smith,2120,34
Nick Samac,Anthony Miller,0325,29
Nick Samac,Baylor Cupp,0325,6
Nick Samac,Ben Cleveland,0325,24
Nick Samac,Carson Vinson,0325,83
Nick Samac,Charlie Kolar,0325,14
Nick Samac,Cooper Rush,0325,15
Nick Samac,D'Ernest Johnson,0325,44
Nick Samac,Darrian Dalcourt,0325,27
Nick Samac,Dayton Wade,0325,29
Nick Samac,Devin Leary,0325,68
Nick Samac,Devontez Walker,0325,38
Nick Samac,Garrett Dellinger,0325,74
Nick Samac,Gerad Lichtenhan,0325,83
Nick Samac,Jahmal Banks,0325,19
Nick Samac,Jared Penning,0325,41
Nick Samac,Keith Kirkwood,0325,26
Nick Samac,LaJohntay Wester,0325,37
Nick Samac,Lucas Scott,0325,15
Nick Samac,Malik Cunningham,0325,17
Nick Samac,Myles Gaskin,0325,2
Nick Samac,Rasheen Ali,0325,37
Nick Samac,Scotty Washington,0325,43
Nick Samac,Xavier Guillory,0325,22
Nick Samac,Zaire Mitchell-Paden,0325,37
Nick Scott,A'Shawn Robinson,0750,18
Nick Scott,Bam Martin-Scott,0750,8
Nick Scott,Bobby Brown III,0750,23
Nick Scott,Carlos Basham,0750,3
Nick Scott,Chau Smith-Wade,0750,18
Nick Scott,Christian Rozeboom,0750,24
Nick Scott,Corey Thornton,0750,43
Nick Scott,D.J. Wonnum,0750,24
Nick Scott,DJ Johnson,0750,11
Nick Scott,Demani Richardson,0750,34
Nick Scott,Derrick Brown,0750,3
Nick Scott,Jacoby Windmon,0750,15
Nick Scott,Jaden Crumedy,0750,18
Nick Scott,Jon Rhattigan,0750,17
Nick Scott,Krys Barnes,0750,17
Nick Scott,Lathan Ransom,0750,7
Nick Scott,Michael Reid,0750,27
Nick Scott,Mike Jackson,0750,24
Nick Scott,Nic Scourton,0750,9
Nick Scott,Patrick Jones II,0750,24
Nick Scott,Princely Umanmielen,0750,23
Nick Scott,Sam Roberts,0750,10
Nick Scott,Shemar Bartholomew,0750,45
Nick Scott,Shy Tuttle,0750,27
Nick Scott,Tershawn Wharton,0750,22
Nick Scott,Thomas Incoom,0750,20
Nick Scott,Tre'von Moehrig,0750,24
Nick Scott,Trevin Wallace,0750,22
Nick Vannett,Ben Yurosek,3000,11
Nick Vannett,Brett Rypien,3000,14
Nick Vannett,Dontae Fleming,3000,19
Nick Vannett,Giovanni Ricci,3000,13
Nick Vannett,Henry Byrd,3000,11
Nick Vannett,Jeshaun Jones,3000,10
Nick Vannett,Joe Huber,3000,37
Nick Vannett,Leroy Watson IV,3000,19
Nick Vannett,Logan Brown,3000,26
Nick Vannett,Lucky Jackson,3000,12
Nick Vannett,Max Brosmer,3000,20
Nick Vannett,Michael Gonzalez,3000,17
Nick Vannett,Michael Jurgens,3000,16
Nick Vannett,Myles Price,3000,12
Nick Vannett,Robert Lewis,3000,6
Nick Vannett,Sam Howell,3000,3
Nick Vannett,Silas Bolden,3000,7
Nick Vannett,Tai Felton,3000,10
Nick Vannett,Thayer Thomas,3000,7
Nick Vannett,Tim Jones,3000,4
Nick Vannett,Tre Stewart,3000,18
Nick Vannett,Vershon Lee,3000,35
Nick Vannett,Walter Rouse,3000,10
Nick Vannett,Xazavian Valladay,3000,3
Nick Vannett,Zack Bailey,3000,10
Nick Vannett,Zavier Scott,3000,16
Nick Vannett,Zeke Correll,3000,4
Nick Westbrook-Ikhine,Aaron Brewer,2700,25
Nick Westbrook-Ikhine,Alexander Mattison,2700,3
Nick Westbrook-Ikhine,Daniel Brunskill,2700,7
Nick Westbrook-Ikhine,De'Von Achane,2700,8
Nick Westbrook-Ikhine,Dee Eskridge,2700,23
Nick Westbrook-Ikhine,James Daniels,2700,25
Nick Westbrook-Ikhine,Jaylen Waddle,2700,3
Nick Westbrook-Ikhine,Jaylen Wright,2700,11
Nick Westbrook-Ikhine,Jonah Savaiinaea,2700,32
Nick Westbrook-Ikhine,Julian Hill,2700,17
Nick Westbrook-Ikhine,Kion Smith,2700,7
Nick Westbrook-Ikhine,Larry Borom,2700,32
Nick Westbrook-Ikhine,Malik Washington,2700,14
Nick Westbrook-Ikhine,Ollie Gordon II,2700,10
Nick Westbrook-Ikhine,Patrick Paul,2700,32
Nick Westbrook-Ikhine,Pharaoh Brown,2700,14
Nick Westbrook-Ikhine,Tahj Washington,2700,4
Nick Westbrook-Ikhine,Tanner Conner,2700,17
Nick Westbrook-Ikhine,Tarik Black,2700,4
Nick Westbrook-Ikhine,Tua Tagovailoa,2700,25
Nick Westbrook-Ikhine,Zach Wilson,2700,7
Nick Whiteside,Ahmed Hassanein,1540,11
Nick Whiteside,Al-Quadin Muhammad,1540,21
Nick Whiteside,Allan George,1540,51
Nick Whiteside,Anthony Pittman,1540,50
Nick Whiteside,Avonte Maddox,1540,28
Nick Whiteside,Brodric Martin,1540,44
Nick Whiteside,Chris Smith,1540,45
Nick Whiteside,D.J. Miller,1540,7
Nick Whiteside,DaRon Gilbert,1540,37
Nick Whiteside,Dan Jackson,1540,15
Nick Whiteside,Dicaprio Bootle,1540,4
Nick Whiteside,Erick Hallett,1540,56
Nick Whiteside,Ezekiel Turner,1540,47
Nick Whiteside,Grant Stuard,1540,33
Nick Whiteside,Ian Kennelly,1540,69
Nick Whiteside,Isaac Ukwu,1540,63
Nick Whiteside,Keith Cooper,1540,61
Nick Whiteside,Loren Strickland,1540,45
Nick Whiteside,Luq Barcoo,1540,3
Nick Whiteside,Mitchell Agude,1540,36
Nick Whiteside,Morice Norris Jr.,1540,9
Nick Whiteside,Myles Adams,1540,72
Nick Whiteside,Nate Lynn,1540,46
Nick Whiteside,Pat O'Connor,1540,11
Nick Whiteside,Raequan Williams,1540,8
Nick Whiteside,Rock Ya-Sin,1540,41
Nick Whiteside,Trevor Nowaske,1540,65
Nick Whiteside,Tyleik Williams,1540,6
Nick Whiteside,Tyson Russell,1540,51
Nick Whiteside,Zach Cunningham,1540,25
Nick Zakelj,Austen Pleasants,4500,75
Nick Zakelj,Ben Bartch,4500,12
Nick Zakelj,Brayden Willis,4500,59
Nick Zakelj,Carter Bradley,4500,42
Nick Zakelj,Connor Colby,4500,64
Nick Zakelj,Corey Kiner,4500,16
Nick Zakelj,Demarcus Robinson,4500,55
Nick Zakelj,Drake Nugent,4500,46
Nick Zakelj,Drew Moss,4500,36
Nick Zakelj,Isaac Alarcon,4500,38
Nick Zakelj,Isaac Guerendo,4500,19
Nick Zakelj,Isaiah Hodgins,4500,18
Nick Zakelj,Isaiah Prince,4500,37
Nick Zakelj,Jake Tonges,4500,67
Nick Zakelj,Jeff Wilson,4500,36
Nick Zakelj,Jordan Watkins,4500,23
Nick Zakelj,Junior Bergen,4500,21
Nick Zakelj,Ke'Shawn Vaughn,4500,28
Nick Zakelj,Luke Farrell,4500,47
Nick Zakelj,Mac Jones,4500,47
Nick Zakelj,Malik Turner,4500,19
Nick Zakelj,Matt Hennessy,4500,66
Nick Zakelj,Patrick Taylor,4500,13
Nick Zakelj,Robbie Chosen,4500,59
Nick Zakelj,Russell Gage,4500,44
Nick Zakelj,Skyy Moore,4500,18
Nick Zakelj,Spencer Burford,4500,74
Nick Zakelj,Tanner Mordecai,4500,23
Nick Zakelj,Terique Owens,4500,18
Nico Collins,Aireontae Ersery,2120,11
Nico Collins,Blake Fisher,2120,11
Nico Collins,C.J. Stroud,2120,11
Nico Collins,Cade Stover,2120,7
Nico Collins,Christian Kirk,2120,9
Nico Collins,Dalton Schultz,2120,7
Nico Collins,Dare Ogunbowale,2120,2
Nico Collins,Ed Ingram,2120,11
Nico Collins,Jake Andrews,2120,11
Nico Collins,Jakob Johnson,2120,1
Nico Collins,Laken Tomlinson,2120,11
Nico Collins,Nick Chubb,2120,9
Nico Collins,Xavier Hutchinson,2120,9
Nik Bonitto,Brandon Jones,1400,10
Nik Bonitto,D.J. Jones,1400,7
Nik Bonitto,Eyioma Uwazurike,1400,2
Nik Bonitto,Ja'Quan McMillian,1400,2
Nik Bonitto,Jahdae Barron,1400,1
Nik Bonitto,John Franklin-Myers,1400,5
Nik Bonitto,Jonathon Cooper,1400,10
Nik Bonitto,Jordan Jackson,1400,3
Nik Bonitto,Justin Strnad,1400,9
Nik Bonitto,Levelle Bailey,1400,10
Nik Bonitto,Malcolm Roach,1400,4
Nik Bonitto,Pat Surtain II,1400,10
Nik Bonitto,Riley Moss,1400,10
Nik Bonitto,Talanoa Hufanga,1400,10
Nik Bonitto,Zach Allen,1400,7
Nik Needham,Adin Huntington,1050,35
Nik Needham,Cameron Mitchell,1050,1
Nik Needham,Cameron Thomas,1050,13
Nik Needham,Charlie Thomas,1050,17
Nik Needham,Chigozie Anusiem,1050,1
Nik Needham,Chris Edmonds,1050,56
Nik Needham,Christian Holmes,1050,11
Nik Needham,Damontae Kazee,1050,2
Nik Needham,Darius Rush,1050,15
Nik Needham,Dom Jones,1050,16
Nik Needham,Donovan McMillon,1050,55
Nik Needham,Easton Mascarenas-Arnold,1050,54
Nik Needham,Joe Tryon-Shoyinka,1050,3
Nik Needham,Jowon Briggs,1050,22
Nik Needham,Julian Okwara,1050,28
Nik Needham,KJ Henry,1050,45
Nik Needham,Keenan Isaac,1050,35
Nik Needham,LaMareon James,1050,22
Nik Needham,Marvin Moody,1050,1
Nik Needham,Nathaniel Watson,1050,36
Nik Needham,Ralph Holley,1050,44
Nik Needham,Sam Kamara,1050,12
Nik Needham,Titus Leo,1050,23
Nik Needham,Tony Brown,1050,12
Nik Needham,Winston Reid,1050,1
Nikko Reed,Caleb Murphy,4400,55
Nikko Reed,Cam Hart,4400,4
Nikko Reed,Christopher Hinton,4400,35
Nikko Reed,Da'Shawn Hand,4400,7
Nikko Reed,Deane Leonard,4400,6
Nikko Reed,Del'Shawn Phillips,4400,13
Nikko Reed,Emany Johnson,4400,47
Nikko Reed,Garmon Randolph,4400,25
Nikko Reed,Harrison Hand,4400,2
Nikko Reed,Ja'Sir Taylor,4400,69
Nikko Reed,Jamaree Caldwell,4400,31
Nikko Reed,Jaylen Jones,4400,6
Nikko Reed,Jordan Oladokun,4400,6
Nikko Reed,Junior Colson,4400,46
Nikko Reed,Justin Eboigbe,4400,34
Nikko Reed,Kana'i Mauga,4400,20
Nikko Reed,Kendall Williamson,4400,76
Nikko Reed,Kylan Guidry,4400,37
Nikko Reed,Kyle Kennard,4400,19
Nikko Reed,Marlowe Wax,4400,50
Nikko Reed,Myles Purchase,4400,25
Nikko Reed,Naquan Jones,4400,30
Nikko Reed,Nesta Jade Silvera,4400,26
Nikko Reed,Otito Ogbonnia,4400,4
Nikko Reed,R.J. Mickens,4400,82
Nikko Reed,Scott Matlock,4400,8
Nikko Reed,TeRah Edwards,4400,29
Nikko Reed,Tony Jefferson,4400,27
Nikko Reed,Tre'Mon Morris-Brash,4400,58
Nikko Reed,Trikweze Bridges,4400,75
Nikko Reed,Troy Dye,4400,18
Nikko Remigio,Bailey Zappe,2310,17
Nikko Remigio,Brashard Smith,2310,33
Nikko Remigio,C.J. Hanson,2310,45
Nikko Remigio,Carson Steele,2310,9
Nikko Remigio,Chris Oladokun,2310,10
Nikko Remigio,Chukwuebuka Godrick,2310,20
Nikko Remigio,Creed Humphrey,2310,1
Nikko Remigio,Dalton Cooper,2310,6
Nikko Remigio,Elijah Mitchell,2310,5
Nikko Remigio,Esa Pole,2310,25
Nikko Remigio,Gardner Minshew,2310,18
Nikko Remigio,Geor'Quarius Spivey,2310,2
Nikko Remigio,Hunter Nourzad,2310,39
Nikko Remigio,Isiah Pacheco,2310,1
Nikko Remigio,Jared Wiley,2310,18
Nikko Remigio,Jason Brownlee,2310,29
Nikko Remigio,Jawaan Taylor,2310,1
Nikko Remigio,Jaylon Moore,2310,12
Nikko Remigio,Jimmy Holiday,2310,13
Nikko Remigio,Joey Lombard,2310,6
Nikko Remigio,Josh Simmons,2310,1
Nikko Remigio,JuJu Smith-Schuster,2310,1
Nikko Remigio,Kingsley Suamataia,2310,1
Nikko Remigio,Mac Dalena,2310,10
Nikko Remigio,Mike Caliendo,2310,39
Nikko Remigio,Noah Gray,2310,1
Nikko Remigio,Patrick Mahomes,2310,1
Nikko Remigio,Robert Tonyan,2310,24
Nikko Remigio,Skyy Moore,2310,16
Nikko Remigio,Tre Watson,2310,12
Nikko Remigio,Trey Smith,2310,1
Nikko Remigio,Tyquan Thornton,2310,10
Nikko Remigio,Wanya Morris,2310,33
Nikola Kalinic,Ben DiNucci,0200,4
Nikola Kalinic,Brandon Parker,0200,35
Nikola Kalinic,Casey Washington,0200,7
Nikola Kalinic,Chris Blair,0200,31
Nikola Kalinic,DJ Chark,0200,7
Nikola Kalinic,David Sills,0200,9
Nikola Kalinic,Dylan Drummond,0200,20
Nikola Kalinic,Easton Stick,0200,41
Nikola Kalinic,Elijah Dotson,0200,17
Nikola Kalinic,Elijah Wilkinson,0200,24
Nikola Kalinic,Emory Jones,0200,7
Nikola Kalinic,Feleipe Franks,0200,11
Nikola Kalinic,Jack Nelson,0200,45
Nikola Kalinic,Jake Hanson,0200,9
Nikola Kalinic,Jashaun Corbin,0200,17
Nikola Kalinic,Jesse Matthews,0200,13
Nikola Kalinic,Jordan Williams,0200,13
Nikola Kalinic,Joshua Gray,0200,39
Nikola Kalinic,Joshua Simon,0200,17
Nikola Kalinic,Jovaughn Gwyn,0200,43
Nikola Kalinic,Kyle Hinton,0200,39
Nikola Kalinic,Matthew Cindric,0200,13
Nikola Kalinic,Nate Carter,0200,18
Nikola Kalinic,Nick Nash,0200,27
Nikola Kalinic,Quincy Skinner Jr.,0200,14
Noah Brown,Bobby Hart,5110,8
Noah Brown,Chris Paul,5110,6
Noah Brown,Chris Rodriguez Jr.,5110,2
Noah Brown,Cole Turner,5110,4
Noah Brown,Colson Yankoff,5110,1
Noah Brown,Demetric Felton,5110,2
Noah Brown,Foster Sarell,5110,2
Noah Brown,Jacoby Jones,5110,2
Noah Brown,Jaylin Lane,5110,3
Noah Brown,Jeremy McNichols,5110,4
Noah Brown,Josh Johnson,5110,8
Noah Brown,Julian Good-Jones,5110,2
Noah Brown,Lawrence Cager,5110,6
Noah Brown,Lucas Niang,5110,2
Noah Brown,Michael Deiter,5110,8
Noah Brown,Mike Strachan,5110,2
Noah Brown,Tay Martin,5110,6
Noah Brown,Trent Scott,5110,6
Noah Brown,Tyre Phillips,5110,6
Noah Fant,Amarius Mims,0920,14
Noah Fant,Andrei Iosivas,0920,10
Noah Fant,Charlie Jones,0920,7
Noah Fant,Chase Brown,0920,5
Noah Fant,Drew Sample,0920,6
Noah Fant,Dylan Fairchild,0920,14
Noah Fant,Ja'Marr Chase,0920,5
Noah Fant,Jalen Rivers,0920,4
Noah Fant,Joe Burrow,0920,14
Noah Fant,Lucas Patrick,0920,10
Noah Fant,Mitchell Tinsley,0920,9
Noah Fant,Orlando Brown,0920,14
Noah Fant,Samaje Perine,0920,1
Noah Fant,Tahj Brooks,0920,8
Noah Fant,Ted Karras,0920,14
Noah Fant,Tee Higgins,0920,5
Noah Gray,Brashard Smith,2310,1
Noah Gray,C.J. Hanson,2310,1
Noah Gray,Carson Steele,2310,4
Noah Gray,Creed Humphrey,2310,26
Noah Gray,Elijah Mitchell,2310,3
Noah Gray,Gardner Minshew,2310,16
Noah Gray,Hunter Nourzad,2310,1
Noah Gray,Isiah Pacheco,2310,10
Noah Gray,Jalen Royals,2310,12
Noah Gray,Jared Wiley,2310,3
Noah Gray,Jason Brownlee,2310,1
Noah Gray,Jawaan Taylor,2310,11
Noah Gray,Jaylon Moore,2310,16
Noah Gray,Josh Simmons,2310,26
Noah Gray,JuJu Smith-Schuster,2310,9
Noah Gray,Kareem Hunt,2310,9
Noah Gray,Kingsley Suamataia,2310,26
Noah Gray,Mike Caliendo,2310,1
Noah Gray,Nikko Remigio,2310,1
Noah Gray,Patrick Mahomes,2310,11
Noah Gray,Rashee Rice,2310,11
Noah Gray,Robert Tonyan,2310,9
Noah Gray,Skyy Moore,2310,6
Noah Gray,Travis Kelce,2310,4
Noah Gray,Trey Smith,2310,26
Noah Gray,Tyquan Thornton,2310,10
Noah Gray,Wanya Morris,2310,1
Noah Gray,Xavier Worthy,2310,15
Noah Igbinoghene,Ale Kaho,5110,50
Noah Igbinoghene,Allan George,5110,6
Noah Igbinoghene,Andre Jones Jr.,5110,49
Noah Igbinoghene,Antonio Hamilton,5110,22
Noah Igbinoghene,Ben Nikkel,5110,29
Noah Igbinoghene,Bobby Price,5110,36
Noah Igbinoghene,Car'lin Vigers,5110,77
Noah Igbinoghene,Carl Davis,5110,35
Noah Igbinoghene,Clelin Ferrell,5110,52
Noah Igbinoghene,Daron Payne,5110,6
Noah Igbinoghene,Daryl Worley,5110,18
Noah Igbinoghene,Deatrich Wise,5110,11
Noah Igbinoghene,Dominique Hampton,5110,29
Noah Igbinoghene,Dorance Armstrong,5110,2
Noah Igbinoghene,Duke Riley,5110,22
Noah Igbinoghene,Eddie Goldman,5110,44
Noah Igbinoghene,Frankie Luvu,5110,5
Noah Igbinoghene,Jacob Martin,5110,29
Noah Igbinoghene,Jalyn Holmes,5110,58
Noah Igbinoghene,Javon Kinlaw,5110,4
Noah Igbinoghene,Javontae Jean-Baptiste,5110,5
Noah Igbinoghene,Jer'Zhan Newton,5110,47
Noah Igbinoghene,Jeremy Reaves,5110,41
Noah Igbinoghene,Jordan Magee,5110,11
Noah Igbinoghene,Kain Medrano,5110,78
Noah Igbinoghene,Kam Arnold,5110,7
Noah Igbinoghene,Marshon Lattimore,5110,5
Noah Igbinoghene,Mike Sainristil,5110,7
Noah Igbinoghene,Norell Pollard,5110,6
Noah Igbinoghene,Percy Butler,5110,52
Noah Igbinoghene,Quan Martin,5110,7
Noah Igbinoghene,Ricky Barber,5110,2
Noah Igbinoghene,Robert McDaniel,5110,33
Noah Igbinoghene,Sheldon Day,5110,53
Noah Igbinoghene,T.J. Maguranyanga,5110,1
Noah Igbinoghene,Trey Amos,5110,23
Noah Igbinoghene,Tyler Owens,5110,41
Noah Igbinoghene,Viliami Fehoko Jr.,5110,9
Noah Igbinoghene,Will Harris,5110,7
Noah Sewell,Alex Cook,0810,25
Noah Sewell,Amen Ogbongbemiga,0810,15
Noah Sewell,Andrew Billings,0810,31
Noah Sewell,Austin Booker,0810,27
Noah Sewell,Chris Williams,0810,51
Noah Sewell,Daniel Hardy,0810,5
Noah Sewell,Dayo Odeyingbo,0810,16
Noah Sewell,Dominique Robinson,0810,40
Noah Sewell,Elijah Hicks,0810,21
Noah Sewell,Gervon Dexter Sr.,0810,14
Noah Sewell,Jamree Kromah,0810,3
Noah Sewell,Jaquan Brisker,0810,17
Noah Sewell,Jeremiah Walker,0810,3
Noah Sewell,Jonathan Ford,0810,16
Noah Sewell,Jonathan Owens,0810,53
Noah Sewell,Josh Blackwell,0810,13
Noah Sewell,Kevin Byard,0810,17
Noah Sewell,Major Burns,0810,7
Noah Sewell,Mekhi Garner,0810,12
Noah Sewell,Montez Sweat,0810,12
Noah Sewell,Nahshon Wright,0810,32
Noah Sewell,Nick McCloud,0810,34
Noah Sewell,Ruben Hyppolite II,0810,60
Noah Sewell,Swayze Bozeman,0810,1
Noah Sewell,T.J. Edwards,0810,17
Noah Sewell,Tanoh Kpassagnon,0810,37
Noah Sewell,Terell Smith,0810,23
Noah Sewell,Tre Flowers,0810,38
Noah Sewell,Tyrique Stevenson,0810,32
Noah Sewell,Xavier Carlton,0810,3
Noah Sewell,Zacch Pickens,0810,25
Nohl Williams,Ashton Gillotte,2310,53
Nohl Williams,Brandon George,2310,4
Nohl Williams,Bryan Cook,2310,33
Nohl Williams,Cam Jones,2310,34
Nohl Williams,Chamarri Conner,2310,16
Nohl Williams,Charles Omenihu,2310,30
Nohl Williams,Christian Roland-Wallace,2310,47
Nohl Williams,Cole Christiansen,2310,53
Nohl Williams,Cooper McDonald,2310,23
Nohl Williams,Coziah Izzard,2310,4
Nohl Williams,Deon Bush,2310,3
Nohl Williams,Fabien Lovett Sr.,2310,13
Nohl Williams,Felix Anudike-Uzomah,2310,32
Nohl Williams,George Karlaftis,2310,6
Nohl Williams,Glendon Miller,2310,29
Nohl Williams,Jack Cochrane,2310,30
Nohl Williams,Jaden Hicks,2310,35
Nohl Williams,Jeffrey Bassa,2310,37
Nohl Williams,Jerry Tillery,2310,57
Nohl Williams,Joshua Williams,2310,15
Nohl Williams,Kevin Knowles,2310,11
Nohl Williams,Kristian Fulton,2310,21
Nohl Williams,Leo Chenal,2310,16
Nohl Williams,Major Williams,2310,20
Nohl Williams,Malik Herring,2310,31
Nohl Williams,Marlon Tuipulotu,2310,51
Nohl Williams,Michael Danna,2310,8
Nohl Williams,Mike Edwards,2310,24
Nohl Williams,Mike Pennel,2310,7
Nohl Williams,Nate Matlack,2310,13
Nohl Williams,Nazeeh Johnson,2310,47
Nohl Williams,Omarr Norman-Lott,2310,27
Norell Pollard,Ale Kaho,5110,16
Norell Pollard,Allan George,5110,17
Norell Pollard,Andre Jones Jr.,5110,46
Norell Pollard,Antonio Hamilton,5110,21
Norell Pollard,Ben Nikkel,5110,46
Norell Pollard,Bobby Price,5110,32
Norell Pollard,Car'lin Vigers,5110,45
Norell Pollard,Carl Davis,5110,2
Norell Pollard,Clelin Ferrell,5110,10
Norell Pollard,Daryl Worley,5110,24
Norell Pollard,Dominique Hampton,5110,4
Norell Pollard,Duke Riley,5110,21
Norell Pollard,Eddie Goldman,5110,5
Norell Pollard,Essang Bassey,5110,27
Norell Pollard,Jalyn Holmes,5110,11
Norell Pollard,Jeremy Reaves,5110,2
Norell Pollard,Kain Medrano,5110,32
Norell Pollard,Kam Arnold,5110,46
Norell Pollard,Kevon Seymour,5110,2
Norell Pollard,Noah Igbinoghene,5110,6
Norell Pollard,Percy Butler,5110,2
Norell Pollard,Ricky Barber,5110,36
Norell Pollard,Robert McDaniel,5110,53
Norell Pollard,Sheldon Day,5110,14
Norell Pollard,T.J. Maguranyanga,5110,42
Norell Pollard,Tyler Owens,5110,2
Norell Pollard,Viliami Fehoko Jr.,5110,6
Nyheim Hines,Andre James,4400,26
Nyheim Hines,Branson Taylor,4400,50
Nyheim Hines,Brenden Rice,4400,32
Nyheim Hines,Corey Stewart,4400,60
Nyheim Hines,DJ Uiagalelei,4400,30
Nyheim Hines,Dalevon Campbell,4400,35
Nyheim Hines,David Sharpe,4400,33
Nyheim Hines,Derius Davis,4400,6
Nyheim Hines,Dez Fitzpatrick,4400,4
Nyheim Hines,JaQuae Jackson,4400,20
Nyheim Hines,Jalen Reagor,4400,3
Nyheim Hines,Jaylen Johnson,4400,29
Nyheim Hines,Josh Kaltenberger,4400,50
Nyheim Hines,Karsen Barnhart,4400,58
Nyheim Hines,KeAndre Lambert-Smith,4400,32
Nyheim Hines,Luke Grimm,4400,24
Nyheim Hines,Nash Jones,4400,53
Nyheim Hines,Oronde Gadsden II,4400,45
Nyheim Hines,Ryan Nelson,4400,50
Nyheim Hines,Scott Matlock,4400,5
Nyheim Hines,Stevo Klotz,4400,28
Nyheim Hines,Taylor Heinicke,4400,9
Nyheim Hines,Thomas Yassmin,4400,3
Nyheim Hines,Tre Harris,4400,23
Nyheim Hines,Trey Lance,4400,37
Nyheim Hines,Tucker Fisk,4400,15
O'Cyrus Torrence,Connor McGovern,0610,14
O'Cyrus Torrence,Dalton Kincaid,0610,4
O'Cyrus Torrence,David Edwards,0610,14
O'Cyrus Torrence,Dawson Knox,0610,8
O'Cyrus Torrence,Dion Dawkins,0610,14
O'Cyrus Torrence,Elijah Moore,0610,7
O'Cyrus Torrence,Jackson Hawes,0610,3
O'Cyrus Torrence,Josh Palmer,0610,14
O'Cyrus Torrence,Keon Coleman,0610,14
O'Cyrus Torrence,Mitchell Trubisky,0610,14
O'Cyrus Torrence,Ray Davis,0610,6
O'Cyrus Torrence,Reggie Gilliam,0610,6
O'Cyrus Torrence,Ryan Van Demark,0610,14
O'Cyrus Torrence,Ty Johnson,0610,8
O'Donnell Fortune,Abdul Carter,3410,1
O'Donnell Fortune,Andru Phillips,3410,3
O'Donnell Fortune,Art Green,3410,8
O'Donnell Fortune,Chauncey Golston,3410,6
O'Donnell Fortune,Chris Board,3410,17
O'Donnell Fortune,Cory Durden,3410,35
O'Donnell Fortune,DJ Davidson,3410,10
O'Donnell Fortune,Dane Belton,3410,17
O'Donnell Fortune,Darius Alexander,3410,21
O'Donnell Fortune,Darius Muasau,3410,17
O'Donnell Fortune,Dee Williams,3410,40
O'Donnell Fortune,Deonte Banks,3410,12
O'Donnell Fortune,Dyontae Johnson,3410,53
O'Donnell Fortune,Elijah Chatman,3410,28
O'Donnell Fortune,Elijah Garcia,3410,37
O'Donnell Fortune,Jeremiah Ledbetter,3410,31
O'Donnell Fortune,Jordon Riley,3410,18
O'Donnell Fortune,K'Von Wallace,3410,13
O'Donnell Fortune,K.J. Cloyd,3410,53
O'Donnell Fortune,Makari Paige,3410,53
O'Donnell Fortune,Nic Jones,3410,56
O'Donnell Fortune,Raheem Layne,3410,17
O'Donnell Fortune,TJ Moore,3410,30
O'Donnell Fortune,Tomon Fox,3410,57
O'Donnell Fortune,Trace Ford,3410,67
Ochaun Mathis,A.J. Woods,3700,11
Ochaun Mathis,Andre' Sam,3700,52
Ochaun Mathis,Andrew Mukuba,3700,1
Ochaun Mathis,Antwaun Powell-Ryland,3700,53
Ochaun Mathis,Brandon Johnson,3700,16
Ochaun Mathis,Byron Young,3700,15
Ochaun Mathis,Chance Campbell,3700,17
Ochaun Mathis,Dallas Gant,3700,61
Ochaun Mathis,Eli Ricks,3700,52
Ochaun Mathis,Gabe Hall,3700,35
Ochaun Mathis,Jacob Sykes,3700,47
Ochaun Mathis,Jakorian Bennett,3700,17
Ochaun Mathis,Jereme Robinson,3700,2
Ochaun Mathis,Jeremiah Trotter Jr.,3700,6
Ochaun Mathis,Jihaad Campbell,3700,3
Ochaun Mathis,Joe Evans,3700,38
Ochaun Mathis,Justin Rogers,3700,16
Ochaun Mathis,Kelee Ringo,3700,2
Ochaun Mathis,Lance Dixon,3700,49
Ochaun Mathis,Lewis Cine,3700,27
Ochaun Mathis,Mac McWilliams,3700,50
Ochaun Mathis,Maxen Hook,3700,40
Ochaun Mathis,Ogbo Okoronkwo,3700,10
Ochaun Mathis,Parry Nickerson,3700,54
Ochaun Mathis,Patrick Johnson,3700,15
Ochaun Mathis,Smael Mondon Jr.,3700,24
Ochaun Mathis,Tariq Castro-Fields,3700,18
Ochaun Mathis,Tristin McCollum,3700,40
Ochaun Mathis,Ty Robinson,3700,29
Ogbo Okoronkwo,A.J. Woods,3700,1
Ogbo Okoronkwo,Adoree' Jackson,3700,13
Ogbo Okoronkwo,Andre' Sam,3700,44
Ogbo Okoronkwo,Andrew Mukuba,3700,8
Ogbo Okoronkwo,Azeez Ojulari,3700,15
Ogbo Okoronkwo,Brandon Johnson,3700,17
Ogbo Okoronkwo,Byron Young,3700,20
Ogbo Okoronkwo,Dallas Gant,3700,11
Ogbo Okoronkwo,Eli Ricks,3700,20
Ogbo Okoronkwo,Gabe Hall,3700,38
Ogbo Okoronkwo,Jacob Sykes,3700,23
Ogbo Okoronkwo,Jakorian Bennett,3700,36
Ogbo Okoronkwo,Jeremiah Trotter Jr.,3700,34
Ogbo Okoronkwo,Jihaad Campbell,3700,17
Ogbo Okoronkwo,Joe Evans,3700,8
Ogbo Okoronkwo,Kelee Ringo,3700,17
Ogbo Okoronkwo,Lance Dixon,3700,14
Ogbo Okoronkwo,Lewis Cine,3700,1
Ogbo Okoronkwo,Mac McWilliams,3700,42
Ogbo Okoronkwo,Ochaun Mathis,3700,10
Ogbo Okoronkwo,Parry Nickerson,3700,17
Ogbo Okoronkwo,Patrick Johnson,3700,36
Ogbo Okoronkwo,Smael Mondon Jr.,3700,46
Ogbo Okoronkwo,Sydney Brown,3700,20
Ogbo Okoronkwo,Tariq Castro-Fields,3700,5
Ogbo Okoronkwo,Tristin McCollum,3700,49
Ogbo Okoronkwo,Ty Robinson,3700,48
Olamide Zaccheaus,Braxton Jones,0810,26
Olamide Zaccheaus,Brittain Brown,0810,7
Olamide Zaccheaus,Caleb Williams,0810,26
Olamide Zaccheaus,Cole Kmet,0810,11
Olamide Zaccheaus,Colston Loveland,0810,15
Olamide Zaccheaus,D'Andre Swift,0810,13
Olamide Zaccheaus,DJ Moore,0810,25
Olamide Zaccheaus,Darnell Wright,0810,26
Olamide Zaccheaus,Deion Hankins,0810,6
Olamide Zaccheaus,Drew Dalman,0810,26
Olamide Zaccheaus,Jonah Jackson,0810,26
Olamide Zaccheaus,Luke Newman,0810,26
Olamide Zaccheaus,Luther Burden III,0810,1
Olamide Zaccheaus,Rome Odunze,0810,26
Olisaemeka Udoh,Andrew Rupcich,2100,50
Olisaemeka Udoh,Arlington Hambright,2100,2
Olisaemeka Udoh,Blake Hance,2100,33
Olisaemeka Udoh,Brandon Allen,2100,34
Olisaemeka Udoh,Brandon Crenshaw-Dickson,2100,13
Olisaemeka Udoh,Brenden Jaimes,2100,39
Olisaemeka Udoh,Bryce Oliver,2100,37
Olisaemeka Udoh,Cam Ward,2100,15
Olisaemeka Udoh,Cameron Ward,2100,4
Olisaemeka Udoh,Chig Okonkwo,2100,14
Olisaemeka Udoh,Chimere Dike,2100,27
Olisaemeka Udoh,Corey Levin,2100,19
Olisaemeka Udoh,Dan Moore Jr.,2100,15
Olisaemeka Udoh,David Martin-Robinson,2100,19
Olisaemeka Udoh,Drake Dabney,2100,4
Olisaemeka Udoh,Elic Ayomanor,2100,40
Olisaemeka Udoh,Gunnar Helm,2100,37
Olisaemeka Udoh,JC Latham,2100,4
Olisaemeka Udoh,Jackson Slater,2100,46
Olisaemeka Udoh,James Proche,2100,30
Olisaemeka Udoh,Jermar Jefferson,2100,8
Olisaemeka Udoh,Jha'Quan Jackson,2100,11
Olisaemeka Udoh,John Ojukwu,2100,44
Olisaemeka Udoh,Jordan Mims,2100,14
Olisaemeka Udoh,Josh Whyle,2100,14
Olisaemeka Udoh,Julius Chestnut,2100,24
Olisaemeka Udoh,Kalel Mullings,2100,27
Olisaemeka Udoh,Mason Kinsey,2100,19
Olisaemeka Udoh,Peter Skoronski,2100,19
Olisaemeka Udoh,Sam Mustipher,2100,17
Olisaemeka Udoh,T.J. Sheffield,2100,4
Olisaemeka Udoh,Thomas Odukoya,2100,12
Olisaemeka Udoh,Tim Boyle,2100,9
Olisaemeka Udoh,Trevor Siemian,2100,13
Olisaemeka Udoh,Tyjae Spears,2100,3
Olisaemeka Udoh,Tyler Lockett,2100,8
Olisaemeka Udoh,Van Jefferson,2100,19
Olisaemeka Udoh,Xavier Restrepo,2100,3
Ollie Gordon II,A.J. Henning,2700,16
Ollie Gordon II,Aaron Brewer,2700,13
Ollie Gordon II,Addison West,2700,35
Ollie Gordon II,Andrew Armstrong,2700,23
Ollie Gordon II,Braeden Daniels,2700,57
Ollie Gordon II,Chris Myarick,2700,19
Ollie Gordon II,Daniel Brunskill,2700,22
Ollie Gordon II,Dee Eskridge,2700,16
Ollie Gordon II,Erik Ezukanma,2700,23
Ollie Gordon II,Hayden Rucci,2700,28
Ollie Gordon II,Jackson Carman,2700,22
Ollie Gordon II,Jalen McKenzie,2700,28
Ollie Gordon II,James Daniels,2700,13
Ollie Gordon II,Jaylen Waddle,2700,5
Ollie Gordon II,Jonah Savaiinaea,2700,13
Ollie Gordon II,Josh Priebe,2700,35
Ollie Gordon II,Kion Smith,2700,36
Ollie Gordon II,Larry Borom,2700,13
Ollie Gordon II,Malik Washington,2700,11
Ollie Gordon II,Monaray Baldwin,2700,12
Ollie Gordon II,Nick Westbrook-Ikhine,2700,10
Ollie Gordon II,Patrick Paul,2700,13
Ollie Gordon II,Pharaoh Brown,2700,30
Ollie Gordon II,Quinn Ewers,2700,35
Ollie Gordon II,Ryan Hayes,2700,50
Ollie Gordon II,Tahj Washington,2700,19
Ollie Gordon II,Tanner Conner,2700,21
Ollie Gordon II,Tarik Black,2700,19
Ollie Gordon II,Theo Wease Jr.,2700,28
Ollie Gordon II,Tua Tagovailoa,2700,13
Ollie Gordon II,Zach Wilson,2700,22
Olumuyiwa Fashanu,Alijah Vera-Tucker,3430,28
Olumuyiwa Fashanu,Allen Lazard,3430,2
Olumuyiwa Fashanu,Andrew Beck,3430,5
Olumuyiwa Fashanu,Arian Smith,3430,2
Olumuyiwa Fashanu,Armand Membou,3430,28
Olumuyiwa Fashanu,Braelon Allen,3430,10
Olumuyiwa Fashanu,Breece Hall,3430,16
Olumuyiwa Fashanu,Garrett Wilson,3430,28
Olumuyiwa Fashanu,Isaiah Davis,3430,3
Olumuyiwa Fashanu,Jeremy Ruckert,3430,20
Olumuyiwa Fashanu,Joe Tippmann,3430,28
Olumuyiwa Fashanu,John Simpson,3430,18
Olumuyiwa Fashanu,Josh Myers,3430,10
Olumuyiwa Fashanu,Josh Reynolds,3430,26
Olumuyiwa Fashanu,Justin Fields,3430,28
Olumuyiwa Fashanu,Mason Taylor,3430,13
Olumuyiwa Fashanu,Tyler Johnson,3430,13
Olumuyiwa Fashanu,Zack Kuntz,3430,2
Oluwafemi Oladejo,Ali Gaye,2100,5
Oluwafemi Oladejo,Amani Hooker,2100,16
Oluwafemi Oladejo,Amani Oruwariye,2100,20
Oluwafemi Oladejo,Amari Burney,2100,11
Oluwafemi Oladejo,Arden Key,2100,9
Oluwafemi Oladejo,Cam Horsley,2100,5
Oluwafemi Oladejo,Carlos Watkins,2100,23
Oluwafemi Oladejo,Cedric Gray,2100,38
Oluwafemi Oladejo,Cody Barton,2100,16
Oluwafemi Oladejo,Darrell Baker Jr.,2100,16
Oluwafemi Oladejo,Dre'Mont Jones,2100,11
Oluwafemi Oladejo,Gabe Jeudy-Lally,2100,38
Oluwafemi Oladejo,Isaiah Raikes,2100,2
Oluwafemi Oladejo,Jalen Kimber,2100,11
Oluwafemi Oladejo,James Lynch,2100,44
Oluwafemi Oladejo,James Williams,2100,43
Oluwafemi Oladejo,Jarvis Brownlee Jr.,2100,16
Oluwafemi Oladejo,Jeffery Simmons,2100,6
Oluwafemi Oladejo,Jihad Ward,2100,40
Oluwafemi Oladejo,Joe Gaziano,2100,2
Oluwafemi Oladejo,Kendell Brooks,2100,32
Oluwafemi Oladejo,Marcus Harris,2100,38
Oluwafemi Oladejo,Mike Brown,2100,32
Oluwafemi Oladejo,Quandre Diggs,2100,6
Oluwafemi Oladejo,Roger McCreary,2100,6
Oluwafemi Oladejo,Sebastian Joseph-Day,2100,7
Oluwafemi Oladejo,Timmy Horne,2100,25
Oluwafemi Oladejo,Xavier Woods,2100,22
Omar Brown,Arron Mosby,1800,11
Omar Brown,Barryn Sorrell,1800,25
Omar Brown,Bo Melton,1800,45
Omar Brown,Brenton Cox Jr.,1800,32
Omar Brown,Colby Wooden,1800,32
Omar Brown,Corey Ballentine,1800,6
Omar Brown,Deslin Alexandre,1800,6
Omar Brown,Isaiah Dunn,1800,12
Omar Brown,Isaiah Simmons,1800,53
Omar Brown,James Ester,1800,5
Omar Brown,Jamon Johnson,1800,8
Omar Brown,Jared Bartlett,1800,6
Omar Brown,Johnathan Baldwin,1800,17
Omar Brown,Kalen King,1800,45
Omar Brown,Kamal Hadden,1800,15
Omar Brown,Karl Brooks,1800,31
Omar Brown,Keith Randolph Jr.,1800,5
Omar Brown,Kingsley Enagbare,1800,42
Omar Brown,Kitan Oladapo,1800,42
Omar Brown,Kristian Welch,1800,21
Omar Brown,Micah Robinson,1800,28
Omar Brown,Nazir Stackhouse,1800,22
Omar Brown,Ty'Ron Hopper,1800,48
Omar Brown,Tyron Herring,1800,8
Omar Brown,Warren Brinson,1800,25
Omari Thomas,Chris Rumph II,3300,9
Omari Thomas,D'Marco Jackson,3300,16
Omari Thomas,Dalys Beanum,3300,29
Omari Thomas,Elliott Davison,3300,29
Omari Thomas,Fadil Diggs,3300,19
Omari Thomas,Isaiah Foskey,3300,23
Omari Thomas,Isaiah Stalbird,3300,13
Omari Thomas,Jasheen Davis,3300,14
Omari Thomas,Jayden Peevy,3300,20
Omari Thomas,Jayden Price,3300,12
Omari Thomas,Jaylan Ford,3300,22
Omari Thomas,Jeremiah Martin,3300,7
Omari Thomas,John Ridgeway,3300,6
Omari Thomas,Jonah Williams,3300,10
Omari Thomas,Jonas Sanker,3300,36
Omari Thomas,Jordan Howden,3300,5
Omari Thomas,Khristian Boyd,3300,7
Omari Thomas,Nephi Sewell,3300,3
Omari Thomas,Quincy Riley,3300,7
Omari Thomas,Rejzohn Wright,3300,34
Omari Thomas,Tyreem Powell,3300,16
Omari Thomas,Ugo Amadi,3300,2
Omari Thomas,Vernon Broughton,3300,21
Omarion Hampton,Bradley Bozeman,4400,7
Omarion Hampton,Corey Stewart,4400,5
Omarion Hampton,Derius Davis,4400,2
Omarion Hampton,Jamaree Salyer,4400,12
Omarion Hampton,Joe Alt,4400,7
Omarion Hampton,Justin Herbert,4400,7
Omarion Hampton,Karsen Barnhart,4400,5
Omarion Hampton,KeAndre Lambert-Smith,4400,9
Omarion Hampton,Keenan Allen,4400,5
Omarion Hampton,Ladd McConkey,4400,7
Omarion Hampton,Oronde Gadsden II,4400,2
Omarion Hampton,Quentin Johnston,4400,3
Omarion Hampton,Scott Matlock,4400,4
Omarion Hampton,Tre Harris,4400,3
Omarion Hampton,Trey Lance,4400,5
Omarion Hampton,Trey Pipkins,4400,12
Omarion Hampton,Tucker Fisk,4400,2
Omarion Hampton,Tyler Conklin,4400,4
Omarion Hampton,Will Dissly,4400,7
Omarion Hampton,Zion Johnson,4400,12
Omarr Norman-Lott,Ashton Gillotte,2310,27
Omarr Norman-Lott,Brandon George,2310,9
Omarr Norman-Lott,Bryan Cook,2310,16
Omarr Norman-Lott,Cam Jones,2310,18
Omarr Norman-Lott,Chamarri Conner,2310,5
Omarr Norman-Lott,Charles Omenihu,2310,10
Omarr Norman-Lott,Christian Roland-Wallace,2310,22
Omarr Norman-Lott,Cole Christiansen,2310,21
Omarr Norman-Lott,Cooper McDonald,2310,5
Omarr Norman-Lott,Fabien Lovett Sr.,2310,2
Omarr Norman-Lott,Felix Anudike-Uzomah,2310,27
Omarr Norman-Lott,George Karlaftis,2310,2
Omarr Norman-Lott,Glendon Miller,2310,11
Omarr Norman-Lott,Jack Cochrane,2310,13
Omarr Norman-Lott,Jaden Hicks,2310,22
Omarr Norman-Lott,Jaylen Watson,2310,5
Omarr Norman-Lott,Jeffrey Bassa,2310,19
Omarr Norman-Lott,Jerry Tillery,2310,18
Omarr Norman-Lott,Joshua Williams,2310,13
Omarr Norman-Lott,Kevin Knowles,2310,6
Omarr Norman-Lott,Leo Chenal,2310,5
Omarr Norman-Lott,Major Williams,2310,5
Omarr Norman-Lott,Malik Herring,2310,9
Omarr Norman-Lott,Marlon Tuipulotu,2310,17
Omarr Norman-Lott,Melvin Smith Jr.,2310,7
Omarr Norman-Lott,Michael Danna,2310,3
Omarr Norman-Lott,Mike Edwards,2310,17
Omarr Norman-Lott,Mike Pennel,2310,2
Omarr Norman-Lott,Nazeeh Johnson,2310,25
Omarr Norman-Lott,Nick Bolton,2310,1
Omarr Norman-Lott,Nohl Williams,2310,27
Omarr Norman-Lott,Trent McDuffie,2310,1
Oren Burks,Barrett Carter,0920,26
Oren Burks,Bralyn Lux,0920,18
Oren Burks,Cam Taylor-Britt,0920,1
Oren Burks,Cameron Sample,0920,24
Oren Burks,D.J. Ivey,0920,26
Oren Burks,DJ Turner II,0920,6
Oren Burks,Daijahn Anthony,0920,31
Oren Burks,Daxton Hill,0920,1
Oren Burks,Demetrius Knight Jr.,0920,7
Oren Burks,Eric Gregory,0920,7
Oren Burks,Geno Stone,0920,1
Oren Burks,Howard Cross III,0920,24
Oren Burks,Isaiah Thomas,0920,4
Oren Burks,Jalen Davis,0920,4
Oren Burks,Joe Giles-Harris,0920,4
Oren Burks,Jordan Battle,0920,7
Oren Burks,Joseph Ossai,0920,7
Oren Burks,Josh Newton,0920,6
Oren Burks,Kris Jenkins,0920,7
Oren Burks,Logan Wilson,0920,7
Oren Burks,Marco Wilson,0920,12
Oren Burks,McKinnley Jackson,0920,15
Oren Burks,Myles Murphy,0920,6
Oren Burks,Nate Brooks,0920,14
Oren Burks,Raymond Johnson III,0920,7
Oren Burks,Shaka Heyward,0920,3
Oren Burks,Shemar Stewart,0920,15
Oren Burks,Taven Bryan,0920,6
Oren Burks,Tedarrell Slaton,0920,7
Oren Burks,Tycen Anderson,0920,27
Orlando Brown,Amarius Mims,0920,38
Orlando Brown,Andrei Iosivas,0920,29
Orlando Brown,Cam Grandy,0920,6
Orlando Brown,Charlie Jones,0920,15
Orlando Brown,Chase Brown,0920,19
Orlando Brown,Drew Sample,0920,23
Orlando Brown,Dylan Fairchild,0920,38
Orlando Brown,Ja'Marr Chase,0920,24
Orlando Brown,Jalen Rivers,0920,7
Orlando Brown,Joe Burrow,0920,38
Orlando Brown,Lucas Patrick,0920,31
Orlando Brown,Mitchell Tinsley,0920,14
Orlando Brown,Noah Fant,0920,14
Orlando Brown,Samaje Perine,0920,9
Orlando Brown,Tahj Brooks,0920,10
Orlando Brown,Tanner Hudson,0920,7
Orlando Brown,Ted Karras,0920,38
Orlando Brown,Tee Higgins,0920,20
Oronde Gadsden II,Andre James,4400,45
Oronde Gadsden II,Branson Taylor,4400,53
Oronde Gadsden II,Brenden Rice,4400,15
Oronde Gadsden II,Corey Stewart,4400,96
Oronde Gadsden II,DJ Uiagalelei,4400,11
Oronde Gadsden II,Dalevon Campbell,4400,30
Oronde Gadsden II,David Sharpe,4400,59
Oronde Gadsden II,Derius Davis,4400,21
Oronde Gadsden II,Dez Fitzpatrick,4400,5
Oronde Gadsden II,Hassan Haskins,4400,17
Oronde Gadsden II,JaQuae Jackson,4400,34
Oronde Gadsden II,Jalen Reagor,4400,9
Oronde Gadsden II,Jamaree Salyer,4400,13
Oronde Gadsden II,Jaret Patterson,4400,7
Oronde Gadsden II,Jaylen Johnson,4400,57
Oronde Gadsden II,Josh Kaltenberger,4400,59
Oronde Gadsden II,Karsen Barnhart,4400,88
Oronde Gadsden II,KeAndre Lambert-Smith,4400,61
Oronde Gadsden II,Kimani Vidal,4400,25
Oronde Gadsden II,Luke Grimm,4400,14
Oronde Gadsden II,Nash Jones,4400,62
Oronde Gadsden II,Nyheim Hines,4400,45
Oronde Gadsden II,Omarion Hampton,4400,2
Oronde Gadsden II,Raheim Sanders,4400,16
Oronde Gadsden II,Ryan Nelson,4400,64
Oronde Gadsden II,Scott Matlock,4400,9
Oronde Gadsden II,Stevo Klotz,4400,12
Oronde Gadsden II,Taylor Heinicke,4400,29
Oronde Gadsden II,Tre Harris,4400,57
Oronde Gadsden II,Trey Lance,4400,72
Oronde Gadsden II,Trey Pipkins,4400,8
Oronde Gadsden II,Tucker Fisk,4400,11
Oronde Gadsden II,Will Dissly,4400,1
Oronde Gadsden II,Zion Johnson,4400,13
Oscar Cardenas,Andre Baccellia,3800,2
Oscar Cardenas,Bam Knight,3800,15
Oscar Cardenas,Bryson Green,3800,28
Oscar Cardenas,Clayton Tune,3800,37
Oscar Cardenas,DeeJay Dallas,3800,8
Oscar Cardenas,Emari Demercado,3800,7
Oscar Cardenas,Hayden Conner,3800,6
Oscar Cardenas,Jake Curhan,3800,35
Oscar Cardenas,Jeremiah Byers,3800,37
Oscar Cardenas,Josh Fryar,3800,2
Oscar Cardenas,Josiah Deguara,3800,20
Oscar Cardenas,McClendon Curtis,3800,23
Oscar Cardenas,Michael Carter,3800,7
Oscar Cardenas,Nate McCollum,3800,20
Oscar Cardenas,Nick Leverett,3800,14
Oscar Cardenas,Royce Newman,3800,31
Oscar Cardenas,Simi Fehoko,3800,2
Oscar Cardenas,Sincere Haynesworth,3800,37
Oscar Cardenas,Tejhaun Palmer,3800,25
Oscar Cardenas,Travis Vokolek,3800,7
Oscar Cardenas,Xavier Weaver,3800,7
Otito Ogbonnia,Alohi Gilman,4400,6
Otito Ogbonnia,Benjamin St-Juste,4400,12
Otito Ogbonnia,Bud Dupree,4400,6
Otito Ogbonnia,Caleb Murphy,4400,8
Otito Ogbonnia,Da'Shawn Hand,4400,10
Otito Ogbonnia,Daiyan Henley,4400,6
Otito Ogbonnia,Deane Leonard,4400,4
Otito Ogbonnia,Denzel Perryman,4400,6
Otito Ogbonnia,Donte Jackson,4400,6
Otito Ogbonnia,Elijah Molden,4400,6
Otito Ogbonnia,Garmon Randolph,4400,1
Otito Ogbonnia,Ja'Sir Taylor,4400,8
Otito Ogbonnia,Junior Colson,4400,4
Otito Ogbonnia,Kylan Guidry,4400,2
Otito Ogbonnia,Kyle Kennard,4400,1
Otito Ogbonnia,Marlowe Wax,4400,6
Otito Ogbonnia,Naquan Jones,4400,2
Otito Ogbonnia,Nikko Reed,4400,4
Otito Ogbonnia,R.J. Mickens,4400,10
Otito Ogbonnia,Tarheeb Still,4400,12
Otito Ogbonnia,Teair Tart,4400,6
Otito Ogbonnia,Tony Jefferson,4400,10
Otito Ogbonnia,Tre'Mon Morris-Brash,4400,8
Otito Ogbonnia,Troy Dye,4400,10
Otito Ogbonnia,Tuli Tuipulotu,4400,6
Ovie Oghoufo,Amari Gainer,2520,1
Ovie Oghoufo,Andre Carter II,2520,5
Ovie Oghoufo,Anthony Booker,2520,9
Ovie Oghoufo,Charles Snowden,2520,6
Ovie Oghoufo,Chris Smith II,2520,13
Ovie Oghoufo,Cody Lindenberg,2520,32
Ovie Oghoufo,Darien Porter,2520,2
Ovie Oghoufo,Darnay Holmes,2520,11
Ovie Oghoufo,Decamerion Richardson,2520,8
Ovie Oghoufo,Greedy Vance,2520,19
Ovie Oghoufo,Hudson Clark,2520,29
Ovie Oghoufo,Isaiah Pola-Mao,2520,3
Ovie Oghoufo,JJ Pegues,2520,22
Ovie Oghoufo,JT Woods,2520,24
Ovie Oghoufo,Jah Joyner,2520,15
Ovie Oghoufo,Jahfari Harvey,2520,15
Ovie Oghoufo,Jamal Adams,2520,1
Ovie Oghoufo,Jaylon Smith,2520,6
Ovie Oghoufo,John Humphrey,2520,21
Ovie Oghoufo,Jonah Laulu,2520,2
Ovie Oghoufo,Keondre Coburn,2520,9
Ovie Oghoufo,Kyu Kelly,2520,5
Ovie Oghoufo,Matt Jones,2520,23
Ovie Oghoufo,Michael Barrett,2520,15
Ovie Oghoufo,Sam Webb,2520,22
Ovie Oghoufo,Terrell Edmunds,2520,5
Ovie Oghoufo,Tommy Eichenberg,2520,6
Ovie Oghoufo,Tonka Hemingway,2520,14
Ovie Oghoufo,Treven Ma'ae,2520,20
Ovie Oghoufo,Trey Taylor,2520,34
Ovie Oghoufo,Tyree Wilson,2520,3
Ovie Oghoufo,Zachary Carter,2520,10
Owen Carney,Ajani Carter,2310,5
Owen Carney,Azizi Hearn,2310,5
Owen Carney,Brandon George,2310,5
Owen Carney,Coziah Izzard,2310,5
Owen Carney,Fabien Lovett Sr.,2310,1
Owen Carney,Glendon Miller,2310,5
Owen Carney,Jacobe Covington,2310,5
Owen Carney,Kevin Knowles,2310,5
Owen Carney,Malik Herring,2310,4
Owen Carney,Nate Matlack,2310,5
Owen Carney,Xander Mueller,2310,5
Owen Pappoe,Akeem Davis-Gaither,3800,11
Owen Pappoe,Anthony Goodlow,3800,32
Owen Pappoe,Benton Whitley,3800,38
Owen Pappoe,Cody Simon,3800,24
Owen Pappoe,Dadrion Taylor-Demerson,3800,18
Owen Pappoe,Dante Stills,3800,9
Owen Pappoe,Darren Hall,3800,60
Owen Pappoe,Denzel Burke,3800,33
Owen Pappoe,Ekow Boye-Doe,3800,27
Owen Pappoe,Elijah Jones,3800,34
Owen Pappoe,Elijah Simmons,3800,27
Owen Pappoe,Elliott Brown,3800,35
Owen Pappoe,Jammie Robinson,3800,42
Owen Pappoe,Jaylon Jones,3800,40
Owen Pappoe,Joey Blount,3800,28
Owen Pappoe,Jordan Burch,3800,26
Owen Pappoe,Kei'Trel Clark,3800,26
Owen Pappoe,Kitan Crawford,3800,25
Owen Pappoe,Kyon Barrs,3800,33
Owen Pappoe,L.J. Collier,3800,17
Owen Pappoe,Max Melton,3800,9
Owen Pappoe,Mykal Walker,3800,11
Owen Pappoe,PJ Mustipher,3800,38
Owen Pappoe,Patrick Jenkins,3800,30
Owen Pappoe,Steven Gilmore,3800,9
Owen Pappoe,Vi Jones,3800,30
Owen Pappoe,Will Johnson,3800,23
Owen Pappoe,Xavier Thomas,3800,55
Owen Wright,Ben Scott,4900,49
Owen Wright,Benjamin Chukwuma,4900,44
Owen Wright,Connor Bazelak,4900,48
Owen Wright,Devin Culp,4900,20
Owen Wright,Elijah Klein,4900,48
Owen Wright,Garrett Greene,4900,29
Owen Wright,Jacob Harris,4900,43
Owen Wright,Jaden Smith,4900,23
Owen Wright,Jake Majors,4900,35
Owen Wright,Kameron Johnson,4900,11
Owen Wright,Ko Kieft,4900,23
Owen Wright,Kyle Trask,4900,12
Owen Wright,Lorenz Metz,4900,10
Owen Wright,Luke Haggard,4900,21
Owen Wright,Mike Jordan,4900,23
Owen Wright,Payne Durham,4900,6
Owen Wright,Raiqwon O'Neal,4900,11
Owen Wright,Rakim Jarrett,4900,22
Owen Wright,Ryan Miller,4900,22
Owen Wright,Sua Opeta,4900,13
Owen Wright,Tanner Taula,4900,31
Owen Wright,Tez Johnson,4900,2
Owen Wright,Trey Palmer,4900,8
Owen Wright,Tyler McLellan,4900,46
Ozzy Trapilo,Austin Reed,0810,13
Ozzy Trapilo,Brittain Brown,0810,29
Ozzy Trapilo,Case Keenum,0810,12
Ozzy Trapilo,Chris Glaser,0810,31
Ozzy Trapilo,Deion Hankins,0810,12
Ozzy Trapilo,Durham Smythe,0810,33
Ozzy Trapilo,Ian Wheeler,0810,34
Ozzy Trapilo,JP Richardson,0810,20
Ozzy Trapilo,Jahdae Walker,0810,16
Ozzy Trapilo,Joel Wilson,0810,41
Ozzy Trapilo,John Jackson,0810,12
Ozzy Trapilo,Jordan McFadden,0810,92
Ozzy Trapilo,Joshua Miles,0810,25
Ozzy Trapilo,Kyle Monangai,0810,3
Ozzy Trapilo,Luke Newman,0810,61
Ozzy Trapilo,Luther Burden III,0810,62
Ozzy Trapilo,Maurice Alexander,0810,48
Ozzy Trapilo,Miles Boykin,0810,3
Ozzy Trapilo,Ricky Stromberg,0810,26
Ozzy Trapilo,Royce Freeman,0810,10
Ozzy Trapilo,Ryan Bates,0810,66
Ozzy Trapilo,Samori Toure,0810,17
Ozzy Trapilo,Stephen Carlson,0810,46
Ozzy Trapilo,Theo Benedet,0810,67
Ozzy Trapilo,Thomas Gordon,0810,2
Ozzy Trapilo,Travis Homer,0810,4
Ozzy Trapilo,Tyler Scott,0810,68
Ozzy Trapilo,Tyson Bagent,0810,67
P.J. Locke,Damarri Mathis,1400,35
P.J. Locke,Devon Key,1400,43
P.J. Locke,Dondrea Tillman,1400,30
P.J. Locke,Eyioma Uwazurike,1400,33
P.J. Locke,Ja'Quan McMillian,1400,6
P.J. Locke,Jahdae Barron,1400,18
P.J. Locke,Jonah Elliss,1400,32
P.J. Locke,Jordan Jackson,1400,36
P.J. Locke,Jordan Miller,1400,14
P.J. Locke,Justin Strnad,1400,23
P.J. Locke,Karene Reid,1400,14
P.J. Locke,Kris Abrams-Draine,1400,41
P.J. Locke,Levelle Bailey,1400,43
P.J. Locke,Malcolm Roach,1400,2
P.J. Locke,Que Robinson,1400,24
P.J. Locke,Quinton Newsome,1400,15
P.J. Locke,Sai'vion Jones,1400,21
PJ Jules,Barrett Carter,0920,13
PJ Jules,Bralyn Lux,0920,56
PJ Jules,Cameron Sample,0920,2
PJ Jules,Craig Young,0920,22
PJ Jules,D.J. Ivey,0920,44
PJ Jules,Daijahn Anthony,0920,22
PJ Jules,Eric Gregory,0920,44
PJ Jules,Howard Cross III,0920,38
PJ Jules,Isaiah Thomas,0920,67
PJ Jules,Jalen Davis,0920,12
PJ Jules,Jaylen Key,0920,29
PJ Jules,Joe Giles-Harris,0920,41
PJ Jules,Lance Robinson,0920,29
PJ Jules,Maema Njongmeta,0920,38
PJ Jules,Marco Wilson,0920,10
PJ Jules,McKinnley Jackson,0920,41
PJ Jules,McTelvin Agim,0920,20
PJ Jules,Nate Brooks,0920,59
PJ Jules,Raymond Johnson III,0920,55
PJ Jules,Shaka Heyward,0920,45
PJ Jules,Shaquan Loyal,0920,9
PJ Jules,Shemar Stewart,0920,2
PJ Jules,Taven Bryan,0920,19
PJ Jules,Tycen Anderson,0920,13
PJ Mustipher,Akeem Davis-Gaither,3800,11
PJ Mustipher,Anthony Goodlow,3800,34
PJ Mustipher,Baron Browning,3800,1
PJ Mustipher,Benton Whitley,3800,35
PJ Mustipher,Budda Baker,3800,1
PJ Mustipher,Cody Simon,3800,37
PJ Mustipher,Dadrion Taylor-Demerson,3800,16
PJ Mustipher,Dante Stills,3800,7
PJ Mustipher,Darius Robinson,3800,1
PJ Mustipher,Darren Hall,3800,37
PJ Mustipher,Denzel Burke,3800,36
PJ Mustipher,Ekow Boye-Doe,3800,17
PJ Mustipher,Elijah Jones,3800,20
PJ Mustipher,Elijah Simmons,3800,2
PJ Mustipher,Elliott Brown,3800,24
PJ Mustipher,Garrett Williams,3800,1
PJ Mustipher,Jalen Thompson,3800,1
PJ Mustipher,Jammie Robinson,3800,30
PJ Mustipher,Jaylon Jones,3800,36
PJ Mustipher,Joey Blount,3800,28
PJ Mustipher,Jordan Burch,3800,24
PJ Mustipher,Kei'Trel Clark,3800,28
PJ Mustipher,Kitan Crawford,3800,34
PJ Mustipher,Kyon Barrs,3800,23
PJ Mustipher,L.J. Collier,3800,15
PJ Mustipher,Mack Wilson,3800,1
PJ Mustipher,Max Melton,3800,7
PJ Mustipher,Mykal Walker,3800,20
PJ Mustipher,Owen Pappoe,3800,38
PJ Mustipher,Patrick Jenkins,3800,8
PJ Mustipher,Steven Gilmore,3800,4
PJ Mustipher,Vi Jones,3800,16
PJ Mustipher,Will Johnson,3800,21
PJ Mustipher,Xavier Thomas,3800,45
PJ Mustipher,Zaven Collins,3800,1
Paris Johnson Jr.,Elijah Higgins,3800,9
Paris Johnson Jr.,Evan Brown,3800,16
Paris Johnson Jr.,Greg Dortch,3800,3
Paris Johnson Jr.,Hjalte Froholdt,3800,16
Paris Johnson Jr.,Isaiah Adams,3800,16
Paris Johnson Jr.,James Conner,3800,7
Paris Johnson Jr.,Jonah Williams,3800,16
Paris Johnson Jr.,Kyler Murray,3800,16
Paris Johnson Jr.,Marvin Harrison Jr.,3800,16
Paris Johnson Jr.,Michael Wilson,3800,8
Paris Johnson Jr.,Tip Reiman,3800,11
Paris Johnson Jr.,Trey Benson,3800,9
Paris Johnson Jr.,Trey McBride,3800,8
Paris Johnson Jr.,Zay Jones,3800,9
Paris Shand,Brandon Codrington,0610,20
Paris Shand,Casey Rogers,0610,28
Paris Shand,Daequan Hardy,0610,44
Paris Shand,Dane Jackson,0610,19
Paris Shand,Darrick Forrest,0610,58
Paris Shand,DeWayne Carter,0610,16
Paris Shand,Deone Walker,0610,5
Paris Shand,Dorian Strong,0610,28
Paris Shand,Dorian Williams,0610,7
Paris Shand,Edefuan Ulofoshio,0610,62
Paris Shand,Garnett Hollis Jr.,0610,12
Paris Shand,Ja'Marcus Ingram,0610,46
Paris Shand,Javon Solomon,0610,16
Paris Shand,Jimmy Ciarlo,0610,53
Paris Shand,Joe Andreessen,0610,21
Paris Shand,Jordan Hancock,0610,24
Paris Shand,Justin Hollins,0610,23
Paris Shand,Keonta Jenkins,0610,25
Paris Shand,Marcus Harris,0610,43
Paris Shand,Michael Hoecht,0610,7
Paris Shand,Nelson Ceaser,0610,26
Paris Shand,T.J. Sanders,0610,3
Paris Shand,Te'Cory Couch,0610,8
Paris Shand,Tre Herndon,0610,30
Paris Shand,Wande Owens,0610,32
Paris Shand,Zion Logue,0610,49
Paris Shand,Zy Alexander,0610,15
Parker Clements,Albert Okwuegbunam,2520,25
Parker Clements,Atonio Mafi,2520,31
Parker Clements,Cam Miller,2520,47
Parker Clements,Carter Runyon,2520,11
Parker Clements,Chris Collier,2520,27
Parker Clements,Collin Johnson,2520,4
Parker Clements,Dalton Wagner,2520,47
Parker Clements,Dylan Laube,2520,19
Parker Clements,Gottlieb Ayedze,2520,32
Parker Clements,Jarrod Hufford,2520,47
Parker Clements,Justin Shorter,2520,26
Parker Clements,Kawaan Baker,2520,3
Parker Clements,Ketron Jackson Jr.,2520,31
Parker Clements,Laki Tasi,2520,27
Parker Clements,Marquez Callaway,2520,17
Parker Clements,Phillip Dorsett,2520,15
Parker Clements,Qadir Ismail,2520,11
Parker Clements,Shedrick Jackson,2520,21
Parker Clements,Sincere McCormick,2520,1
Parker Clements,Tommy Mellott,2520,24
Parker Clements,Will Putnam,2520,4
Parker Washington,Anton Harrison,2250,2
Parker Washington,Austin Trammell,2250,13
Parker Washington,Bhayshul Tuten,2250,6
Parker Washington,Brenton Strange,2250,14
Parker Washington,Brian Thomas Jr.,2250,18
Parker Washington,Chuma Edoga,2250,2
Parker Washington,Ezra Cleveland,2250,19
Parker Washington,Fred Johnson,2250,39
Parker Washington,Hunter Long,2250,25
Parker Washington,Johnny Mundt,2250,9
Parker Washington,Jonah Monheim,2250,22
Parker Washington,Joshua Cephus,2250,18
Parker Washington,LeQuint Allen Jr.,2250,1
Parker Washington,Luke Fortner,2250,22
Parker Washington,Nick Mullens,2250,22
Parker Washington,Patrick Mekari,2250,17
Parker Washington,Robert Hainsey,2250,19
Parker Washington,Sal Wormley,2250,22
Parker Washington,Shawn Bowman,2250,4
Parker Washington,Tank Bigsby,2250,24
Parker Washington,Travis Etienne,2250,10
Parker Washington,Travis Hunter,2250,2
Parker Washington,Trenton Irwin,2250,20
Parker Washington,Trevor Lawrence,2250,19
Parker Washington,Walker Little,2250,19
Parker Washington,Wyatt Milum,2250,22
Parry Nickerson,A.J. Woods,3700,12
Parry Nickerson,Andre' Sam,3700,45
Parry Nickerson,Andrew Mukuba,3700,1
Parry Nickerson,Antwaun Powell-Ryland,3700,44
Parry Nickerson,Azeez Ojulari,3700,10
Parry Nickerson,Brandon Johnson,3700,10
Parry Nickerson,Byron Young,3700,16
Parry Nickerson,Chance Campbell,3700,14
Parry Nickerson,Dallas Gant,3700,54
Parry Nickerson,Eli Ricks,3700,31
Parry Nickerson,Gabe Hall,3700,32
Parry Nickerson,Jacob Sykes,3700,41
Parry Nickerson,Jakorian Bennett,3700,23
Parry Nickerson,Jereme Robinson,3700,5
Parry Nickerson,Jeremiah Trotter Jr.,3700,8
Parry Nickerson,Jihaad Campbell,3700,6
Parry Nickerson,Joe Evans,3700,29
Parry Nickerson,Justin Rogers,3700,10
Parry Nickerson,Kelee Ringo,3700,4
Parry Nickerson,Lance Dixon,3700,38
Parry Nickerson,Lewis Cine,3700,29
Parry Nickerson,Mac McWilliams,3700,49
Parry Nickerson,Maxen Hook,3700,37
Parry Nickerson,Ochaun Mathis,3700,54
Parry Nickerson,Ogbo Okoronkwo,3700,17
Parry Nickerson,Patrick Johnson,3700,18
Parry Nickerson,Smael Mondon Jr.,3700,28
Parry Nickerson,Tariq Castro-Fields,3700,13
Parry Nickerson,Tristin McCollum,3700,36
Parry Nickerson,Ty Robinson,3700,26
Pat Bryant,Adam Prentice,1400,7
Pat Bryant,Adam Trautman,1400,7
Pat Bryant,Alex Forsyth,1400,82
Pat Bryant,Alex Palczewski,1400,73
Pat Bryant,Audric EstimÃ©,1400,12
Pat Bryant,Ben Powers,1400,2
Pat Bryant,Blake Watson,1400,25
Pat Bryant,Bo Nix,1400,2
Pat Bryant,Caden Prieskorn,1400,18
Pat Bryant,Caleb Lohner,1400,9
Pat Bryant,Calvin Throckmorton,1400,71
Pat Bryant,Clay Webb,1400,2
Pat Bryant,Courtney Jackson,1400,2
Pat Bryant,Devaughn Vele,1400,11
Pat Bryant,Evan Engram,1400,8
Pat Bryant,Frank Crum,1400,48
Pat Bryant,Garett Bolles,1400,2
Pat Bryant,Jaleel McLaughlin,1400,10
Pat Bryant,Jarrett Stidham,1400,56
Pat Bryant,Jerjuan Newton,1400,29
Pat Bryant,Joseph Michalski,1400,5
Pat Bryant,Kyrese Rowan,1400,1
Pat Bryant,Lucas Krull,1400,63
Pat Bryant,Luke Wattenberg,1400,2
Pat Bryant,Marques Cox,1400,5
Pat Bryant,Marvin Mims Jr.,1400,1
Pat Bryant,Matt Peart,1400,82
Pat Bryant,Michael Bandy,1400,33
Pat Bryant,Mike McGlinchey,1400,2
Pat Bryant,Nick Gargiulo,1400,28
Pat Bryant,Quinn Meinerz,1400,2
Pat Bryant,RJ Harvey,1400,12
Pat Bryant,Sam Ehlinger,1400,31
Pat Bryant,Trent Sherfield,1400,35
Pat Bryant,Troy Franklin,1400,43
Pat Bryant,Tyler Badie,1400,30
Pat Bryant,Will Sherman,1400,34
Pat Bryant,Xavier Truss,1400,5
Pat Freiermuth,Brandon Johnson,3900,2
Pat Freiermuth,Broderick Jones,3900,11
Pat Freiermuth,Connor Heyward,3900,1
Pat Freiermuth,Darnell Washington,3900,3
Pat Freiermuth,Jaylen Warren,3900,5
Pat Freiermuth,Kaleb Johnson,3900,3
Pat Freiermuth,Ke'Shawn Williams,3900,1
Pat Freiermuth,Kenneth Gainwell,3900,3
Pat Freiermuth,Lance McCutcheon,3900,7
Pat Freiermuth,Mason McCormick,3900,11
Pat Freiermuth,Mason Rudolph,3900,11
Pat Freiermuth,Max Hurleman,3900,3
Pat Freiermuth,Robert Woods,3900,3
Pat Freiermuth,Roman Wilson,3900,8
Pat Freiermuth,Scott Miller,3900,5
Pat Freiermuth,Spencer Anderson,3900,11
Pat Freiermuth,Troy Fautanu,3900,11
Pat Freiermuth,Zach Frazier,3900,11
Pat O'Connor,Ahmed Hassanein,1540,9
Pat O'Connor,Al-Quadin Muhammad,1540,41
Pat O'Connor,Allan George,1540,9
Pat O'Connor,Anthony Pittman,1540,5
Pat O'Connor,Avonte Maddox,1540,25
Pat O'Connor,Chris Smith,1540,31
Pat O'Connor,D.J. Miller,1540,16
Pat O'Connor,Ennis Rakestraw Jr.,1540,13
Pat O'Connor,Erick Hallett,1540,27
Pat O'Connor,Ezekiel Turner,1540,1
Pat O'Connor,Grant Stuard,1540,41
Pat O'Connor,Ian Kennelly,1540,15
Pat O'Connor,Isaac Ukwu,1540,1
Pat O'Connor,Keith Cooper,1540,13
Pat O'Connor,Loren Strickland,1540,13
Pat O'Connor,Luq Barcoo,1540,2
Pat O'Connor,Mitchell Agude,1540,3
Pat O'Connor,Myles Adams,1540,15
Pat O'Connor,Nate Lynn,1540,9
Pat O'Connor,Nick Whiteside,1540,11
Pat O'Connor,Raequan Williams,1540,4
Pat O'Connor,Rock Ya-Sin,1540,42
Pat O'Connor,Trevor Nowaske,1540,25
Pat O'Connor,Tyson Russell,1540,16
Pat O'Connor,Zach Cunningham,1540,33
Pat Surtain II,Alex Singleton,1400,10
Pat Surtain II,Brandon Jones,1400,20
Pat Surtain II,D.J. Jones,1400,10
Pat Surtain II,Dondrea Tillman,1400,3
Pat Surtain II,Eyioma Uwazurike,1400,3
Pat Surtain II,Ja'Quan McMillian,1400,7
Pat Surtain II,Jahdae Barron,1400,5
Pat Surtain II,John Franklin-Myers,1400,9
Pat Surtain II,Jonah Elliss,1400,7
Pat Surtain II,Jonathon Cooper,1400,20
Pat Surtain II,Jordan Jackson,1400,3
Pat Surtain II,Justin Strnad,1400,18
Pat Surtain II,Levelle Bailey,1400,10
Pat Surtain II,Malcolm Roach,1400,11
Pat Surtain II,Nik Bonitto,1400,10
Pat Surtain II,Riley Moss,1400,20
Pat Surtain II,Talanoa Hufanga,1400,20
Pat Surtain II,Zach Allen,1400,14
Patrick Herbert,Austin Trammell,2250,7
Patrick Herbert,Bhayshul Tuten,2250,12
Patrick Herbert,Cam Camper,2250,25
Patrick Herbert,Chandler Brayboy,2250,16
Patrick Herbert,Darius Lassiter,2250,10
Patrick Herbert,Dorian Singer,2250,25
Patrick Herbert,Eli Pancol,2250,7
Patrick Herbert,Fred Johnson,2250,9
Patrick Herbert,Hunter Long,2250,1
Patrick Herbert,Ja'Quinden Jackson,2250,14
Patrick Herbert,Javon Foster,2250,25
Patrick Herbert,Jerome Carvin,2250,18
Patrick Herbert,John Copenhaver,2250,10
Patrick Herbert,John Wolford,2250,17
Patrick Herbert,Jonah Monheim,2250,23
Patrick Herbert,Joshua Cephus,2250,8
Patrick Herbert,Kevin Harris,2250,9
Patrick Herbert,LeQuint Allen Jr.,2250,6
Patrick Herbert,Luke Fortner,2250,10
Patrick Herbert,Nick Mullens,2250,6
Patrick Herbert,Quintin Morris,2250,2
Patrick Herbert,Ricky Lee,2250,38
Patrick Herbert,Sal Wormley,2250,41
Patrick Herbert,Seth Henigan,2250,18
Patrick Herbert,Shawn Bowman,2250,6
Patrick Herbert,Tremayne Anchrum,2250,31
Patrick Herbert,Trenton Irwin,2250,6
Patrick Herbert,Wyatt Milum,2250,10
Patrick Jenkins,Akeem Davis-Gaither,3800,1
Patrick Jenkins,Anthony Goodlow,3800,22
Patrick Jenkins,Benton Whitley,3800,35
Patrick Jenkins,Cody Simon,3800,39
Patrick Jenkins,Dadrion Taylor-Demerson,3800,1
Patrick Jenkins,Darren Hall,3800,42
Patrick Jenkins,Denzel Burke,3800,28
Patrick Jenkins,Ekow Boye-Doe,3800,30
Patrick Jenkins,Elijah Jones,3800,35
Patrick Jenkins,Elijah Simmons,3800,36
Patrick Jenkins,Elliott Brown,3800,50
Patrick Jenkins,Jammie Robinson,3800,45
Patrick Jenkins,Jaylon Jones,3800,47
Patrick Jenkins,Joey Blount,3800,19
Patrick Jenkins,Jordan Burch,3800,9
Patrick Jenkins,Kei'Trel Clark,3800,26
Patrick Jenkins,Kitan Crawford,3800,33
Patrick Jenkins,Kyon Barrs,3800,28
Patrick Jenkins,L.J. Collier,3800,3
Patrick Jenkins,Mykal Walker,3800,31
Patrick Jenkins,Owen Pappoe,3800,30
Patrick Jenkins,PJ Mustipher,3800,8
Patrick Jenkins,Steven Gilmore,3800,14
Patrick Jenkins,Vi Jones,3800,33
Patrick Jenkins,Will Johnson,3800,10
Patrick Jenkins,Xavier Thomas,3800,35
Patrick Johnson,A.J. Woods,3700,1
Patrick Johnson,Adoree' Jackson,3700,13
Patrick Johnson,Andre' Sam,3700,44
Patrick Johnson,Andrew Mukuba,3700,10
Patrick Johnson,Azeez Ojulari,3700,6
Patrick Johnson,Brandon Johnson,3700,19
Patrick Johnson,Byron Young,3700,23
Patrick Johnson,Dallas Gant,3700,9
Patrick Johnson,Eli Ricks,3700,18
Patrick Johnson,Gabe Hall,3700,40
Patrick Johnson,Jacob Sykes,3700,17
Patrick Johnson,Jakorian Bennett,3700,37
Patrick Johnson,Jeremiah Trotter Jr.,3700,34
Patrick Johnson,Jihaad Campbell,3700,15
Patrick Johnson,Joe Evans,3700,6
Patrick Johnson,Joshua Uche,3700,3
Patrick Johnson,Justin Rogers,3700,3
Patrick Johnson,Kelee Ringo,3700,15
Patrick Johnson,Lance Dixon,3700,18
Patrick Johnson,Lewis Cine,3700,1
Patrick Johnson,Mac McWilliams,3700,41
Patrick Johnson,Ochaun Mathis,3700,15
Patrick Johnson,Ogbo Okoronkwo,3700,36
Patrick Johnson,Parry Nickerson,3700,18
Patrick Johnson,Smael Mondon Jr.,3700,44
Patrick Johnson,Sydney Brown,3700,20
Patrick Johnson,Tariq Castro-Fields,3700,5
Patrick Johnson,Tristin McCollum,3700,45
Patrick Johnson,Ty Robinson,3700,44
Patrick Jones II,A'Shawn Robinson,0750,18
Patrick Jones II,Bobby Brown III,0750,2
Patrick Jones II,Chau Smith-Wade,0750,18
Patrick Jones II,Christian Rozeboom,0750,24
Patrick Jones II,Corey Thornton,0750,11
Patrick Jones II,D.J. Wonnum,0750,24
Patrick Jones II,Demani Richardson,0750,2
Patrick Jones II,Derrick Brown,0750,3
Patrick Jones II,Mike Jackson,0750,24
Patrick Jones II,Nick Scott,0750,24
Patrick Jones II,Princely Umanmielen,0750,2
Patrick Jones II,Shemar Bartholomew,0750,13
Patrick Jones II,Shy Tuttle,0750,7
Patrick Jones II,Tershawn Wharton,0750,22
Patrick Jones II,Tre'von Moehrig,0750,24
Patrick Jones II,Trevin Wallace,0750,22
Patrick Mahomes,Brashard Smith,2310,2
Patrick Mahomes,Creed Humphrey,2310,22
Patrick Mahomes,Isiah Pacheco,2310,13
Patrick Mahomes,Jason Brownlee,2310,1
Patrick Mahomes,Jawaan Taylor,2310,22
Patrick Mahomes,Josh Simmons,2310,22
Patrick Mahomes,JuJu Smith-Schuster,2310,13
Patrick Mahomes,Kareem Hunt,2310,7
Patrick Mahomes,Kingsley Suamataia,2310,22
Patrick Mahomes,Nikko Remigio,2310,1
Patrick Mahomes,Noah Gray,2310,11
Patrick Mahomes,Rashee Rice,2310,18
Patrick Mahomes,Robert Tonyan,2310,6
Patrick Mahomes,Travis Kelce,2310,15
Patrick Mahomes,Trey Smith,2310,22
Patrick Mahomes,Tyquan Thornton,2310,4
Patrick Mahomes,Xavier Worthy,2310,19
Patrick McMorris,Alex Huntley,2700,14
Patrick McMorris,Ben Stille,2700,17
Patrick McMorris,Benito Jones,2700,4
Patrick McMorris,Bradley Chubb,2700,2
Patrick McMorris,Cam Smith,2700,21
Patrick McMorris,Cameron Goode,2700,35
Patrick McMorris,Channing Tindall,2700,53
Patrick McMorris,Chop Robinson,2700,4
Patrick McMorris,Cornell Armstrong,2700,28
Patrick McMorris,Dequan Jackson,2700,23
Patrick McMorris,Derrick McLendon,2700,30
Patrick McMorris,Elijah Campbell,2700,16
Patrick McMorris,Ethan Bonner,2700,8
Patrick McMorris,Ethan Robinson,2700,3
Patrick McMorris,Eugene Asante,2700,20
Patrick McMorris,Grayson Murphy,2700,42
Patrick McMorris,Ifeatu Melifonwu,2700,17
Patrick McMorris,Isaiah Johnson,2700,34
Patrick McMorris,Jack Jones,2700,30
Patrick McMorris,Jaelan Phillips,2700,2
Patrick McMorris,Jason Marshall Jr.,2700,27
Patrick McMorris,John Saunders Jr.,2700,14
Patrick McMorris,Jordan Colbert,2700,23
Patrick McMorris,Jordan Phillips,2700,30
Patrick McMorris,K.J. Britt,2700,27
Patrick McMorris,Kendall Sheffield,2700,12
Patrick McMorris,Kenneth Grant,2700,17
Patrick McMorris,Matt Dickerson,2700,23
Patrick McMorris,Matthew Butler,2700,28
Patrick McMorris,Matthew Judon,2700,4
Patrick McMorris,Mike Hilton,2700,8
Patrick McMorris,Quinton Bell,2700,21
Patrick McMorris,Storm Duck,2700,20
Patrick McMorris,Willie Gay Jr.,2700,18
Patrick McMorris,Zeek Biggers,2700,25
Patrick Mekari,Austin Trammell,2250,21
Patrick Mekari,Bhayshul Tuten,2250,8
Patrick Mekari,Brenton Strange,2250,14
Patrick Mekari,Brian Thomas Jr.,2250,16
Patrick Mekari,Dorian Singer,2250,2
Patrick Mekari,Ezra Cleveland,2250,17
Patrick Mekari,Fred Johnson,2250,29
Patrick Mekari,Hunter Long,2250,8
Patrick Mekari,Johnny Mundt,2250,16
Patrick Mekari,Jonah Monheim,2250,12
Patrick Mekari,Joshua Cephus,2250,9
Patrick Mekari,LeQuint Allen Jr.,2250,4
Patrick Mekari,Luke Fortner,2250,12
Patrick Mekari,Nick Mullens,2250,12
Patrick Mekari,Parker Washington,2250,17
Patrick Mekari,Robert Hainsey,2250,17
Patrick Mekari,Sal Wormley,2250,7
Patrick Mekari,Tank Bigsby,2250,9
Patrick Mekari,Travis Etienne,2250,8
Patrick Mekari,Trenton Irwin,2250,13
Patrick Mekari,Trevor Lawrence,2250,17
Patrick Mekari,Walker Little,2250,17
Patrick Mekari,Wyatt Milum,2250,5
Patrick O'Connell,Anthony Campbell,4600,4
Patrick O'Connell,Boye Mafe,4600,9
Patrick O'Connell,Brandon Pili,4600,22
Patrick O'Connell,Byron Murphy II,4600,9
Patrick O'Connell,Coby Bryant,4600,9
Patrick O'Connell,Connor O'Toole,4600,22
Patrick O'Connell,D'Anthony Bell,4600,63
Patrick O'Connell,Damarion Williams,4600,39
Patrick O'Connell,Derick Hall,4600,9
Patrick O'Connell,Devon Witherspoon,4600,9
Patrick O'Connell,Drake Thomas,4600,63
Patrick O'Connell,Ernest Jones,4600,9
Patrick O'Connell,Isas Waxter,4600,4
Patrick O'Connell,J.R. Singleton,4600,26
Patrick O'Connell,Jalan Gaines,4600,4
Patrick O'Connell,Jamie Sheriff,4600,28
Patrick O'Connell,Jared Ivey,4600,36
Patrick O'Connell,Jerrick Reed II,4600,15
Patrick O'Connell,Josh Jobe,4600,23
Patrick O'Connell,Julian Love,4600,9
Patrick O'Connell,Keydrain Calligan,4600,21
Patrick O'Connell,Mike Morris,4600,24
Patrick O'Connell,Nehemiah Pritchett,4600,25
Patrick O'Connell,Nick Emmanwori,4600,19
Patrick O'Connell,Quinton Bohanna,4600,47
Patrick O'Connell,Riq Woolen,4600,9
Patrick O'Connell,Seth Coleman,4600,4
Patrick O'Connell,Shaquill Griffin,4600,23
Patrick O'Connell,Ty Okada,4600,63
Patrick O'Connell,Tyler Hall,4600,18
Patrick O'Connell,Tyreke Smith,4600,36
Patrick O'Connell,Wy'Kevious Thomas,4600,19
Patrick Paul,Aaron Brewer,2700,28
Patrick Paul,Alexander Mattison,2700,3
Patrick Paul,Daniel Brunskill,2700,7
Patrick Paul,De'Von Achane,2700,8
Patrick Paul,Dee Eskridge,2700,24
Patrick Paul,James Daniels,2700,28
Patrick Paul,Jaylen Waddle,2700,5
Patrick Paul,Jaylen Wright,2700,11
Patrick Paul,Jonah Savaiinaea,2700,35
Patrick Paul,Julian Hill,2700,17
Patrick Paul,Kion Smith,2700,7
Patrick Paul,Larry Borom,2700,35
Patrick Paul,Malik Washington,2700,17
Patrick Paul,Nick Westbrook-Ikhine,2700,32
Patrick Paul,Ollie Gordon II,2700,13
Patrick Paul,Pharaoh Brown,2700,17
Patrick Paul,Tahj Washington,2700,4
Patrick Paul,Tanner Conner,2700,20
Patrick Paul,Tarik Black,2700,4
Patrick Paul,Tua Tagovailoa,2700,28
Patrick Paul,Zach Wilson,2700,7
Patrick Queen,Chuck Clark,3900,6
Patrick Queen,Darius Slay,3900,7
Patrick Queen,DeMarvin Leal,3900,4
Patrick Queen,DeShon Elliott,3900,7
Patrick Queen,Derrick Harmon,3900,4
Patrick Queen,Eku Leota,3900,3
Patrick Queen,Isaiahh Loudermilk,3900,4
Patrick Queen,Jack Sawyer,3900,4
Patrick Queen,Jalen Ramsey,3900,7
Patrick Queen,Joey Porter Jr.,3900,7
Patrick Queen,Julius Welschof,3900,3
Patrick Queen,Keeanu Benton,3900,4
Patrick Queen,Payton Wilson,3900,7
Patrick Queen,Yahya Black,3900,3
Patrick Taylor,Austen Pleasants,4500,13
Patrick Taylor,Ben Bartch,4500,12
Patrick Taylor,Brayden Willis,4500,6
Patrick Taylor,Brock Purdy,4500,11
Patrick Taylor,Colton McKivitz,4500,11
Patrick Taylor,Connor Colby,4500,12
Patrick Taylor,Demarcus Robinson,4500,22
Patrick Taylor,Dominick Puni,4500,11
Patrick Taylor,George Kittle,4500,11
Patrick Taylor,Isaiah Hodgins,4500,2
Patrick Taylor,Jake Brendel,4500,11
Patrick Taylor,Jake Tonges,4500,6
Patrick Taylor,Jordan Watkins,4500,12
Patrick Taylor,Kyle Juszczyk,4500,6
Patrick Taylor,Luke Farrell,4500,12
Patrick Taylor,Mac Jones,4500,13
Patrick Taylor,Matt Hennessy,4500,13
Patrick Taylor,Nick Zakelj,4500,13
Patrick Taylor,Ricky Pearsall,4500,9
Patrick Taylor,Russell Gage,4500,10
Patrick Taylor,Spencer Burford,4500,24
Paulson Adebo,Abdul Carter,3410,17
Paulson Adebo,Andru Phillips,3410,14
Paulson Adebo,Bobby Okereke,3410,25
Paulson Adebo,Brian Burns,3410,20
Paulson Adebo,Cordale Flott,3410,18
Paulson Adebo,DJ Davidson,3410,4
Paulson Adebo,Dane Belton,3410,20
Paulson Adebo,Darius Muasau,3410,1
Paulson Adebo,Deonte Banks,3410,8
Paulson Adebo,Elijah Chatman,3410,13
Paulson Adebo,Elijah Garcia,3410,2
Paulson Adebo,Jevon Holland,3410,27
Paulson Adebo,Kayvon Thibodeaux,3410,20
Paulson Adebo,Korie Black,3410,1
Paulson Adebo,Micah McFadden,3410,24
Paulson Adebo,Nic Jones,3410,3
Paulson Adebo,Raheem Layne,3410,2
Paulson Adebo,Rakeem Nunez-Roches,3410,20
Paulson Adebo,Roy Robertson-Harris,3410,23
Paulson Adebo,Tyler Nubin,3410,8
Payne Durham,Ben Bredeson,4900,4
Payne Durham,Ben Scott,4900,15
Payne Durham,Benjamin Chukwuma,4900,38
Payne Durham,Bucky Irving,4900,4
Payne Durham,Cade Otton,4900,2
Payne Durham,Charlie Heck,4900,17
Payne Durham,Cody Mauch,4900,4
Payne Durham,Connor Bazelak,4900,6
Payne Durham,Dennis Houston,4900,4
Payne Durham,Devin Culp,4900,3
Payne Durham,Elijah Klein,4900,51
Payne Durham,Emeka Egbuka,4900,13
Payne Durham,Garrett Greene,4900,6
Payne Durham,Graham Barton,4900,4
Payne Durham,Jacob Harris,4900,6
Payne Durham,Jaden Smith,4900,2
Payne Durham,Jake Majors,4900,6
Payne Durham,Jalen McMillan,4900,9
Payne Durham,Josh Williams,4900,15
Payne Durham,Kameron Johnson,4900,4
Payne Durham,Ko Kieft,4900,13
Payne Durham,Kyle Trask,4900,45
Payne Durham,Luke Goedeke,4900,4
Payne Durham,Luke Haggard,4900,51
Payne Durham,Mike Jordan,4900,45
Payne Durham,Owen Wright,4900,6
Payne Durham,Rachaad White,4900,9
Payne Durham,Raiqwon O'Neal,4900,17
Payne Durham,Rakim Jarrett,4900,27
Payne Durham,Ryan Miller,4900,37
Payne Durham,Sean Tucker,4900,21
Payne Durham,Sterling Shepard,4900,4
Payne Durham,Teddy Bridgewater,4900,4
Payne Durham,Tez Johnson,4900,26
Payne Durham,Trey Palmer,4900,9
Payne Durham,Tyler McLellan,4900,19
Payton Page,Aaron Smith,3430,35
Payton Page,Braiden McGregor,3430,16
Payton Page,Dean Clark,3430,62
Payton Page,Derrick Nnadi,3430,3
Payton Page,Eric Watts,3430,34
Payton Page,Fatorma Mulbah,3430,43
Payton Page,Francisco Mauigoa,3430,20
Payton Page,Isaiah Oliver,3430,15
Payton Page,Ja'Markis Weston n,3430,22
Payton Page,Jackson Sirmon,3430,27
Payton Page,Jamin Davis,3430,7
Payton Page,Jarius Monroe,3430,41
Payton Page,Jarrick Bernard-Converse,3430,36
Payton Page,Jordan Clark,3430,38
Payton Page,Kingsley Jonathan,3430,29
Payton Page,Leonard Taylor III,3430,11
Payton Page,Malachi Moore,3430,28
Payton Page,Marcelino McCrary-Ball,3430,4
Payton Page,Mario Goodrich,3430,39
Payton Page,Michael Fletcher,3430,18
Payton Page,Phidarian Mathis,3430,6
Payton Page,Qwan'tez Stiggers,3430,8
Payton Page,Rashad Weaver,3430,4
Payton Page,Ryan Cooper Jr.,3430,10
Payton Page,Tanner McCalister,3430,39
Payton Page,Tyler Baron,3430,37
Payton Page,Zaire Barnes,3430,38
Payton Thorne,Andrew Coker,0920,15
Payton Thorne,Andrew Raym,0920,11
Payton Thorne,Andrew Stueber,0920,15
Payton Thorne,Caleb Etienne,0920,4
Payton Thorne,Cam Grandy,0920,8
Payton Thorne,Cole Burgess,0920,15
Payton Thorne,Gary Brightwell,0920,2
Payton Thorne,Jaxson Kirkland,0920,15
Payton Thorne,Jordan Moore,0920,13
Payton Thorne,Kendall Milton,0920,1
Payton Thorne,Quali Conley,0920,12
Payton Thorne,Rashod Owens,0920,15
Payton Thorne,Seth McLaughlin,0920,15
Payton Thorne,Tanner McLachlan,0920,9
Payton Turner,Alijah Clark,1200,24
Payton Turner,Andrew Booth,1200,20
Payton Turner,Bruce Harmon,1200,6
Payton Turner,Buddy Johnson,1200,28
Payton Turner,Christian Matthew,1200,5
Payton Turner,Damone Clark,1200,19
Payton Turner,Darius Harris,1200,15
Payton Turner,Denzel Daxon,1200,3
Payton Turner,Donovan Ezeiruaku,1200,23
Payton Turner,Earnest Brown IV,1200,14
Payton Turner,Israel Mukuamu,1200,25
Payton Turner,Jack Sanborn,1200,7
Payton Turner,James Houston,1200,14
Payton Turner,Jay Toia,1200,15
Payton Turner,Juanyeh Thomas,1200,13
Payton Turner,Justin Barron,1200,3
Payton Turner,Kaiir Elam,1200,5
Payton Turner,Kemon Hall,1200,23
Payton Turner,Marist Liufau,1200,17
Payton Turner,Markquese Bell,1200,13
Payton Turner,Marshawn Kneeland,1200,2
Payton Turner,Mazi Smith,1200,23
Payton Turner,Michael Ojemudia,1200,11
Payton Turner,Mike Smith Jr.,1200,31
Payton Turner,Perrion Winfrey,1200,33
Payton Turner,Robert Rochell,1200,21
Payton Turner,Sam Williams,1200,2
Payton Turner,Shemar James,1200,30
Payton Turner,Tommy Akingbesote,1200,4
Payton Turner,Troy Pride,1200,38
Payton Turner,Tyrus Wheat,1200,26
Payton Turner,Zion Childress,1200,17
Payton Wilson,Beanie Bishop Jr.,3900,10
Payton Wilson,Brandin Echols,3900,33
Payton Wilson,Chuck Clark,3900,39
Payton Wilson,Cole Holcomb,3900,27
Payton Wilson,Daniel Ekuale,3900,5
Payton Wilson,Darius Slay,3900,7
Payton Wilson,Daryl Porter,3900,16
Payton Wilson,DeMarvin Leal,3900,27
Payton Wilson,DeShon Elliott,3900,7
Payton Wilson,Derrick Harmon,3900,29
Payton Wilson,Eku Leota,3900,11
Payton Wilson,Isaiahh Loudermilk,3900,16
Payton Wilson,Jack Sawyer,3900,28
Payton Wilson,Jalen Ramsey,3900,7
Payton Wilson,James Pierre,3900,33
Payton Wilson,Joey Porter Jr.,3900,7
Payton Wilson,Juan Thornhill,3900,30
Payton Wilson,Julius Welschof,3900,11
Payton Wilson,Keeanu Benton,3900,29
Payton Wilson,Malik Harrison,3900,6
Payton Wilson,Miles Killebrew,3900,3
Payton Wilson,Nick Herbig,3900,3
Payton Wilson,Patrick Queen,3900,7
Payton Wilson,Yahya Black,3900,9
Percy Butler,Ale Kaho,5110,25
Percy Butler,Andre Jones Jr.,5110,25
Percy Butler,Ben Nikkel,5110,1
Percy Butler,Bobby Price,5110,31
Percy Butler,Car'lin Vigers,5110,48
Percy Butler,Carl Davis,5110,19
Percy Butler,Clelin Ferrell,5110,26
Percy Butler,Deatrich Wise,5110,7
Percy Butler,Dominique Hampton,5110,22
Percy Butler,Duke Riley,5110,16
Percy Butler,Eddie Goldman,5110,26
Percy Butler,Jacob Martin,5110,25
Percy Butler,Jalyn Holmes,5110,28
Percy Butler,Jer'Zhan Newton,5110,25
Percy Butler,Jeremy Reaves,5110,32
Percy Butler,Kain Medrano,5110,39
Percy Butler,Noah Igbinoghene,5110,52
Percy Butler,Norell Pollard,5110,2
Percy Butler,Sheldon Day,5110,24
Percy Butler,Trey Amos,5110,9
Percy Butler,Tyler Owens,5110,33
Percy Butler,Viliami Fehoko Jr.,5110,5
Perrion Winfrey,Alijah Clark,1200,25
Perrion Winfrey,Andrew Booth,1200,21
Perrion Winfrey,Bruce Harmon,1200,6
Perrion Winfrey,Buddy Johnson,1200,34
Perrion Winfrey,Christian Matthew,1200,15
Perrion Winfrey,Damone Clark,1200,20
Perrion Winfrey,Darius Harris,1200,34
Perrion Winfrey,Denzel Daxon,1200,14
Perrion Winfrey,Donovan Ezeiruaku,1200,30
Perrion Winfrey,Earnest Brown IV,1200,4
Perrion Winfrey,Israel Mukuamu,1200,59
Perrion Winfrey,Jack Sanborn,1200,9
Perrion Winfrey,James Houston,1200,45
Perrion Winfrey,Jay Toia,1200,9
Perrion Winfrey,Juanyeh Thomas,1200,16
Perrion Winfrey,Justin Barron,1200,32
Perrion Winfrey,Kaiir Elam,1200,9
Perrion Winfrey,Kemon Hall,1200,40
Perrion Winfrey,Marist Liufau,1200,20
Perrion Winfrey,Markquese Bell,1200,16
Perrion Winfrey,Marshawn Kneeland,1200,11
Perrion Winfrey,Mazi Smith,1200,45
Perrion Winfrey,Michael Ojemudia,1200,33
Perrion Winfrey,Mike Smith Jr.,1200,62
Perrion Winfrey,Payton Turner,1200,33
Perrion Winfrey,Robert Rochell,1200,31
Perrion Winfrey,Sam Williams,1200,9
Perrion Winfrey,Shemar James,1200,51
Perrion Winfrey,Tommy Akingbesote,1200,22
Perrion Winfrey,Troy Pride,1200,63
Perrion Winfrey,Tyrus Wheat,1200,45
Perrion Winfrey,Zion Childress,1200,27
Pete Werner,Bryan Bresee,3300,12
Pete Werner,Cameron Jordan,3300,9
Pete Werner,Carl Granderson,3300,9
Pete Werner,Chase Young,3300,8
Pete Werner,Chris Rumph II,3300,4
Pete Werner,Davon Godchaux,3300,8
Pete Werner,Demario Davis,3300,14
Pete Werner,Isaac Yiadom,3300,14
Pete Werner,Jordan Howden,3300,1
Pete Werner,Julian Blackmon,3300,14
Pete Werner,Justin Reid,3300,13
Pete Werner,Kool-Aid McKinstry,3300,14
Pete Werner,Nathan Shepherd,3300,7
Pete Werner,Ugo Amadi,3300,13
Peter Skoronski,Andrew Rupcich,2100,14
Peter Skoronski,Blake Hance,2100,26
Peter Skoronski,Bryce Oliver,2100,3
Peter Skoronski,Calvin Ridley,2100,10
Peter Skoronski,Cam Ward,2100,15
Peter Skoronski,Cameron Ward,2100,25
Peter Skoronski,Chig Okonkwo,2100,33
Peter Skoronski,Chimere Dike,2100,12
Peter Skoronski,Corey Levin,2100,40
Peter Skoronski,Dan Moore Jr.,2100,36
Peter Skoronski,David Martin-Robinson,2100,4
Peter Skoronski,Elic Ayomanor,2100,28
Peter Skoronski,Gunnar Helm,2100,19
Peter Skoronski,JC Latham,2100,25
Peter Skoronski,John Ojukwu,2100,1
Peter Skoronski,Julius Chestnut,2100,18
Peter Skoronski,Kalel Mullings,2100,9
Peter Skoronski,Olisaemeka Udoh,2100,19
Peter Skoronski,Tony Pollard,2100,11
Peter Skoronski,Tyjae Spears,2100,3
Peter Skoronski,Tyler Lockett,2100,17
Peter Skoronski,Van Jefferson,2100,32
Pharaoh Brown,A.J. Henning,2700,5
Pharaoh Brown,Aaron Brewer,2700,17
Pharaoh Brown,Addison West,2700,12
Pharaoh Brown,Alexander Mattison,2700,3
Pharaoh Brown,Andrew Armstrong,2700,11
Pharaoh Brown,Braeden Daniels,2700,21
Pharaoh Brown,Daniel Brunskill,2700,27
Pharaoh Brown,De'Von Achane,2700,2
Pharaoh Brown,Dee Eskridge,2700,23
Pharaoh Brown,Erik Ezukanma,2700,26
Pharaoh Brown,Germain Ifedi,2700,4
Pharaoh Brown,Hayden Rucci,2700,13
Pharaoh Brown,Jackson Carman,2700,27
Pharaoh Brown,Jalen McKenzie,2700,8
Pharaoh Brown,James Daniels,2700,17
Pharaoh Brown,Jaylen Waddle,2700,5
Pharaoh Brown,Jaylen Wright,2700,21
Pharaoh Brown,Jonah Savaiinaea,2700,31
Pharaoh Brown,Josh Priebe,2700,12
Pharaoh Brown,Julian Hill,2700,7
Pharaoh Brown,Kion Smith,2700,31
Pharaoh Brown,Larry Borom,2700,31
Pharaoh Brown,Malik Washington,2700,8
Pharaoh Brown,Nick Westbrook-Ikhine,2700,14
Pharaoh Brown,Ollie Gordon II,2700,30
Pharaoh Brown,Patrick Paul,2700,17
Pharaoh Brown,Quinn Ewers,2700,12
Pharaoh Brown,Ryan Hayes,2700,25
Pharaoh Brown,Tahj Washington,2700,14
Pharaoh Brown,Tanner Conner,2700,16
Pharaoh Brown,Tarik Black,2700,14
Pharaoh Brown,Theo Wease Jr.,2700,12
Pharaoh Brown,Tua Tagovailoa,2700,17
Pharaoh Brown,Zach Wilson,2700,27
Phidarian Mathis,Aaron Smith,3430,10
Phidarian Mathis,Andre Cisco,3430,6
Phidarian Mathis,Braiden McGregor,3430,19
Phidarian Mathis,Brandon Stephens,3430,6
Phidarian Mathis,Dean Clark,3430,31
Phidarian Mathis,Derrick Nnadi,3430,6
Phidarian Mathis,Eric Watts,3430,16
Phidarian Mathis,Fatorma Mulbah,3430,4
Phidarian Mathis,Francisco Mauigoa,3430,16
Phidarian Mathis,Isaiah Oliver,3430,20
Phidarian Mathis,Ja'Markis Weston n,3430,7
Phidarian Mathis,Jackson Sirmon,3430,10
Phidarian Mathis,Jamien Sherwood,3430,6
Phidarian Mathis,Jamin Davis,3430,5
Phidarian Mathis,Jarius Monroe,3430,13
Phidarian Mathis,Jarrick Bernard-Converse,3430,8
Phidarian Mathis,Jordan Clark,3430,9
Phidarian Mathis,Kingsley Jonathan,3430,3
Phidarian Mathis,Leonard Taylor III,3430,23
Phidarian Mathis,Malachi Moore,3430,23
Phidarian Mathis,Marcelino McCrary-Ball,3430,14
Phidarian Mathis,Mario Goodrich,3430,11
Phidarian Mathis,Michael Carter II,3430,3
Phidarian Mathis,Micheal Clemons,3430,5
Phidarian Mathis,Payton Page,3430,6
Phidarian Mathis,Quincy Williams,3430,6
Phidarian Mathis,Qwan'tez Stiggers,3430,15
Phidarian Mathis,Rashad Weaver,3430,16
Phidarian Mathis,Ryan Cooper Jr.,3430,23
Phidarian Mathis,Sauce Gardner,3430,2
Phidarian Mathis,Tanner McCalister,3430,11
Phidarian Mathis,Tony Adams,3430,6
Phidarian Mathis,Tyler Baron,3430,19
Phidarian Mathis,Zaire Barnes,3430,12
Phil Lutz,Alec Lindstrom,3200,15
Phil Lutz,Ben Brown,3200,5
Phil Lutz,Ben Wooldridge,3200,38
Phil Lutz,CJ Dippre,3200,10
Phil Lutz,Caedan Wallace,3200,33
Phil Lutz,Cole Fotheringham,3200,9
Phil Lutz,Cole Strange,3200,18
Phil Lutz,Demontrey Jacobs,3200,33
Phil Lutz,Gee Scott Jr.,3200,12
Phil Lutz,JaMycal Hasty,3200,19
Phil Lutz,Jack Conley,3200,17
Phil Lutz,Jack Westover,3200,15
Phil Lutz,Jaheim Bell,3200,5
Phil Lutz,Jared Wilson,3200,5
Phil Lutz,Javon Baker,3200,19
Phil Lutz,Jeremiah Webb,3200,21
Phil Lutz,John Jiles,3200,23
Phil Lutz,Marcus Bryant,3200,5
Phil Lutz,Mehki Butler,3200,10
Phil Lutz,Micah Bernard,3200,7
Phil Lutz,Shane Watts,3200,12
Phil Lutz,Sidy Sow,3200,21
Phil Lutz,Tyrese Robinson,3200,7
Phil Lutz,Vederian Lowe,3200,21
Phil Mafah,Ajani Cornelius,1200,35
Phil Mafah,Asim Richards,1200,47
Phil Mafah,Brock Hoffman,1200,51
Phil Mafah,Geron Christian,1200,33
Phil Mafah,Hakeem Adeniji,1200,7
Phil Mafah,Jalen Brooks,1200,36
Phil Mafah,Jalen Cropper,1200,17
Phil Mafah,Jalen Tolbert,1200,5
Phil Mafah,Joe Milton III,1200,39
Phil Mafah,John Stephens Jr.,1200,3
Phil Mafah,Jonathan Mingo,1200,7
Phil Mafah,Josh Kelly,1200,28
Phil Mafah,La'el Collins,1200,9
Phil Mafah,Luke Schoonmaker,1200,5
Phil Mafah,Nathan Thomas,1200,1
Phil Mafah,Nick Broeker,1200,10
Phil Mafah,Princeton Fant,1200,11
Phil Mafah,Rivaldo Fairweather,1200,28
Phil Mafah,Ryan Flournoy,1200,29
Phil Mafah,Saahdiq Charles,1200,21
Phil Mafah,TJ Bass,1200,41
Phil Mafah,Traeshon Holden,1200,17
Phil Mafah,Tyler Neville,1200,18
Phil Mafah,Will Grier,1200,12
Philip Blidi,Ali Gaye,2100,5
Philip Blidi,Amani Oruwariye,2100,9
Philip Blidi,Amari Burney,2100,4
Philip Blidi,Bradyn Swinson,3200,6
Philip Blidi,Brandon Crossley,3200,15
Philip Blidi,Cam Horsley,2100,11
Philip Blidi,Cam Riley,3200,5
Philip Blidi,Cedric Gray,2100,2
Philip Blidi,Clarence Lewis,2100,5
Philip Blidi,Curtis Jacobs,2100,5
Philip Blidi,David Gbenda,2100,9
Philip Blidi,David Olajiga,3200,3
Philip Blidi,Davion Ross,2100,4
Philip Blidi,Dell Pettus,3200,13
Philip Blidi,Desmond Evans,2100,9
Philip Blidi,Elijah Ponder,3200,14
Philip Blidi,Gabe Jeudy-Lally,2100,2
Philip Blidi,Isaiah Bolden,3200,5
Philip Blidi,Jahvaree Ritzie,3200,11
Philip Blidi,Jalen Kimber,2100,2
Philip Blidi,James Williams,2100,2
Philip Blidi,Jaylen Harrell,2100,8
Philip Blidi,Jeremiah Pharms Jr.,3200,2
Philip Blidi,Jermari Harris,2100,4
Philip Blidi,Joe Gaziano,2100,5
Philip Blidi,Jordan Polk,3200,9
Philip Blidi,Joshuah Bledsoe,2100,9
Philip Blidi,Julius Wood,2100,9
Philip Blidi,Keion White,3200,2
Philip Blidi,Kendell Brooks,2100,2
Philip Blidi,Kobee Minor,3200,12
Philip Blidi,Kyle Dugger,3200,11
Philip Blidi,Kyle Peko,3200,3
Philip Blidi,Marcus Epps,3200,12
Philip Blidi,Marcus Harris,2100,2
Philip Blidi,Marte Mapu,3200,3
Philip Blidi,Mike Brown,2100,2
Philip Blidi,Monty Rice,3200,16
Philip Blidi,R.J. Moten,3200,8
Philip Blidi,Truman Jones,3200,10
Phillip Dorsett,Aidan O'Connell,2520,34
Phillip Dorsett,Albert Okwuegbunam,2520,11
Phillip Dorsett,Alex Bachman,2520,5
Phillip Dorsett,Atonio Mafi,2520,22
Phillip Dorsett,Caleb Rogers,2520,43
Phillip Dorsett,Cam Miller,2520,24
Phillip Dorsett,Carter Runyon,2520,29
Phillip Dorsett,Charles Grant,2520,43
Phillip Dorsett,Chris Collier,2520,19
Phillip Dorsett,Collin Johnson,2520,18
Phillip Dorsett,Dalton Wagner,2520,15
Phillip Dorsett,Dylan Laube,2520,21
Phillip Dorsett,Gottlieb Ayedze,2520,28
Phillip Dorsett,Jack Bech,2520,2
Phillip Dorsett,Jackson Powers-Johnson,2520,11
Phillip Dorsett,Jarrod Hufford,2520,15
Phillip Dorsett,Jordan Meredith,2520,11
Phillip Dorsett,Justin Shorter,2520,40
Phillip Dorsett,Laki Tasi,2520,12
Phillip Dorsett,Parker Clements,2520,15
Phillip Dorsett,Qadir Ismail,2520,20
Phillip Dorsett,Raheem Mostert,2520,4
Phillip Dorsett,Shedrick Jackson,2520,49
Phillip Dorsett,Sincere McCormick,2520,11
Phillip Dorsett,Thayer Munford Jr.,2520,43
Phillip Dorsett,Will Putnam,2520,32
Phillip Dorsett,Zamir White,2520,3
Pierre Strong,Blake Whiteheart,1050,22
Pierre Strong,Brenden Bates,1050,17
Pierre Strong,Bucky Williams,1050,13
Pierre Strong,Cade McDonald,1050,11
Pierre Strong,Cedric Tillman,1050,11
Pierre Strong,Cornelius Lucas,1050,5
Pierre Strong,David Njoku,1050,3
Pierre Strong,Dawand Jones,1050,19
Pierre Strong,Dillon Gabriel,1050,29
Pierre Strong,Diontae Johnson,1050,26
Pierre Strong,Gage Larvadain,1050,22
Pierre Strong,Harold Fannin Jr.,1050,2
Pierre Strong,Isaiah Bond,1050,4
Pierre Strong,Jackson Barton,1050,34
Pierre Strong,Jamari Thrash,1050,24
Pierre Strong,Jason Ivey,1050,23
Pierre Strong,Javion Cohen,1050,13
Pierre Strong,Joe Flacco,1050,5
Pierre Strong,Kaden Davis,1050,27
Pierre Strong,Kisean Johnson,1050,6
Pierre Strong,Lorenzo Thompson,1050,13
Pierre Strong,Luke Wypler,1050,34
Pierre Strong,Mitch Van Vooren,1050,1
Pierre Strong,Sal Cannella,1050,12
Pierre Strong,Sebastian Gutierrez,1050,13
Pierre Strong,Teven Jenkins,1050,29
Pierre Strong,Tyler Huntley,1050,13
Pierre Strong,Wyatt Teller,1050,5
Pierre Strong,Zak Zinter,1050,34
Pokey Wilson,Adrian Martinez,3430,31
Pokey Wilson,Andrew Beck,3430,7
Pokey Wilson,Brady Cook,3430,21
Pokey Wilson,Carter Warren,3430,52
Pokey Wilson,Donovan Edwards,3430,30
Pokey Wilson,Dymere Miller,3430,22
Pokey Wilson,Jamaal Pritchett,3430,24
Pokey Wilson,Kohl Levao,3430,31
Pokey Wilson,Lawrance Toafili,3430,22
Pokey Wilson,Leander Wiegand,3430,21
Pokey Wilson,Liam Fornadel,3430,52
Pokey Wilson,Malachi Corley,3430,13
Pokey Wilson,Marquis Hayes,3430,52
Pokey Wilson,Neal Johnson,3430,34
Pokey Wilson,Quentin Skinner,3430,30
Pokey Wilson,Samuel Jackson,3430,52
Pokey Wilson,Stone Smartt,3430,1
Pokey Wilson,Zack Kuntz,3430,25
Pooh Paul Jr.,A.J. Green,2510,25
Pooh Paul Jr.,Bill Norton,2510,28
Pooh Paul Jr.,Brennan Jackson,2510,49
Pooh Paul Jr.,Cam Lampkin,2510,66
Pooh Paul Jr.,Charles Woods,2510,32
Pooh Paul Jr.,Da'Jon Terry,2510,20
Pooh Paul Jr.,Decarius Hawthorne,2510,21
Pooh Paul Jr.,Derion Kendrick,2510,64
Pooh Paul Jr.,Desjuan Johnson,2510,60
Pooh Paul Jr.,Elias Neal,2510,41
Pooh Paul Jr.,Jack Heflin,2510,50
Pooh Paul Jr.,Jamil Muhammad,2510,20
Pooh Paul Jr.,Josaiah Stewart,2510,18
Pooh Paul Jr.,Josh Pearcy,2510,20
Pooh Paul Jr.,Josh Wallace,2510,24
Pooh Paul Jr.,Keir Thomas,2510,21
Pooh Paul Jr.,Larrell Murchison,2510,31
Pooh Paul Jr.,Malik Dixon-Williams,2510,57
Pooh Paul Jr.,Nate Valcarcel,2510,40
Pooh Paul Jr.,Nick Hampton,2510,28
Pooh Paul Jr.,Shaun Dolac,2510,37
Pooh Paul Jr.,Shaun Jolly,2510,71
Pooh Paul Jr.,Tanner Ingle,2510,68
Pooh Paul Jr.,Tony Fields II,2510,15
Pooh Paul Jr.,Ty Hamilton,2510,34
Power Echols,Alex Cook,0810,51
Power Echols,Amen Ogbongbemiga,0810,13
Power Echols,Andrew Billings,0810,3
Power Echols,Austin Booker,0810,9
Power Echols,Carl Jones,0810,28
Power Echols,Daniel Hardy,0810,35
Power Echols,Dominique Robinson,0810,7
Power Echols,Elijah Hicks,0810,2
Power Echols,Jamree Kromah,0810,30
Power Echols,Jeremiah Walker,0810,39
Power Echols,Jonathan Ford,0810,50
Power Echols,Jonathan Owens,0810,18
Power Echols,Josh Blackwell,0810,5
Power Echols,Kaleb Hayes,0810,17
Power Echols,Major Burns,0810,2
Power Echols,Mark Perry,0810,23
Power Echols,Mekhi Garner,0810,31
Power Echols,Nick McCloud,0810,7
Power Echols,Ruben Hyppolite II,0810,17
Power Echols,Swayze Bozeman,0810,18
Power Echols,Tanoh Kpassagnon,0810,5
Power Echols,Terell Smith,0810,9
Power Echols,Tre Flowers,0810,36
Power Echols,Tysheem Johnson,0810,14
Power Echols,Xavier Carlton,0810,30
Power Echols,Zacch Pickens,0810,51
Princely Umanmielen,Akayleb Evans,0750,28
Princely Umanmielen,Bam Martin-Scott,0750,22
Princely Umanmielen,Bobby Brown III,0750,19
Princely Umanmielen,Cam Jackson,0750,6
Princely Umanmielen,Carlos Basham,0750,12
Princely Umanmielen,Chau Smith-Wade,0750,2
Princely Umanmielen,Christian Rozeboom,0750,2
Princely Umanmielen,Claudin Cherelus,0750,7
Princely Umanmielen,Corey Thornton,0750,37
Princely Umanmielen,D.J. Wonnum,0750,2
Princely Umanmielen,DJ Johnson,0750,3
Princely Umanmielen,Demani Richardson,0750,62
Princely Umanmielen,Isaac Gifford,0750,7
Princely Umanmielen,Jacoby Windmon,0750,25
Princely Umanmielen,Jaden Crumedy,0750,40
Princely Umanmielen,Jared Harrison-Hunte,0750,23
Princely Umanmielen,Jon Rhattigan,0750,27
Princely Umanmielen,Krys Barnes,0750,37
Princely Umanmielen,Lathan Ransom,0750,50
Princely Umanmielen,Mello Dotson,0750,5
Princely Umanmielen,Michael Reid,0750,26
Princely Umanmielen,Mike Jackson,0750,2
Princely Umanmielen,Nic Scourton,0750,9
Princely Umanmielen,Nick Scott,0750,23
Princely Umanmielen,Patrick Jones II,0750,2
Princely Umanmielen,Sam Roberts,0750,38
Princely Umanmielen,Shemar Bartholomew,0750,38
Princely Umanmielen,Shy Tuttle,0750,19
Princely Umanmielen,Tershawn Wharton,0750,2
Princely Umanmielen,Thomas Incoom,0750,40
Princely Umanmielen,Tre Swilling,0750,28
Princely Umanmielen,Tre'von Moehrig,0750,2
Princely Umanmielen,Trevian Thomas,0750,15
Princeton Fant,Ajani Cornelius,1200,24
Princeton Fant,Asim Richards,1200,24
Princeton Fant,Brock Hoffman,1200,36
Princeton Fant,Deuce Vaughn,1200,14
Princeton Fant,Geron Christian,1200,19
Princeton Fant,Hakeem Adeniji,1200,6
Princeton Fant,Jalen Brooks,1200,27
Princeton Fant,Jalen Cropper,1200,11
Princeton Fant,Jaydon Blue,1200,10
Princeton Fant,Joe Milton III,1200,29
Princeton Fant,John Stephens Jr.,1200,2
Princeton Fant,Jonathan Mingo,1200,3
Princeton Fant,Josh Kelly,1200,10
Princeton Fant,La'el Collins,1200,6
Princeton Fant,Malik Davis,1200,1
Princeton Fant,Nathan Thomas,1200,6
Princeton Fant,Nick Broeker,1200,24
Princeton Fant,Phil Mafah,1200,11
Princeton Fant,Rivaldo Fairweather,1200,9
Princeton Fant,Ryan Flournoy,1200,23
Princeton Fant,TJ Bass,1200,29
Princeton Fant,Traeshon Holden,1200,15
Princeton Fant,Tyler Booker,1200,6
Princeton Fant,Tyler Neville,1200,8
Princeton Fant,Will Grier,1200,7
Qadir Ismail,Aidan O'Connell,2520,24
Qadir Ismail,Alex Bachman,2520,16
Qadir Ismail,Alex Cappa,2520,2
Qadir Ismail,Atonio Mafi,2520,15
Qadir Ismail,Caleb Rogers,2520,27
Qadir Ismail,Cam Miller,2520,14
Qadir Ismail,Carter Runyon,2520,2
Qadir Ismail,Charles Grant,2520,27
Qadir Ismail,Chris Collier,2520,7
Qadir Ismail,Collin Johnson,2520,19
Qadir Ismail,Dalton Wagner,2520,11
Qadir Ismail,Dont'e Thornton Jr.,2520,3
Qadir Ismail,Dylan Laube,2520,9
Qadir Ismail,Gottlieb Ayedze,2520,14
Qadir Ismail,Jack Bech,2520,16
Qadir Ismail,Jackson Powers-Johnson,2520,10
Qadir Ismail,Jarrod Hufford,2520,11
Qadir Ismail,Jordan Meredith,2520,10
Qadir Ismail,Justin Shorter,2520,14
Qadir Ismail,Ketron Jackson Jr.,2520,4
Qadir Ismail,Laki Tasi,2520,8
Qadir Ismail,Marquez Callaway,2520,2
Qadir Ismail,Parker Clements,2520,11
Qadir Ismail,Phillip Dorsett,2520,20
Qadir Ismail,Raheem Mostert,2520,2
Qadir Ismail,Shedrick Jackson,2520,14
Qadir Ismail,Sincere McCormick,2520,15
Qadir Ismail,Thayer Munford Jr.,2520,27
Qadir Ismail,Tommy Mellott,2520,4
Qadir Ismail,Will Putnam,2520,17
Qadir Ismail,Zamir White,2520,5
Quali Conley,Andrew Coker,0920,14
Quali Conley,Andrew Raym,0920,11
Quali Conley,Andrew Stueber,0920,14
Quali Conley,Caleb Etienne,0920,3
Quali Conley,Cam Grandy,0920,8
Quali Conley,Cole Burgess,0920,14
Quali Conley,Desmond Ridder,0920,2
Quali Conley,Jaxson Kirkland,0920,14
Quali Conley,Jordan Moore,0920,12
Quali Conley,Payton Thorne,0920,12
Quali Conley,Rashod Owens,0920,14
Quali Conley,Seth McLaughlin,0920,14
Quali Conley,Tanner McLachlan,0920,8
Quan Martin,Ale Kaho,5110,2
Quan Martin,Car'lin Vigers,5110,1
Quan Martin,Daron Payne,5110,10
Quan Martin,Deatrich Wise,5110,8
Quan Martin,Dorance Armstrong,5110,5
Quan Martin,Eddie Goldman,5110,3
Quan Martin,Frankie Luvu,5110,9
Quan Martin,Jacob Martin,5110,4
Quan Martin,Jalyn Holmes,5110,5
Quan Martin,Javon Kinlaw,5110,8
Quan Martin,Jer'Zhan Newton,5110,1
Quan Martin,Jeremy Reaves,5110,1
Quan Martin,Kain Medrano,5110,11
Quan Martin,Marshon Lattimore,5110,9
Quan Martin,Mike Sainristil,5110,11
Quan Martin,Noah Igbinoghene,5110,7
Quan Martin,Tyler Owens,5110,3
Quan Martin,Will Harris,5110,11
Quandre Diggs,Ali Gaye,2100,1
Quandre Diggs,Amani Oruwariye,2100,4
Quandre Diggs,Carlos Watkins,2100,5
Quandre Diggs,Cedric Gray,2100,6
Quandre Diggs,Gabe Jeudy-Lally,2100,6
Quandre Diggs,James Lynch,2100,6
Quandre Diggs,James Williams,2100,6
Quandre Diggs,Jihad Ward,2100,6
Quandre Diggs,Marcus Harris,2100,6
Quandre Diggs,Oluwafemi Oladejo,2100,6
Quandre Diggs,Timmy Horne,2100,2
Quandre Diggs,Xavier Woods,2100,6
Quay Walker,Carrington Valentine,1800,4
Quay Walker,Colby Wooden,1800,4
Quay Walker,Edgerrin Cooper,1800,4
Quay Walker,Evan Williams,1800,4
Quay Walker,Isaiah McDuffie,1800,3
Quay Walker,Javon Bullard,1800,4
Quay Walker,Karl Brooks,1800,4
Quay Walker,Keisean Nixon,1800,4
Quay Walker,Kitan Oladapo,1800,1
Quay Walker,Lukas Van Ness,1800,4
Quay Walker,Rashan Gary,1800,4
Que Robinson,Andrew Farmer,1400,8
Que Robinson,Damarri Mathis,1400,41
Que Robinson,Delarrin Turner-Yell,1400,14
Que Robinson,Devon Key,1400,24
Que Robinson,Dondrea Tillman,1400,28
Que Robinson,Eyioma Uwazurike,1400,39
Que Robinson,Garret Wallow,1400,4
Que Robinson,Garrett Nelson,1400,8
Que Robinson,J.B. Brown,1400,2
Que Robinson,JL Skinner,1400,26
Que Robinson,Jaden Robinson,1400,18
Que Robinson,Jahdae Barron,1400,13
Que Robinson,Jonah Elliss,1400,20
Que Robinson,Jordan Jackson,1400,26
Que Robinson,Jordan Miller,1400,31
Que Robinson,Jordan Turner,1400,25
Que Robinson,Joshua Pickett,1400,12
Que Robinson,Justin Strnad,1400,11
Que Robinson,Karene Reid,1400,39
Que Robinson,Keidron Smith,1400,26
Que Robinson,Kris Abrams-Draine,1400,48
Que Robinson,Kristian Williams,1400,11
Que Robinson,Levelle Bailey,1400,39
Que Robinson,Micah Abraham,1400,12
Que Robinson,Michael Dwumfour,1400,7
Que Robinson,P.J. Locke,1400,24
Que Robinson,Quinton Newsome,1400,25
Que Robinson,Sai'vion Jones,1400,45
Que Robinson,Sam Franklin Jr.,1400,14
Quentin Johnston,Bradley Bozeman,4400,3
Quentin Johnston,Jamaree Salyer,4400,3
Quentin Johnston,Joe Alt,4400,3
Quentin Johnston,Justin Herbert,4400,3
Quentin Johnston,Keenan Allen,4400,2
Quentin Johnston,Ladd McConkey,4400,3
Quentin Johnston,Omarion Hampton,4400,3
Quentin Johnston,Scott Matlock,4400,1
Quentin Johnston,Trey Pipkins,4400,3
Quentin Johnston,Tyler Conklin,4400,1
Quentin Johnston,Will Dissly,4400,2
Quentin Johnston,Zion Johnson,4400,3
Quentin Skinner,Adrian Martinez,3430,40
Quentin Skinner,Andrew Beck,3430,14
Quentin Skinner,Arian Smith,3430,11
Quentin Skinner,Brady Cook,3430,31
Quentin Skinner,Braelon Allen,3430,2
Quentin Skinner,Brandon Smith,3430,21
Quentin Skinner,Carter Warren,3430,68
Quentin Skinner,Chukwuma Okorafor,3430,3
Quentin Skinner,Donovan Edwards,3430,43
Quentin Skinner,Dymere Miller,3430,10
Quentin Skinner,Jamaal Pritchett,3430,30
Quentin Skinner,Kene Nwangwu,3430,9
Quentin Skinner,Kohl Levao,3430,59
Quentin Skinner,Lawrance Toafili,3430,17
Quentin Skinner,Leander Wiegand,3430,12
Quentin Skinner,Liam Fornadel,3430,68
Quentin Skinner,Malachi Corley,3430,18
Quentin Skinner,Marquis Hayes,3430,70
Quentin Skinner,Max Mitchell,3430,4
Quentin Skinner,Neal Johnson,3430,27
Quentin Skinner,Pokey Wilson,3430,30
Quentin Skinner,Samuel Jackson,3430,67
Quentin Skinner,Stone Smartt,3430,16
Quentin Skinner,Xavier Newman-Johnson,3430,4
Quentin Skinner,Zack Kuntz,3430,36
Quenton Nelson,Adonai Mitchell,2200,13
Quenton Nelson,Anthony Gould,2200,10
Quenton Nelson,Blake Freeland,2200,1
Quenton Nelson,Braden Smith,2200,13
Quenton Nelson,DJ Giddens,2200,4
Quenton Nelson,Daniel Jones,2200,14
Quenton Nelson,Jalen Travis,2200,14
Quenton Nelson,Jonathan Taylor,2200,10
Quenton Nelson,Laquon Treadwell,2200,1
Quenton Nelson,Matt Goncalves,2200,14
Quenton Nelson,Michael Pittman,2200,14
Quenton Nelson,Mo Alie-Cox,2200,4
Quenton Nelson,Tanor Bortolini,2200,14
Quenton Nelson,Tyler Warren,2200,13
Quenton Nelson,Will Mallory,2200,1
Quincy Riley,Chris Rumph II,3300,62
Quincy Riley,D'Marco Jackson,3300,35
Quincy Riley,Danny Stutsman,3300,60
Quincy Riley,Elliott Davison,3300,11
Quincy Riley,Fadil Diggs,3300,66
Quincy Riley,Isaac Yiadom,3300,22
Quincy Riley,Isaiah Foskey,3300,71
Quincy Riley,Isaiah Stalbird,3300,40
Quincy Riley,Jasheen Davis,3300,14
Quincy Riley,Jayden Peevy,3300,16
Quincy Riley,Jayden Price,3300,20
Quincy Riley,Jaylan Ford,3300,41
Quincy Riley,Jeremiah Martin,3300,12
Quincy Riley,John Ridgeway,3300,24
Quincy Riley,Jonah Williams,3300,64
Quincy Riley,Jonas Sanker,3300,94
Quincy Riley,Jonathan Bullard,3300,29
Quincy Riley,Jordan Howden,3300,88
Quincy Riley,Khalen Saunders,3300,17
Quincy Riley,Khristian Boyd,3300,38
Quincy Riley,Nephi Sewell,3300,47
Quincy Riley,Omari Thomas,3300,7
Quincy Riley,Rejzohn Wright,3300,34
Quincy Riley,Rico Payton,3300,43
Quincy Riley,Terrell Burgess,3300,26
Quincy Riley,Ugo Amadi,3300,72
Quincy Riley,Vernon Broughton,3300,66
Quincy Skinner Jr.,Ben DiNucci,0200,7
Quincy Skinner Jr.,Brandon Parker,0200,19
Quincy Skinner Jr.,DJ Chark,0200,19
Quincy Skinner Jr.,Easton Stick,0200,10
Quincy Skinner Jr.,Elijah Dotson,0200,13
Quincy Skinner Jr.,Emory Jones,0200,13
Quincy Skinner Jr.,Jack Nelson,0200,13
Quincy Skinner Jr.,Jake Hanson,0200,22
Quincy Skinner Jr.,Jashaun Corbin,0200,15
Quincy Skinner Jr.,Jesse Matthews,0200,20
Quincy Skinner Jr.,Jordan Williams,0200,26
Quincy Skinner Jr.,Joshua Gray,0200,30
Quincy Skinner Jr.,Joshua Simon,0200,24
Quincy Skinner Jr.,Jovaughn Gwyn,0200,8
Quincy Skinner Jr.,Kyle Hinton,0200,2
Quincy Skinner Jr.,Matthew Cindric,0200,28
Quincy Skinner Jr.,Nate Carter,0200,2
Quincy Skinner Jr.,Nick Nash,0200,13
Quincy Skinner Jr.,Nikola Kalinic,0200,14
Quincy Skinner Jr.,Tyrone Wheatley Jr.,0200,2
Quincy Williams,Andre Cisco,3430,22
Quincy Williams,Braiden McGregor,3430,9
Quincy Williams,Brandon Stephens,3430,22
Quincy Williams,Derrick Nnadi,3430,14
Quincy Williams,Eric Watts,3430,3
Quincy Williams,Jamien Sherwood,3430,22
Quincy Williams,Jamin Davis,3430,13
Quincy Williams,Jay Tufele,3430,16
Quincy Williams,Leonard Taylor III,3430,8
Quincy Williams,Michael Carter II,3430,9
Quincy Williams,Micheal Clemons,3430,20
Quincy Williams,Phidarian Mathis,3430,6
Quincy Williams,Qwan'tez Stiggers,3430,12
Quincy Williams,Rashad Weaver,3430,1
Quincy Williams,Sauce Gardner,3430,10
Quincy Williams,Tony Adams,3430,22
Quincy Williams,Tyler Baron,3430,3
Quincy Williams,Will McDonald IV,3430,8
Quindell Johnson,Beanie Bishop Jr.,3900,8
Quindell Johnson,Breiden Fehoko,3900,24
Quindell Johnson,Cameron McCutcheon,3900,6
Quindell Johnson,Carson Bruener,3900,64
Quindell Johnson,D'Shawn Jamison,3900,58
Quindell Johnson,Daniel Ekuale,3900,15
Quindell Johnson,Daryl Porter,3900,44
Quindell Johnson,DeMarvin Leal,3900,41
Quindell Johnson,Derrick Harmon,3900,6
Quindell Johnson,Devin Harper,3900,39
Quindell Johnson,Domenique Davis,3900,30
Quindell Johnson,Eku Leota,3900,40
Quindell Johnson,Esezi Otomewo,3900,37
Quindell Johnson,Isaiahh Loudermilk,3900,11
Quindell Johnson,Jack Sawyer,3900,35
Quindell Johnson,James Pierre,3900,10
Quindell Johnson,Julius Welschof,3900,38
Quindell Johnson,Kam Alexander,3900,17
Quindell Johnson,Kenny Willekes,3900,14
Quindell Johnson,Kyler Baugh,3900,23
Quindell Johnson,Kyler McMichael,3900,57
Quindell Johnson,Logan Lee,3900,27
Quindell Johnson,Malik Harrison,3900,13
Quindell Johnson,Mark Robinson,3900,52
Quindell Johnson,Mikey Victor,3900,34
Quindell Johnson,Sebastian Castro,3900,84
Quindell Johnson,Yahya Black,3900,13
Quinn Ewers,A.J. Henning,2700,38
Quinn Ewers,Aaron Shampklin,2700,16
Quinn Ewers,Addison West,2700,72
Quinn Ewers,Alexander Mattison,2700,6
Quinn Ewers,Andrew Armstrong,2700,60
Quinn Ewers,Braeden Daniels,2700,67
Quinn Ewers,Chris Myarick,2700,40
Quinn Ewers,Erik Ezukanma,2700,2
Quinn Ewers,Hayden Rucci,2700,50
Quinn Ewers,Jackson Carman,2700,5
Quinn Ewers,Jalen McKenzie,2700,50
Quinn Ewers,Josh Priebe,2700,72
Quinn Ewers,Kion Smith,2700,46
Quinn Ewers,Mason Brooks,2700,4
Quinn Ewers,Mike Boone,2700,15
Quinn Ewers,Monaray Baldwin,2700,12
Quinn Ewers,Ollie Gordon II,2700,35
Quinn Ewers,Pharaoh Brown,2700,12
Quinn Ewers,Ryan Hayes,2700,44
Quinn Ewers,Tahj Washington,2700,1
Quinn Ewers,Tarik Black,2700,9
Quinn Ewers,Theo Wease Jr.,2700,64
Quinn Meinerz,Adam Prentice,1400,2
Quinn Meinerz,Adam Trautman,1400,19
Quinn Meinerz,Alex Palczewski,1400,1
Quinn Meinerz,Ben Powers,1400,37
Quinn Meinerz,Bo Nix,1400,37
Quinn Meinerz,Courtland Sutton,1400,35
Quinn Meinerz,Devaughn Vele,1400,8
Quinn Meinerz,Evan Engram,1400,23
Quinn Meinerz,Garett Bolles,1400,37
Quinn Meinerz,J.K. Dobbins,1400,6
Quinn Meinerz,Lucas Krull,1400,1
Quinn Meinerz,Luke Wattenberg,1400,37
Quinn Meinerz,Marvin Mims Jr.,1400,34
Quinn Meinerz,Mike McGlinchey,1400,37
Quinn Meinerz,Pat Bryant,1400,2
Quinn Meinerz,RJ Harvey,1400,22
Quinn Meinerz,Trent Sherfield,1400,3
Quinn Meinerz,Troy Franklin,1400,20
Quinn Meinerz,Tyler Badie,1400,9
Quintez Cephus,Austin Deculus,2120,64
Quintez Cephus,British Brooks,2120,15
Quintez Cephus,Conor McDermott,2120,30
Quintez Cephus,Cornell Powell,2120,25
Quintez Cephus,Dalton Keene,2120,1
Quintez Cephus,Daniel Jackson,2120,28
Quintez Cephus,Dare Ogunbowale,2120,4
Quintez Cephus,Eli Cox,2120,52
Quintez Cephus,Graham Mertz,2120,27
Quintez Cephus,Harrison Bryant,2120,20
Quintez Cephus,Irv Smith,2120,10
Quintez Cephus,J.J. Taylor,2120,9
Quintez Cephus,Jakob Johnson,2120,14
Quintez Cephus,Jarrett Patterson,2120,12
Quintez Cephus,Jawhar Jordan,2120,26
Quintez Cephus,Jaylon Thomas,2120,60
Quintez Cephus,Juice Scruggs,2120,12
Quintez Cephus,Juwann Winfree,2120,33
Quintez Cephus,Kedon Slovis,2120,37
Quintez Cephus,LaDarius Henderson,2120,56
Quintez Cephus,Luke Lachey,2120,36
Quintez Cephus,Tre' McKitty,2120,6
Quintez Cephus,Woody Marks,2120,10
Quintez Cephus,Xavier Johnson,2120,19
Quintez Cephus,Zach Thomas,2120,34
Quintin Morris,Austin Trammell,2250,15
Quintin Morris,Bhayshul Tuten,2250,2
Quintin Morris,Cam Camper,2250,10
Quintin Morris,Chandler Brayboy,2250,12
Quintin Morris,Darius Lassiter,2250,11
Quintin Morris,Dorian Singer,2250,25
Quintin Morris,Eli Pancol,2250,9
Quintin Morris,Ja'Quinden Jackson,2250,15
Quintin Morris,Javon Foster,2250,34
Quintin Morris,Jerome Carvin,2250,19
Quintin Morris,John Wolford,2250,13
Quintin Morris,Jonah Monheim,2250,17
Quintin Morris,Kevin Harris,2250,4
Quintin Morris,LeQuint Allen Jr.,2250,15
Quintin Morris,Luke Fortner,2250,2
Quintin Morris,Patrick Herbert,2250,2
Quintin Morris,Ricky Lee,2250,36
Quintin Morris,Sal Wormley,2250,36
Quintin Morris,Seth Henigan,2250,23
Quintin Morris,Shawn Bowman,2250,9
Quintin Morris,Tremayne Anchrum,2250,34
Quintin Morris,Trenton Irwin,2250,15
Quintin Morris,Wyatt Milum,2250,2
Quinton Bell,Alex Huntley,2700,10
Quinton Bell,BJ Adams,2700,6
Quinton Bell,Ben Stille,2700,7
Quinton Bell,Benito Jones,2700,6
Quinton Bell,Cam Smith,2700,5
Quinton Bell,Cameron Dantzler,2700,6
Quinton Bell,Cameron Goode,2700,1
Quinton Bell,Channing Tindall,2700,15
Quinton Bell,Cornell Armstrong,2700,11
Quinton Bell,Dante Trader Jr.,2700,5
Quinton Bell,Dequan Jackson,2700,6
Quinton Bell,Derrick McLendon,2700,19
Quinton Bell,Elijah Campbell,2700,20
Quinton Bell,Ethan Bonner,2700,14
Quinton Bell,Eugene Asante,2700,11
Quinton Bell,Grayson Murphy,2700,24
Quinton Bell,Ifeatu Melifonwu,2700,20
Quinton Bell,Isaiah Johnson,2700,11
Quinton Bell,Jack Jones,2700,13
Quinton Bell,Jason Marshall Jr.,2700,8
Quinton Bell,John Saunders Jr.,2700,6
Quinton Bell,Jordan Colbert,2700,16
Quinton Bell,Jordan Phillips,2700,9
Quinton Bell,K.J. Britt,2700,30
Quinton Bell,Kendall Sheffield,2700,11
Quinton Bell,Kenneth Grant,2700,24
Quinton Bell,Matt Dickerson,2700,12
Quinton Bell,Matthew Butler,2700,25
Quinton Bell,Mike Hilton,2700,11
Quinton Bell,Patrick McMorris,2700,21
Quinton Bell,Storm Duck,2700,22
Quinton Bell,Willie Gay Jr.,2700,25
Quinton Bell,Zeek Biggers,2700,10
Quinton Bohanna,Anthony Campbell,4600,2
Quinton Bohanna,Boye Mafe,4600,4
Quinton Bohanna,Brandon Pili,4600,23
Quinton Bohanna,Byron Murphy II,4600,4
Quinton Bohanna,Coby Bryant,4600,4
Quinton Bohanna,Connor O'Toole,4600,22
Quinton Bohanna,D'Anthony Bell,4600,58
Quinton Bohanna,D'Eryk Jackson,4600,7
Quinton Bohanna,Damarion Williams,4600,39
Quinton Bohanna,Derick Hall,4600,4
Quinton Bohanna,Devon Witherspoon,4600,4
Quinton Bohanna,Drake Thomas,4600,58
Quinton Bohanna,Ernest Jones,4600,4
Quinton Bohanna,Isas Waxter,4600,2
Quinton Bohanna,J.R. Singleton,4600,15
Quinton Bohanna,Jalan Gaines,4600,1
Quinton Bohanna,Jamie Sheriff,4600,20
Quinton Bohanna,Jared Ivey,4600,24
Quinton Bohanna,Jerrick Reed II,4600,19
Quinton Bohanna,Josh Jobe,4600,18
Quinton Bohanna,Julian Love,4600,4
Quinton Bohanna,Keydrain Calligan,4600,10
Quinton Bohanna,Mike Morris,4600,31
Quinton Bohanna,Nehemiah Pritchett,4600,34
Quinton Bohanna,Nick Emmanwori,4600,14
Quinton Bohanna,Patrick O'Connell,4600,47
Quinton Bohanna,Riq Woolen,4600,4
Quinton Bohanna,Seth Coleman,4600,1
Quinton Bohanna,Shaquill Griffin,4600,20
Quinton Bohanna,Ty Okada,4600,51
Quinton Bohanna,Tyler Hall,4600,21
Quinton Bohanna,Tyreke Smith,4600,30
Quinton Bohanna,Wy'Kevious Thomas,4600,21
Quinton Newsome,Andrew Farmer,1400,20
Quinton Newsome,Damarri Mathis,1400,24
Quinton Newsome,Delarrin Turner-Yell,1400,19
Quinton Newsome,Devon Key,1400,15
Quinton Newsome,Dondrea Tillman,1400,19
Quinton Newsome,Eyioma Uwazurike,1400,18
Quinton Newsome,Garret Wallow,1400,12
Quinton Newsome,Garrett Nelson,1400,20
Quinton Newsome,J.B. Brown,1400,12
Quinton Newsome,JL Skinner,1400,13
Quinton Newsome,Jaden Robinson,1400,23
Quinton Newsome,Jahdae Barron,1400,1
Quinton Newsome,Jonah Elliss,1400,10
Quinton Newsome,Jordan Jackson,1400,17
Quinton Newsome,Jordan Miller,1400,18
Quinton Newsome,Jordan Turner,1400,20
Quinton Newsome,Joshua Pickett,1400,8
Quinton Newsome,Karene Reid,1400,25
Quinton Newsome,Keidron Smith,1400,13
Quinton Newsome,Kris Abrams-Draine,1400,27
Quinton Newsome,Kristian Williams,1400,20
Quinton Newsome,Levelle Bailey,1400,19
Quinton Newsome,Micah Abraham,1400,5
Quinton Newsome,P.J. Locke,1400,15
Quinton Newsome,Que Robinson,1400,25
Quinton Newsome,Sai'vion Jones,1400,33
Quinton Newsome,Sam Franklin Jr.,1400,19
Qwan'tez Stiggers,Aaron Smith,3430,10
Qwan'tez Stiggers,Andre Cisco,3430,12
Qwan'tez Stiggers,Braiden McGregor,3430,23
Qwan'tez Stiggers,Brandon Stephens,3430,12
Qwan'tez Stiggers,Dean Clark,3430,16
Qwan'tez Stiggers,Derrick Nnadi,3430,28
Qwan'tez Stiggers,Eric Watts,3430,20
Qwan'tez Stiggers,Fatorma Mulbah,3430,4
Qwan'tez Stiggers,Francisco Mauigoa,3430,27
Qwan'tez Stiggers,Isaiah Oliver,3430,32
Qwan'tez Stiggers,Jackson Sirmon,3430,1
Qwan'tez Stiggers,Jamien Sherwood,3430,12
Qwan'tez Stiggers,Jamin Davis,3430,18
Qwan'tez Stiggers,Jarrick Bernard-Converse,3430,11
Qwan'tez Stiggers,Jay Tufele,3430,18
Qwan'tez Stiggers,Jordan Clark,3430,12
Qwan'tez Stiggers,Kingsley Jonathan,3430,10
Qwan'tez Stiggers,Leonard Taylor III,3430,24
Qwan'tez Stiggers,Malachi Moore,3430,29
Qwan'tez Stiggers,Marcelino McCrary-Ball,3430,18
Qwan'tez Stiggers,Mario Goodrich,3430,5
Qwan'tez Stiggers,Michael Carter II,3430,6
Qwan'tez Stiggers,Michael Fletcher,3430,3
Qwan'tez Stiggers,Micheal Clemons,3430,12
Qwan'tez Stiggers,Payton Page,3430,8
Qwan'tez Stiggers,Phidarian Mathis,3430,15
Qwan'tez Stiggers,Quincy Williams,3430,12
Qwan'tez Stiggers,Rashad Weaver,3430,13
Qwan'tez Stiggers,Ryan Cooper Jr.,3430,21
Qwan'tez Stiggers,Tanner McCalister,3430,5
Qwan'tez Stiggers,Tony Adams,3430,15
Qwan'tez Stiggers,Tyler Baron,3430,18
Qwan'tez Stiggers,Zaire Barnes,3430,20
R.J. Mickens,Benjamin St-Juste,4400,8
R.J. Mickens,Caleb Murphy,4400,82
R.J. Mickens,Cam Hart,4400,6
R.J. Mickens,Christopher Hinton,4400,73
R.J. Mickens,Da'Shawn Hand,4400,13
R.J. Mickens,Deane Leonard,4400,26
R.J. Mickens,Del'Shawn Phillips,4400,17
R.J. Mickens,Emany Johnson,4400,92
R.J. Mickens,Eric Rogers,4400,33
R.J. Mickens,Garmon Randolph,4400,59
R.J. Mickens,Harrison Hand,4400,6
R.J. Mickens,Ja'Sir Taylor,4400,115
R.J. Mickens,Jamaree Caldwell,4400,56
R.J. Mickens,Jaylen Jones,4400,3
R.J. Mickens,Jordan Oladokun,4400,19
R.J. Mickens,Josh Fuga,4400,6
R.J. Mickens,Junior Colson,4400,57
R.J. Mickens,Justin Eboigbe,4400,47
R.J. Mickens,Kana'i Mauga,4400,30
R.J. Mickens,Kendall Williamson,4400,109
R.J. Mickens,Kylan Guidry,4400,76
R.J. Mickens,Kyle Kennard,4400,25
R.J. Mickens,Marlowe Wax,4400,105
R.J. Mickens,Myles Purchase,4400,54
R.J. Mickens,Naquan Jones,4400,48
R.J. Mickens,Nehemiah Shelton,4400,2
R.J. Mickens,Nesta Jade Silvera,4400,40
R.J. Mickens,Nikko Reed,4400,82
R.J. Mickens,Otito Ogbonnia,4400,10
R.J. Mickens,Scott Matlock,4400,23
R.J. Mickens,Tarheeb Still,4400,8
R.J. Mickens,TeRah Edwards,4400,51
R.J. Mickens,Tony Jefferson,4400,41
R.J. Mickens,Tre'Mon Morris-Brash,4400,95
R.J. Mickens,Trikweze Bridges,4400,128
R.J. Mickens,Troy Dye,4400,35
R.J. Moten,Anfernee Jennings,3200,11
R.J. Moten,Bradyn Swinson,3200,26
R.J. Moten,Brandon Crossley,3200,29
R.J. Moten,Bryce Ganious,3200,8
R.J. Moten,Cam Riley,3200,13
R.J. Moten,David Olajiga,3200,16
R.J. Moten,Dell Pettus,3200,29
R.J. Moten,Elijah Ponder,3200,17
R.J. Moten,Isaiah Bolden,3200,16
R.J. Moten,Jahvaree Ritzie,3200,23
R.J. Moten,Jeremiah Pharms Jr.,3200,8
R.J. Moten,Jordan Polk,3200,21
R.J. Moten,Josh Minkins,3200,13
R.J. Moten,Kobee Minor,3200,4
R.J. Moten,Kyle Dugger,3200,14
R.J. Moten,Kyle Peko,3200,8
R.J. Moten,Marcus Epps,3200,17
R.J. Moten,Monty Rice,3200,20
R.J. Moten,Philip Blidi,3200,8
R.J. Moten,Tre Avery,3200,17
R.J. Moten,Truman Jones,3200,12
RJ Harvey,Adam Prentice,1400,2
RJ Harvey,Adam Trautman,1400,19
RJ Harvey,Alex Forsyth,1400,10
RJ Harvey,Alex Palczewski,1400,11
RJ Harvey,Ben Powers,1400,22
RJ Harvey,Bo Nix,1400,22
RJ Harvey,Caden Prieskorn,1400,1
RJ Harvey,Calvin Throckmorton,1400,10
RJ Harvey,Courtland Sutton,1400,20
RJ Harvey,Devaughn Vele,1400,7
RJ Harvey,Evan Engram,1400,17
RJ Harvey,Garett Bolles,1400,22
RJ Harvey,Jarrett Stidham,1400,10
RJ Harvey,Lucas Krull,1400,1
RJ Harvey,Luke Wattenberg,1400,22
RJ Harvey,Marvin Mims Jr.,1400,20
RJ Harvey,Matt Peart,1400,10
RJ Harvey,Mike McGlinchey,1400,22
RJ Harvey,Pat Bryant,1400,12
RJ Harvey,Quinn Meinerz,1400,22
RJ Harvey,Trent Sherfield,1400,10
RJ Harvey,Troy Franklin,1400,18
RJ Harvey,Will Sherman,1400,10
Rachaad White,Charlie Heck,4900,10
Rachaad White,Dennis Houston,4900,1
Rachaad White,Devin Culp,4900,1
Rachaad White,Elijah Klein,4900,10
Rachaad White,Emeka Egbuka,4900,10
Rachaad White,Jalen McMillan,4900,9
Rachaad White,Ko Kieft,4900,5
Rachaad White,Kyle Trask,4900,10
Rachaad White,Luke Haggard,4900,10
Rachaad White,Mike Jordan,4900,10
Rachaad White,Payne Durham,4900,9
Rachaad White,Raiqwon O'Neal,4900,10
Rachaad White,Sterling Shepard,4900,5
Raequan Williams,Ahmed Hassanein,1540,4
Raequan Williams,Al-Quadin Muhammad,1540,4
Raequan Williams,Anthony Pittman,1540,13
Raequan Williams,Avonte Maddox,1540,4
Raequan Williams,Chris Smith,1540,6
Raequan Williams,DaRon Gilbert,1540,3
Raequan Williams,Dan Jackson,1540,16
Raequan Williams,Dicaprio Bootle,1540,8
Raequan Williams,Ennis Rakestraw Jr.,1540,4
Raequan Williams,Erick Hallett,1540,3
Raequan Williams,Ezekiel Turner,1540,16
Raequan Williams,Grant Stuard,1540,4
Raequan Williams,Ian Kennelly,1540,14
Raequan Williams,Isaac Ukwu,1540,10
Raequan Williams,Keith Cooper,1540,9
Raequan Williams,Loren Strickland,1540,4
Raequan Williams,Mitchell Agude,1540,5
Raequan Williams,Morice Norris Jr.,1540,2
Raequan Williams,Myles Adams,1540,13
Raequan Williams,Nate Lynn,1540,5
Raequan Williams,Nick Whiteside,1540,8
Raequan Williams,Pat O'Connor,1540,4
Raequan Williams,Rock Ya-Sin,1540,4
Raequan Williams,Trevor Nowaske,1540,17
Raequan Williams,Tyson Russell,1540,16
Raequan Williams,Zach Cunningham,1540,4
Raheem Blackshear,Andy Dalton,0750,7
Raheem Blackshear,Brady Christensen,0750,14
Raheem Blackshear,Brandon Walton,0750,30
Raheem Blackshear,Bryce Pierre,0750,7
Raheem Blackshear,Brycen Tremayne,0750,5
Raheem Blackshear,Cade Mays,0750,9
Raheem Blackshear,Chandler Zavala,0750,10
Raheem Blackshear,David Moore,0750,24
Raheem Blackshear,Dominique Dafney,0750,7
Raheem Blackshear,Hunter Renfrow,0750,22
Raheem Blackshear,Ja'Tyre Carter,0750,10
Raheem Blackshear,Jack Plummer,0750,27
Raheem Blackshear,Jacolby George,0750,2
Raheem Blackshear,Jalen Coker,0750,9
Raheem Blackshear,James Mitchell,0750,19
Raheem Blackshear,Jarrett Kingston,0750,28
Raheem Blackshear,Jimmy Horn Jr.,0750,7
Raheem Blackshear,Kobe Hudson,0750,13
Raheem Blackshear,Luke Kandra,0750,23
Raheem Blackshear,Michael Tarquin,0750,22
Raheem Blackshear,Mitchell Evans,0750,4
Raheem Blackshear,Steven Losoya,0750,12
Raheem Blackshear,T.J. Luther,0750,10
Raheem Blackshear,Tetairoa McMillan,0750,6
Raheem Blackshear,Tyler Mabry,0750,1
Raheem Blackshear,Yosh Nijman,0750,12
Raheem Layne,Abdul Carter,3410,9
Raheem Layne,Andru Phillips,3410,8
Raheem Layne,Art Green,3410,36
Raheem Layne,Bobby Okereke,3410,4
Raheem Layne,Brian Burns,3410,2
Raheem Layne,Chauncey Golston,3410,26
Raheem Layne,Chris Board,3410,37
Raheem Layne,Cordale Flott,3410,2
Raheem Layne,Cory Durden,3410,30
Raheem Layne,DJ Davidson,3410,20
Raheem Layne,Dane Belton,3410,39
Raheem Layne,Darius Alexander,3410,35
Raheem Layne,Darius Muasau,3410,35
Raheem Layne,Dee Williams,3410,19
Raheem Layne,Deonte Banks,3410,12
Raheem Layne,Dyontae Johnson,3410,37
Raheem Layne,Elijah Chatman,3410,23
Raheem Layne,Elijah Garcia,3410,23
Raheem Layne,Jeremiah Ledbetter,3410,24
Raheem Layne,Jevon Holland,3410,2
Raheem Layne,Jordon Riley,3410,14
Raheem Layne,K.J. Cloyd,3410,28
Raheem Layne,Kayvon Thibodeaux,3410,6
Raheem Layne,Korie Black,3410,10
Raheem Layne,Makari Paige,3410,35
Raheem Layne,Micah McFadden,3410,5
Raheem Layne,Nic Jones,3410,43
Raheem Layne,O'Donnell Fortune,3410,17
Raheem Layne,Paulson Adebo,3410,2
Raheem Layne,Rakeem Nunez-Roches,3410,4
Raheem Layne,Roy Robertson-Harris,3410,4
Raheem Layne,TJ Moore,3410,50
Raheem Layne,Tomon Fox,3410,49
Raheem Layne,Trace Ford,3410,50
Raheem Mostert,Aidan O'Connell,2520,18
Raheem Mostert,Albert Okwuegbunam,2520,2
Raheem Mostert,Alex Bachman,2520,20
Raheem Mostert,Alex Cappa,2520,5
Raheem Mostert,Atonio Mafi,2520,15
Raheem Mostert,Brock Bowers,2520,1
Raheem Mostert,Caleb Rogers,2520,24
Raheem Mostert,Cam Miller,2520,6
Raheem Mostert,Carter Runyon,2520,4
Raheem Mostert,Charles Grant,2520,22
Raheem Mostert,Collin Johnson,2520,7
Raheem Mostert,DJ Glaze,2520,3
Raheem Mostert,Dont'e Thornton Jr.,2520,14
Raheem Mostert,Dylan Parham,2520,1
Raheem Mostert,Geno Smith,2520,1
Raheem Mostert,Ian Thomas,2520,14
Raheem Mostert,Jack Bech,2520,20
Raheem Mostert,Jackson Powers-Johnson,2520,5
Raheem Mostert,Jakobi Meyers,2520,1
Raheem Mostert,Jordan Meredith,2520,5
Raheem Mostert,Justin Shorter,2520,4
Raheem Mostert,Kolton Miller,2520,1
Raheem Mostert,Michael Mayer,2520,2
Raheem Mostert,Phillip Dorsett,2520,4
Raheem Mostert,Qadir Ismail,2520,2
Raheem Mostert,Shedrick Jackson,2520,4
Raheem Mostert,Thayer Munford Jr.,2520,24
Raheem Mostert,Tre Tucker,2520,1
Raheem Mostert,Will Putnam,2520,20
Raheim Sanders,Andre James,4400,11
Raheim Sanders,Branson Taylor,4400,21
Raheim Sanders,Brenden Rice,4400,31
Raheim Sanders,Corey Stewart,4400,40
Raheim Sanders,DJ Uiagalelei,4400,21
Raheim Sanders,Dalevon Campbell,4400,35
Raheim Sanders,David Sharpe,4400,32
Raheim Sanders,Derius Davis,4400,5
Raheim Sanders,JaQuae Jackson,4400,8
Raheim Sanders,Jalen Reagor,4400,4
Raheim Sanders,Jaylen Johnson,4400,7
Raheim Sanders,Josh Kaltenberger,4400,48
Raheim Sanders,Karsen Barnhart,4400,32
Raheim Sanders,KeAndre Lambert-Smith,4400,13
Raheim Sanders,Luke Grimm,4400,24
Raheim Sanders,Nash Jones,4400,45
Raheim Sanders,Oronde Gadsden II,4400,16
Raheim Sanders,Ryan Nelson,4400,41
Raheim Sanders,Scott Matlock,4400,3
Raheim Sanders,Stevo Klotz,4400,36
Raheim Sanders,Taylor Heinicke,4400,7
Raheim Sanders,Thomas Yassmin,4400,7
Raheim Sanders,Tre Harris,4400,9
Raheim Sanders,Trey Lance,4400,26
Raheim Sanders,Tucker Fisk,4400,18
Raiqwon O'Neal,Benjamin Chukwuma,4900,21
Raiqwon O'Neal,Charlie Heck,4900,10
Raiqwon O'Neal,Connor Bazelak,4900,9
Raiqwon O'Neal,Dennis Houston,4900,5
Raiqwon O'Neal,Devin Culp,4900,8
Raiqwon O'Neal,Elijah Klein,4900,31
Raiqwon O'Neal,Emeka Egbuka,4900,10
Raiqwon O'Neal,Garrett Greene,4900,8
Raiqwon O'Neal,Jacob Harris,4900,12
Raiqwon O'Neal,Jaden Smith,4900,4
Raiqwon O'Neal,Jake Majors,4900,9
Raiqwon O'Neal,Jalen McMillan,4900,9
Raiqwon O'Neal,Ko Kieft,4900,13
Raiqwon O'Neal,Kyle Trask,4900,22
Raiqwon O'Neal,Luke Haggard,4900,22
Raiqwon O'Neal,Mike Jordan,4900,31
Raiqwon O'Neal,Owen Wright,4900,11
Raiqwon O'Neal,Payne Durham,4900,17
Raiqwon O'Neal,Rachaad White,4900,10
Raiqwon O'Neal,Rakim Jarrett,4900,17
Raiqwon O'Neal,Ryan Miller,4900,14
Raiqwon O'Neal,Sean Tucker,4900,10
Raiqwon O'Neal,Sterling Shepard,4900,5
Raiqwon O'Neal,Tanner Taula,4900,2
Rakeem Nunez-Roches,Abdul Carter,3410,16
Rakeem Nunez-Roches,Andru Phillips,3410,12
Rakeem Nunez-Roches,Art Green,3410,4
Rakeem Nunez-Roches,Bobby Okereke,3410,19
Rakeem Nunez-Roches,Brian Burns,3410,14
Rakeem Nunez-Roches,Cordale Flott,3410,12
Rakeem Nunez-Roches,Dane Belton,3410,17
Rakeem Nunez-Roches,Darius Muasau,3410,5
Rakeem Nunez-Roches,Deonte Banks,3410,7
Rakeem Nunez-Roches,Elijah Chatman,3410,12
Rakeem Nunez-Roches,Jevon Holland,3410,20
Rakeem Nunez-Roches,Kayvon Thibodeaux,3410,18
Rakeem Nunez-Roches,Korie Black,3410,5
Rakeem Nunez-Roches,Micah McFadden,3410,23
Rakeem Nunez-Roches,Nic Jones,3410,3
Rakeem Nunez-Roches,Paulson Adebo,3410,20
Rakeem Nunez-Roches,Raheem Layne,3410,4
Rakeem Nunez-Roches,Roy Robertson-Harris,3410,22
Rakeem Nunez-Roches,Tyler Nubin,3410,7
Rakim Jarrett,Ben Scott,4900,53
Rakim Jarrett,Benjamin Chukwuma,4900,61
Rakim Jarrett,Charlie Heck,4900,5
Rakim Jarrett,Connor Bazelak,4900,36
Rakim Jarrett,Dennis Houston,4900,3
Rakim Jarrett,Devin Culp,4900,28
Rakim Jarrett,Elijah Klein,4900,78
Rakim Jarrett,Garrett Greene,4900,37
Rakim Jarrett,Jacob Harris,4900,25
Rakim Jarrett,Jaden Smith,4900,2
Rakim Jarrett,Jake Majors,4900,20
Rakim Jarrett,Jase McClellan,4900,9
Rakim Jarrett,Josh Williams,4900,14
Rakim Jarrett,Kameron Johnson,4900,14
Rakim Jarrett,Ko Kieft,4900,16
Rakim Jarrett,Kyle Trask,4900,44
Rakim Jarrett,Lorenz Metz,4900,16
Rakim Jarrett,Luke Haggard,4900,52
Rakim Jarrett,Mike Jordan,4900,45
Rakim Jarrett,Owen Wright,4900,22
Rakim Jarrett,Payne Durham,4900,27
Rakim Jarrett,Raiqwon O'Neal,4900,17
Rakim Jarrett,Ryan Miller,4900,48
Rakim Jarrett,Sean Tucker,4900,35
Rakim Jarrett,Sua Opeta,4900,16
Rakim Jarrett,Tanner Taula,4900,17
Rakim Jarrett,Tez Johnson,4900,21
Rakim Jarrett,Trey Palmer,4900,2
Rakim Jarrett,Tyler McLellan,4900,37
Ralph Holley,Adin Huntington,1050,43
Ralph Holley,Cameron Mitchell,1050,7
Ralph Holley,Cameron Thomas,1050,25
Ralph Holley,Charlie Thomas,1050,24
Ralph Holley,Chigozie Anusiem,1050,9
Ralph Holley,Chris Edmonds,1050,76
Ralph Holley,Christian Holmes,1050,12
Ralph Holley,Damontae Kazee,1050,10
Ralph Holley,Darius Rush,1050,18
Ralph Holley,Dom Jones,1050,27
Ralph Holley,Donovan McMillon,1050,67
Ralph Holley,Easton Mascarenas-Arnold,1050,65
Ralph Holley,Jerome Baker,1050,2
Ralph Holley,Jowon Briggs,1050,27
Ralph Holley,Julian Okwara,1050,44
Ralph Holley,KJ Henry,1050,55
Ralph Holley,Keenan Isaac,1050,42
Ralph Holley,LaMareon James,1050,19
Ralph Holley,Marvin Moody,1050,5
Ralph Holley,Myles Harden,1050,17
Ralph Holley,Nathaniel Watson,1050,49
Ralph Holley,Nik Needham,1050,44
Ralph Holley,Sam Kamara,1050,8
Ralph Holley,Titus Leo,1050,28
Ralph Holley,Tony Brown,1050,24
Ralph Holley,Winston Reid,1050,13
Rashad Weaver,Aaron Smith,3430,8
Rashad Weaver,Andre Cisco,3430,1
Rashad Weaver,Brandon Stephens,3430,1
Rashad Weaver,Dean Clark,3430,17
Rashad Weaver,Derrick Nnadi,3430,16
Rashad Weaver,Eric Watts,3430,17
Rashad Weaver,Francisco Mauigoa,3430,17
Rashad Weaver,Isaiah Oliver,3430,22
Rashad Weaver,Jackson Sirmon,3430,2
Rashad Weaver,Jamien Sherwood,3430,1
Rashad Weaver,Jamin Davis,3430,7
Rashad Weaver,Jarius Monroe,3430,3
Rashad Weaver,Jarrick Bernard-Converse,3430,8
Rashad Weaver,Jay Tufele,3430,10
Rashad Weaver,Kingsley Jonathan,3430,4
Rashad Weaver,Leonard Taylor III,3430,6
Rashad Weaver,Malachi Moore,3430,22
Rashad Weaver,Marcelino McCrary-Ball,3430,17
Rashad Weaver,Mario Goodrich,3430,1
Rashad Weaver,Michael Carter II,3430,2
Rashad Weaver,Payton Page,3430,4
Rashad Weaver,Phidarian Mathis,3430,16
Rashad Weaver,Quincy Williams,3430,1
Rashad Weaver,Qwan'tez Stiggers,3430,13
Rashad Weaver,Ryan Cooper Jr.,3430,25
Rashad Weaver,Sauce Gardner,3430,1
Rashad Weaver,Tanner McCalister,3430,1
Rashad Weaver,Tony Adams,3430,4
Rashad Weaver,Tyler Baron,3430,5
Rashad Weaver,Zaire Barnes,3430,8
Rashad Wisdom,Adam Gotsis,4900,20
Rashad Wisdom,Antonio Grier Jr.,4900,33
Rashad Wisdom,Bryce Hall,4900,44
Rashad Wisdom,C.J. Brewer,4900,33
Rashad Wisdom,Chris Braswell,4900,57
Rashad Wisdom,Christian Izien,4900,11
Rashad Wisdom,Deion Jones,4900,53
Rashad Wisdom,Dvon J-Thomas,4900,27
Rashad Wisdom,Elijah Roberts,4900,48
Rashad Wisdom,Eric Banks,4900,34
Rashad Wisdom,Greg Gaines,4900,22
Rashad Wisdom,JJ Roberts,4900,34
Rashad Wisdom,Jacob Parrish,4900,19
Rashad Wisdom,JayVian Farr,4900,22
Rashad Wisdom,John Bullock,4900,60
Rashad Wisdom,Jose Ramirez,4900,64
Rashad Wisdom,Josh Hayes,4900,3
Rashad Wisdom,Kaevon Merriweather,4900,70
Rashad Wisdom,Kindle Vildor,4900,77
Rashad Wisdom,Markees Watts,4900,78
Rashad Wisdom,Mike Greene,4900,46
Rashad Wisdom,Nash Hutmacher,4900,24
Rashad Wisdom,Nick Jackson,4900,80
Rashad Wisdom,Roman Parodie,4900,28
Rashad Wisdom,Shilo Sanders,4900,62
Rashad Wisdom,Tre Avery,4900,15
Rashad Wisdom,Tyrek Funderburk,4900,18
Rashad Wisdom,Warren Peeples,4900,27
Rashad Wisdom,Will Brooks,4900,21
Rashan Gary,Carrington Valentine,1800,12
Rashan Gary,Colby Wooden,1800,4
Rashan Gary,Devonte Wyatt,1800,8
Rashan Gary,Edgerrin Cooper,1800,12
Rashan Gary,Evan Williams,1800,12
Rashan Gary,Isaiah McDuffie,1800,11
Rashan Gary,Isaiah Simmons,1800,4
Rashan Gary,Javon Bullard,1800,12
Rashan Gary,Karl Brooks,1800,4
Rashan Gary,Keisean Nixon,1800,12
Rashan Gary,Kenny Clark,1800,8
Rashan Gary,Kitan Oladapo,1800,2
Rashan Gary,Lukas Van Ness,1800,12
Rashan Gary,Quay Walker,1800,4
Rashan Gary,Zayne Anderson,1800,3
Rashee Rice,Brashard Smith,2310,2
Rashee Rice,Creed Humphrey,2310,20
Rashee Rice,Gardner Minshew,2310,2
Rashee Rice,Isiah Pacheco,2310,11
Rashee Rice,Jared Wiley,2310,1
Rashee Rice,Jawaan Taylor,2310,18
Rashee Rice,Jaylon Moore,2310,2
Rashee Rice,Josh Simmons,2310,20
Rashee Rice,JuJu Smith-Schuster,2310,11
Rashee Rice,Kareem Hunt,2310,7
Rashee Rice,Kingsley Suamataia,2310,20
Rashee Rice,Noah Gray,2310,11
Rashee Rice,Patrick Mahomes,2310,18
Rashee Rice,Robert Tonyan,2310,4
Rashee Rice,Travis Kelce,2310,12
Rashee Rice,Trey Smith,2310,20
Rashee Rice,Tyquan Thornton,2310,2
Rashee Rice,Xavier Worthy,2310,19
Rasheed Walker,Chris Brooks,1800,6
Rasheed Walker,Donovan Jennings,1800,16
Rasheed Walker,Emanuel Wilson,1800,8
Rasheed Walker,John FitzPatrick,1800,7
Rasheed Walker,Jordan Morgan,1800,16
Rasheed Walker,Josh Jacobs,1800,2
Rasheed Walker,Luke Musgrave,1800,9
Rasheed Walker,Malik Heath,1800,10
Rasheed Walker,Malik Willis,1800,16
Rasheed Walker,Matthew Golden,1800,14
Rasheed Walker,Mecole Hardman,1800,3
Rasheed Walker,Romeo Doubs,1800,14
Rasheed Walker,Sean Rhyan,1800,16
Rasheed Walker,Tucker Kraft,1800,7
Rasheed Walker,Zach Tom,1800,16
Rasheen Ali,Andrew Vorhees,0325,13
Rasheen Ali,Anthony Miller,0325,19
Rasheen Ali,Baylor Cupp,0325,4
Rasheen Ali,Ben Cleveland,0325,35
Rasheen Ali,Carson Vinson,0325,63
Rasheen Ali,Charlie Kolar,0325,26
Rasheen Ali,Cooper Rush,0325,38
Rasheen Ali,Corey Bullock,0325,39
Rasheen Ali,Daniel Faalele,0325,13
Rasheen Ali,Darrian Dalcourt,0325,31
Rasheen Ali,Dayton Wade,0325,38
Rasheen Ali,Devin Leary,0325,38
Rasheen Ali,Devontez Walker,0325,46
Rasheen Ali,Garrett Dellinger,0325,44
Rasheen Ali,Gerad Lichtenhan,0325,38
Rasheen Ali,Jahmal Banks,0325,10
Rasheen Ali,Jared Penning,0325,16
Rasheen Ali,Joe Noteboom,0325,39
Rasheen Ali,Keith Kirkwood,0325,22
Rasheen Ali,LaJohntay Wester,0325,33
Rasheen Ali,Lucas Scott,0325,21
Rasheen Ali,Malik Cunningham,0325,8
Rasheen Ali,Nick Samac,0325,37
Rasheen Ali,Roger Rosengarten,0325,13
Rasheen Ali,Scotty Washington,0325,26
Rasheen Ali,Tylan Wallace,0325,5
Rasheen Ali,Xavier Guillory,0325,11
Rasheen Ali,Zaire Mitchell-Paden,0325,34
Rashid Shaheed,Alvin Kamara,3300,1
Rashid Shaheed,Brandin Cooks,3300,11
Rashid Shaheed,Cam Akers,3300,4
Rashid Shaheed,Cedrick Wilson Jr.,3300,11
Rashid Shaheed,Cesar Ruiz,3300,30
Rashid Shaheed,Chris Olave,3300,30
Rashid Shaheed,Clyde Edwards-Helaire,3300,4
Rashid Shaheed,Dillon Radunz,3300,30
Rashid Shaheed,Erik McCoy,3300,14
Rashid Shaheed,Jack Stoll,3300,14
Rashid Shaheed,Juwan Johnson,3300,12
Rashid Shaheed,Kelvin Banks Jr.,3300,30
Rashid Shaheed,Kendre Miller,3300,21
Rashid Shaheed,Landon Young,3300,14
Rashid Shaheed,Moliki Matavao,3300,3
Rashid Shaheed,Spencer Rattler,3300,14
Rashid Shaheed,Taliese Fuaga,3300,16
Rashid Shaheed,Torricelli Simpkins III,3300,16
Rashid Shaheed,Treyton Welch,3300,9
Rashid Shaheed,Tyler Shough,3300,16
Rashod Owens,Andrew Coker,0920,50
Rashod Owens,Andrew Raym,0920,36
Rashod Owens,Andrew Stueber,0920,50
Rashod Owens,Caleb Etienne,0920,26
Rashod Owens,Cam Grandy,0920,15
Rashod Owens,Cole Burgess,0920,37
Rashod Owens,Desmond Ridder,0920,22
Rashod Owens,Gary Brightwell,0920,19
Rashod Owens,Jake Browning,0920,13
Rashod Owens,Jalen Rivers,0920,13
Rashod Owens,Jamoi Mayes,0920,19
Rashod Owens,Jaxson Kirkland,0920,50
Rashod Owens,Jordan Moore,0920,31
Rashod Owens,Kendall Milton,0920,16
Rashod Owens,Kendric Pryor,0920,5
Rashod Owens,Payton Thorne,0920,15
Rashod Owens,Quali Conley,0920,14
Rashod Owens,Seth McLaughlin,0920,25
Rashod Owens,Tahj Brooks,0920,1
Rashod Owens,Tanner Hudson,0920,14
Rashod Owens,Tanner McLachlan,0920,29
Ray Davis,Chase Lundt,0610,17
Ray Davis,Connor McGovern,0610,6
Ray Davis,Dalton Kincaid,0610,2
Ray Davis,Dan Feeney,0610,16
Ray Davis,David Edwards,0610,6
Ray Davis,Dawson Knox,0610,5
Ray Davis,Dion Dawkins,0610,6
Ray Davis,Elijah Moore,0610,19
Ray Davis,Jackson Hawes,0610,5
Ray Davis,Jacob Bayer,0610,1
Ray Davis,Josh Palmer,0610,14
Ray Davis,KJ Hamler,0610,1
Ray Davis,Keleki Latu,0610,6
Ray Davis,Kendrick Green,0610,16
Ray Davis,Keon Coleman,0610,6
Ray Davis,Kristian Wilkerson,0610,9
Ray Davis,Mike Edwards,0610,1
Ray Davis,Mike White,0610,10
Ray Davis,Mitchell Trubisky,0610,13
Ray Davis,O'Cyrus Torrence,0610,6
Ray Davis,Reggie Gilliam,0610,1
Ray Davis,Richard Gouraige,0610,17
Ray Davis,Ryan Van Demark,0610,23
Ray Davis,Tyrell Shavers,0610,17
Ray Davis,Zach Davidson,0610,7
Raymond Johnson III,Barrett Carter,0920,26
Raymond Johnson III,Bralyn Lux,0920,96
Raymond Johnson III,Cameron Sample,0920,5
Raymond Johnson III,Craig Young,0920,51
Raymond Johnson III,D.J. Ivey,0920,53
Raymond Johnson III,Daijahn Anthony,0920,35
Raymond Johnson III,Eric Gregory,0920,52
Raymond Johnson III,Howard Cross III,0920,67
Raymond Johnson III,Isaiah Thomas,0920,95
Raymond Johnson III,Jalen Davis,0920,9
Raymond Johnson III,Jaylen Key,0920,64
Raymond Johnson III,Joe Giles-Harris,0920,40
Raymond Johnson III,Lance Robinson,0920,60
Raymond Johnson III,Maema Njongmeta,0920,67
Raymond Johnson III,Marco Wilson,0920,26
Raymond Johnson III,McKinnley Jackson,0920,65
Raymond Johnson III,McTelvin Agim,0920,32
Raymond Johnson III,Nate Brooks,0920,84
Raymond Johnson III,Oren Burks,0920,7
Raymond Johnson III,PJ Jules,0920,55
Raymond Johnson III,Shaka Heyward,0920,46
Raymond Johnson III,Shaquan Loyal,0920,46
Raymond Johnson III,Taven Bryan,0920,23
Raymond Johnson III,Tycen Anderson,0920,26
Rayshawn Jenkins,Adin Huntington,1050,2
Rayshawn Jenkins,Alex Wright,1050,6
Rayshawn Jenkins,Cameron Mitchell,1050,15
Rayshawn Jenkins,Cameron Thomas,1050,13
Rayshawn Jenkins,Carson Schwesinger,1050,9
Rayshawn Jenkins,Chigozie Anusiem,1050,5
Rayshawn Jenkins,Damontae Kazee,1050,7
Rayshawn Jenkins,Devin Bush,1050,13
Rayshawn Jenkins,Dom Jones,1050,15
Rayshawn Jenkins,Easton Mascarenas-Arnold,1050,5
Rayshawn Jenkins,Grant Delpit,1050,2
Rayshawn Jenkins,Isaiah McGuire,1050,7
Rayshawn Jenkins,Jerome Baker,1050,12
Rayshawn Jenkins,Joe Tryon-Shoyinka,1050,14
Rayshawn Jenkins,Maliek Collins,1050,2
Rayshawn Jenkins,Mason Graham,1050,7
Rayshawn Jenkins,Myles Harden,1050,13
Rayshawn Jenkins,Ronnie Hickman Jr.,1050,14
Rayshawn Jenkins,Sam Kamara,1050,18
Rayshawn Jenkins,Shelby Harris,1050,11
Rayshawn Jenkins,Tony Brown,1050,10
Rayuan Lane III,Antonio Johnson,2250,3
Rayuan Lane III,Austin Johnson,2250,2
Rayuan Lane III,Aydan White,2250,58
Rayuan Lane III,BJ Green II,2250,48
Rayuan Lane III,Branson Combs,2250,52
Rayuan Lane III,Cam'Ron Silmon-Craig,2250,77
Rayuan Lane III,Chad Muma,2250,49
Rayuan Lane III,Christian Braswell,2250,6
Rayuan Lane III,Daniel Thomas,2250,8
Rayuan Lane III,Danny Striggow,2250,44
Rayuan Lane III,Darnell Savage,2250,1
Rayuan Lane III,Dawuane Smoot,2250,1
Rayuan Lane III,Deantre Prince,2250,18
Rayuan Lane III,Dennis Gardeck,2250,6
Rayuan Lane III,Doneiko Slaughter,2250,49
Rayuan Lane III,Eli Mostaert,2250,16
Rayuan Lane III,Emmanuel Ogbah,2250,1
Rayuan Lane III,Ethan Downs,2250,34
Rayuan Lane III,Jabbar Muhammad,2250,49
Rayuan Lane III,Jack Kiser,2250,66
Rayuan Lane III,James Carpenter,2250,43
Rayuan Lane III,Jordan Jefferson,2250,34
Rayuan Lane III,Keivie Rose,2250,48
Rayuan Lane III,Keni-H Lovely,2250,38
Rayuan Lane III,Maason Smith,2250,17
Rayuan Lane III,Myles Cole,2250,40
Rayuan Lane III,Travis Hunter,2250,1
Rayuan Lane III,Tyler Lacy,2250,9
Rayuan Lane III,Yasir Abdullah,2250,22
Rayuan Lane III,Zech McPhearson,2250,10
Reddy Steward,Ambry Thomas,3000,39
Reddy Steward,Austin Keys,3000,25
Reddy Steward,Cam Gill,3000,29
Reddy Steward,Chaz Chambliss,3000,39
Reddy Steward,Dorian Mausi,3000,26
Reddy Steward,Dwight McGlothern,3000,7
Reddy Steward,Elijah Williams,3000,23
Reddy Steward,Gervarrius Owens,3000,25
Reddy Steward,Jonathan Harris,3000,17
Reddy Steward,Kahlef Hailassie,3000,20
Reddy Steward,Keenan Garber,3000,12
Reddy Steward,Kobe King,3000,23
Reddy Steward,Levi Drake Rodriguez,3000,15
Reddy Steward,Mishael Powell,3000,39
Reddy Steward,Taki Taimani,3000,5
Reddy Steward,Tavierre Thomas,3000,2
Reddy Steward,Travis Bell,3000,24
Reddy Steward,Tyler Batty,3000,8
Reddy Steward,Tyrion Ingram-Dawkins,3000,18
Reddy Steward,Zemaiah Vaughn,3000,14
Reggie Gilliam,Connor McGovern,0610,6
Reggie Gilliam,David Edwards,0610,6
Reggie Gilliam,Dawson Knox,0610,4
Reggie Gilliam,Dion Dawkins,0610,6
Reggie Gilliam,Jackson Hawes,0610,2
Reggie Gilliam,Josh Palmer,0610,6
Reggie Gilliam,Keon Coleman,0610,6
Reggie Gilliam,Mitchell Trubisky,0610,6
Reggie Gilliam,O'Cyrus Torrence,0610,6
Reggie Gilliam,Ray Davis,0610,1
Reggie Gilliam,Ryan Van Demark,0610,6
Reggie Gilliam,Ty Johnson,0610,5
Reid Holskey,Anthony Miller,0325,13
Reid Holskey,Baylor Cupp,0325,13
Reid Holskey,Carson Vinson,0325,39
Reid Holskey,D'Ernest Johnson,0325,20
Reid Holskey,Devin Leary,0325,39
Reid Holskey,Garrett Dellinger,0325,39
Reid Holskey,Gerad Lichtenhan,0325,39
Reid Holskey,Jahmal Banks,0325,36
Reid Holskey,Jared Penning,0325,39
Reid Holskey,Lucas Scott,0325,20
Reid Holskey,Malik Cunningham,0325,15
Reid Holskey,Myles Gaskin,0325,19
Reid Holskey,Scotty Washington,0325,11
Reid Holskey,Xavier Guillory,0325,24
Reid Holskey,Zaire Mitchell-Paden,0325,24
Rejzohn Wright,Chris Rumph II,3300,30
Rejzohn Wright,D'Marco Jackson,3300,22
Rejzohn Wright,Dalys Beanum,3300,47
Rejzohn Wright,Danny Stutsman,3300,16
Rejzohn Wright,Elliott Davison,3300,48
Rejzohn Wright,Fadil Diggs,3300,43
Rejzohn Wright,Isaiah Foskey,3300,42
Rejzohn Wright,Isaiah Stalbird,3300,41
Rejzohn Wright,Jasheen Davis,3300,23
Rejzohn Wright,Jayden Peevy,3300,28
Rejzohn Wright,Jayden Price,3300,33
Rejzohn Wright,Jaylan Ford,3300,49
Rejzohn Wright,Jeremiah Martin,3300,24
Rejzohn Wright,John Ridgeway,3300,13
Rejzohn Wright,Jonah Williams,3300,37
Rejzohn Wright,Jonas Sanker,3300,81
Rejzohn Wright,Jonathan Bullard,3300,10
Rejzohn Wright,Jordan Howden,3300,33
Rejzohn Wright,Khristian Boyd,3300,25
Rejzohn Wright,Nephi Sewell,3300,13
Rejzohn Wright,Omari Thomas,3300,34
Rejzohn Wright,Quincy Riley,3300,34
Rejzohn Wright,Tyreem Powell,3300,18
Rejzohn Wright,Ugo Amadi,3300,15
Rejzohn Wright,Vernon Broughton,3300,51
Renardo Green,Alfred Collins,4500,8
Renardo Green,Chazz Surratt,4500,13
Renardo Green,Dallis Flowers,4500,13
Renardo Green,Derrick Canteen,4500,7
Renardo Green,Evan Anderson,4500,7
Renardo Green,Jalen Graham,4500,13
Renardo Green,Ji'Ayir Brown,4500,13
Renardo Green,Jonathan Garvin,4500,7
Renardo Green,Jordan Elliott,4500,11
Renardo Green,Luke Gifford,4500,6
Renardo Green,Marques Sigle,4500,13
Renardo Green,Robert Beal Jr.,4500,4
Renardo Green,Sam Okuayinonu,4500,9
Renardo Green,Trevis Gipson,4500,6
Reuben Lowery,Adedayo Odeleye,0325,21
Reuben Lowery,Adisa Isaac,0325,9
Reuben Lowery,Aeneas Peebles,0325,49
Reuben Lowery,Basil Okoye,0325,52
Reuben Lowery,Beau Brade,0325,26
Reuben Lowery,Brent Urban,0325,3
Reuben Lowery,C.J. Ravenell,0325,61
Reuben Lowery,Chandler Martin,0325,60
Reuben Lowery,David Ojabo,0325,46
Reuben Lowery,Desmond Igbinosun,0325,13
Reuben Lowery,Jacob Hummel,0325,8
Reuben Lowery,Jalyn Armour-Davis,0325,33
Reuben Lowery,Jay Higgins,0325,59
Reuben Lowery,Jayson Jones,0325,39
Reuben Lowery,John Jenkins,0325,3
Reuben Lowery,Kaimon Rucker,0325,62
Reuben Lowery,Keondre Jackson,0325,50
Reuben Lowery,Keyon Martin,0325,77
Reuben Lowery,MJ Devonshire,0325,13
Reuben Lowery,Malik Hamm,0325,64
Reuben Lowery,Marquise Robinson,0325,69
Reuben Lowery,Mike Green,0325,33
Reuben Lowery,Sanoussi Kane,0325,39
Reuben Lowery,T.J. Tampa,0325,94
Reuben Lowery,Teddye Buchanan,0325,47
Reuben Lowery,Trenton Simpson,0325,31
Reuben Lowery,William Kwenkeu,0325,9
Rhamondre Stevenson,Austin Hooper,3200,6
Rhamondre Stevenson,Ben Brown,3200,7
Rhamondre Stevenson,Cole Strange,3200,2
Rhamondre Stevenson,DeMario Douglas,3200,6
Rhamondre Stevenson,Demontrey Jacobs,3200,2
Rhamondre Stevenson,Drake Maye,3200,8
Rhamondre Stevenson,Efton Chism III,3200,2
Rhamondre Stevenson,Garrett Bradbury,3200,5
Rhamondre Stevenson,Hunter Henry,3200,3
Rhamondre Stevenson,Ja'Lynn Polk,3200,2
Rhamondre Stevenson,Jack Westover,3200,3
Rhamondre Stevenson,Jared Wilson,3200,8
Rhamondre Stevenson,Joshua Dobbs,3200,2
Rhamondre Stevenson,Kayshon Boutte,3200,5
Rhamondre Stevenson,Kyle Williams,3200,5
Rhamondre Stevenson,Mack Hollins,3200,7
Rhamondre Stevenson,Marcus Bryant,3200,10
Rhamondre Stevenson,Mike Onwenu,3200,8
Rhamondre Stevenson,TreVeyon Henderson,3200,1
Rhamondre Stevenson,Will Campbell,3200,8
Richard Gouraige,Chase Lundt,0610,141
Richard Gouraige,Dan Feeney,0610,70
Richard Gouraige,Darrynton Evans,0610,14
Richard Gouraige,Deon Cain,0610,41
Richard Gouraige,Elijah Moore,0610,38
Richard Gouraige,Elijah Young,0610,33
Richard Gouraige,Frank Gore Jr.,0610,77
Richard Gouraige,Jackson Hawes,0610,32
Richard Gouraige,Jacob Bayer,0610,74
Richard Gouraige,Jalen Virgil,0610,22
Richard Gouraige,Josh Palmer,0610,8
Richard Gouraige,KJ Hamler,0610,69
Richard Gouraige,Kaden Prather,0610,10
Richard Gouraige,Keleki Latu,0610,59
Richard Gouraige,Kendrick Green,0610,67
Richard Gouraige,Kristian Wilkerson,0610,73
Richard Gouraige,Laviska Shenault Jr.,0610,39
Richard Gouraige,Matt Sokol,0610,32
Richard Gouraige,Mike Edwards,0610,101
Richard Gouraige,Mike White,0610,35
Richard Gouraige,Mitchell Trubisky,0610,25
Richard Gouraige,Ray Davis,0610,17
Richard Gouraige,Rush Reimer,0610,35
Richard Gouraige,Ryan Van Demark,0610,56
Richard Gouraige,Shane Buechele,0610,81
Richard Gouraige,Stephen Gosnell,0610,28
Richard Gouraige,Travis Clayton,0610,20
Richard Gouraige,Tyrell Shavers,0610,61
Richard Gouraige,Zach Davidson,0610,52
Ricky Barber,Ale Kaho,5110,15
Ricky Barber,Allan George,5110,20
Ricky Barber,Andre Jones Jr.,5110,45
Ricky Barber,Antonio Hamilton,5110,20
Ricky Barber,Ben Nikkel,5110,44
Ricky Barber,Bobby Price,5110,24
Ricky Barber,Car'lin Vigers,5110,40
Ricky Barber,Carl Davis,5110,7
Ricky Barber,Clelin Ferrell,5110,7
Ricky Barber,Daryl Worley,5110,22
Ricky Barber,Dominique Hampton,5110,11
Ricky Barber,Duke Riley,5110,20
Ricky Barber,Eddie Goldman,5110,5
Ricky Barber,Essang Bassey,5110,20
Ricky Barber,Jalyn Holmes,5110,15
Ricky Barber,Kain Medrano,5110,32
Ricky Barber,Kam Arnold,5110,35
Ricky Barber,Noah Igbinoghene,5110,2
Ricky Barber,Norell Pollard,5110,36
Ricky Barber,Robert McDaniel,5110,47
Ricky Barber,Sheldon Day,5110,8
Ricky Barber,T.J. Maguranyanga,5110,40
Ricky Barber,Tyler Owens,5110,5
Ricky Lee,Austin Trammell,2250,39
Ricky Lee,Bhayshul Tuten,2250,13
Ricky Lee,Cam Camper,2250,41
Ricky Lee,Chandler Brayboy,2250,39
Ricky Lee,Darius Lassiter,2250,25
Ricky Lee,Dorian Singer,2250,68
Ricky Lee,Eli Pancol,2250,16
Ricky Lee,Fred Johnson,2250,18
Ricky Lee,Hunter Long,2250,9
Ricky Lee,Ja'Quinden Jackson,2250,39
Ricky Lee,Javon Foster,2250,78
Ricky Lee,Jerome Carvin,2250,49
Ricky Lee,John Copenhaver,2250,21
Ricky Lee,John Wolford,2250,33
Ricky Lee,Jonah Monheim,2250,54
Ricky Lee,Joshua Cephus,2250,17
Ricky Lee,Kevin Harris,2250,21
Ricky Lee,LeQuint Allen Jr.,2250,30
Ricky Lee,Luke Fortner,2250,15
Ricky Lee,Nick Mullens,2250,18
Ricky Lee,Patrick Herbert,2250,38
Ricky Lee,Quintin Morris,2250,36
Ricky Lee,Sal Wormley,2250,103
Ricky Lee,Seth Henigan,2250,52
Ricky Lee,Shawn Bowman,2250,26
Ricky Lee,Tremayne Anchrum,2250,88
Ricky Lee,Trenton Irwin,2250,37
Ricky Lee,Wyatt Milum,2250,7
Ricky Pearsall,Brock Purdy,4500,9
Ricky Pearsall,Colton McKivitz,4500,9
Ricky Pearsall,Connor Colby,4500,9
Ricky Pearsall,Demarcus Robinson,4500,9
Ricky Pearsall,Dominick Puni,4500,9
Ricky Pearsall,George Kittle,4500,9
Ricky Pearsall,Jake Brendel,4500,9
Ricky Pearsall,Kyle Juszczyk,4500,4
Ricky Pearsall,Luke Farrell,4500,2
Ricky Pearsall,Patrick Taylor,4500,9
Ricky Pearsall,Russell Gage,4500,3
Ricky Pearsall,Spencer Burford,4500,9
Ricky Stromberg,Austin Reed,0810,38
Ricky Stromberg,Brittain Brown,0810,36
Ricky Stromberg,Case Keenum,0810,22
Ricky Stromberg,Chris Glaser,0810,82
Ricky Stromberg,Deion Hankins,0810,15
Ricky Stromberg,Ian Wheeler,0810,37
Ricky Stromberg,JP Richardson,0810,43
Ricky Stromberg,Jahdae Walker,0810,72
Ricky Stromberg,Joel Wilson,0810,76
Ricky Stromberg,John Jackson,0810,12
Ricky Stromberg,Jordan McFadden,0810,81
Ricky Stromberg,Joshua Miles,0810,90
Ricky Stromberg,Kiran Amegadjie,0810,55
Ricky Stromberg,Kyle Monangai,0810,1
Ricky Stromberg,Luke Newman,0810,19
Ricky Stromberg,Luther Burden III,0810,1
Ricky Stromberg,Maurice Alexander,0810,31
Ricky Stromberg,Miles Boykin,0810,5
Ricky Stromberg,Ozzy Trapilo,0810,26
Ricky Stromberg,Royce Freeman,0810,2
Ricky Stromberg,Samori Toure,0810,71
Ricky Stromberg,Stephen Carlson,0810,21
Ricky Stromberg,Theo Benedet,0810,11
Ricky Stromberg,Thomas Gordon,0810,16
Ricky Stromberg,Tyler Scott,0810,16
Ricky Stromberg,Tyson Bagent,0810,31
Ricky White III,Amari Kight,4600,22
Ricky White III,Anthony Tyus III,4600,28
Ricky White III,Brady Russell,4600,8
Ricky White III,Bryce Cabeldue,4600,56
Ricky White III,Christian Haynes,4600,3
Ricky White III,Cody White,4600,27
Ricky White III,Damien Martinez,4600,11
Ricky White III,Elijah Arroyo,4600,4
Ricky White III,Federico Maranges,4600,47
Ricky White III,Jacardia Wright,4600,20
Ricky White III,Jalen Milroe,4600,59
Ricky White III,John Rhys Plumlee,4600,12
Ricky White III,Luke Felix-Fualalo,4600,44
Ricky White III,Marshall Lang,4600,46
Ricky White III,Mason Richman,4600,56
Ricky White III,Michael Jerrell,4600,35
Ricky White III,Nick Kallerup,4600,24
Ricky White III,Sataoa Laumea,4600,32
Ricky White III,Tyrone Broden,4600,56
Rico Dowdle,Adam Thielen,0750,5
Rico Dowdle,Andy Dalton,0750,11
Rico Dowdle,Austin Corbett,0750,6
Rico Dowdle,Brady Christensen,0750,11
Rico Dowdle,Brandon Walton,0750,5
Rico Dowdle,Bryce Young,0750,6
Rico Dowdle,Brycen Tremayne,0750,1
Rico Dowdle,Cade Mays,0750,12
Rico Dowdle,Hunter Renfrow,0750,4
Rico Dowdle,Ikem Ekwonu,0750,6
Rico Dowdle,Ja'Tavion Sanders,0750,4
Rico Dowdle,Ja'Tyre Carter,0750,16
Rico Dowdle,Jalen Coker,0750,10
Rico Dowdle,James Mitchell,0750,6
Rico Dowdle,Jarrett Kingston,0750,6
Rico Dowdle,Jimmy Horn Jr.,0750,3
Rico Dowdle,Mitchell Evans,0750,11
Rico Dowdle,Robert Hunt,0750,6
Rico Dowdle,Taylor Moton,0750,6
Rico Dowdle,Tetairoa McMillan,0750,17
Rico Dowdle,Trevor Etienne,0750,1
Rico Dowdle,Xavier Legette,0750,6
Rico Dowdle,Yosh Nijman,0750,11
Rico Payton,Chris Rumph II,3300,29
Rico Payton,D'Marco Jackson,3300,12
Rico Payton,Danny Stutsman,3300,25
Rico Payton,Elliott Davison,3300,10
Rico Payton,Fadil Diggs,3300,27
Rico Payton,Isaiah Foskey,3300,27
Rico Payton,Isaiah Stalbird,3300,10
Rico Payton,Jayden Peevy,3300,9
Rico Payton,Jaylan Ford,3300,10
Rico Payton,Jeremiah Martin,3300,4
Rico Payton,John Ridgeway,3300,17
Rico Payton,Jonah Williams,3300,19
Rico Payton,Jonas Sanker,3300,30
Rico Payton,Jonathan Bullard,3300,5
Rico Payton,Jordan Howden,3300,33
Rico Payton,Khalen Saunders,3300,6
Rico Payton,Khristian Boyd,3300,11
Rico Payton,Nephi Sewell,3300,29
Rico Payton,Quincy Riley,3300,43
Rico Payton,Terrell Burgess,3300,13
Rico Payton,Ugo Amadi,3300,33
Rico Payton,Vernon Broughton,3300,27
Riley Leonard,Adonai Mitchell,2200,14
Riley Leonard,Ajou Ajou,2200,25
Riley Leonard,Andrew Ogletree,2200,11
Riley Leonard,Anthony Gould,2200,24
Riley Leonard,Blake Freeland,2200,41
Riley Leonard,Blayne Taylor,2200,44
Riley Leonard,Coleman Owen,2200,51
Riley Leonard,D.J. Montgomery,2200,24
Riley Leonard,DJ Giddens,2200,14
Riley Leonard,Dalton Tucker,2200,57
Riley Leonard,Danny Pinter,2200,32
Riley Leonard,Jalen Travis,2200,72
Riley Leonard,Jelani Woods,2200,49
Riley Leonard,Josh Sills,2200,76
Riley Leonard,Khalil Herbert,2200,23
Riley Leonard,Landon Parker,2200,14
Riley Leonard,Laquon Treadwell,2200,66
Riley Leonard,Luke Tenuta,2200,77
Riley Leonard,Marcellus Johnson,2200,5
Riley Leonard,Marshall Foerner,2200,1
Riley Leonard,Matt Goncalves,2200,14
Riley Leonard,Maximilian Mang,2200,4
Riley Leonard,Mose Vavao,2200,51
Riley Leonard,Nay'Quan Wright,2200,1
Riley Leonard,Sean McKeon,2200,10
Riley Leonard,Tyler Kahmann,2200,5
Riley Leonard,Ulysses Bentley IV,2200,58
Riley Leonard,Wesley French,2200,54
Riley Leonard,Will Mallory,2200,43
Riley Moss,Alex Singleton,1400,10
Riley Moss,Brandon Jones,1400,20
Riley Moss,D.J. Jones,1400,10
Riley Moss,Dondrea Tillman,1400,3
Riley Moss,Eyioma Uwazurike,1400,3
Riley Moss,Ja'Quan McMillian,1400,7
Riley Moss,Jahdae Barron,1400,5
Riley Moss,John Franklin-Myers,1400,9
Riley Moss,Jonah Elliss,1400,7
Riley Moss,Jonathon Cooper,1400,20
Riley Moss,Jordan Jackson,1400,3
Riley Moss,Justin Strnad,1400,18
Riley Moss,Levelle Bailey,1400,10
Riley Moss,Malcolm Roach,1400,11
Riley Moss,Nik Bonitto,1400,10
Riley Moss,Pat Surtain II,1400,20
Riley Moss,Talanoa Hufanga,1400,20
Riley Moss,Zach Allen,1400,14
Riq Woolen,Boye Mafe,4600,10
Riq Woolen,Brandon Pili,4600,3
Riq Woolen,Byron Murphy II,4600,10
Riq Woolen,Coby Bryant,4600,10
Riq Woolen,Derick Hall,4600,10
Riq Woolen,Devon Witherspoon,4600,10
Riq Woolen,Ernest Jones,4600,10
Riq Woolen,Josh Jobe,4600,4
Riq Woolen,Julian Love,4600,10
Riq Woolen,Mike Morris,4600,4
Riq Woolen,Nick Emmanwori,4600,6
Riq Woolen,Patrick O'Connell,4600,9
Riq Woolen,Quinton Bohanna,4600,4
Rivaldo Fairweather,Ajani Cornelius,1200,58
Rivaldo Fairweather,Asim Richards,1200,45
Rivaldo Fairweather,Brock Hoffman,1200,68
Rivaldo Fairweather,Deuce Vaughn,1200,18
Rivaldo Fairweather,Geron Christian,1200,42
Rivaldo Fairweather,Hakeem Adeniji,1200,4
Rivaldo Fairweather,Jalen Brooks,1200,57
Rivaldo Fairweather,Jalen Cropper,1200,20
Rivaldo Fairweather,Jalen Tolbert,1200,2
Rivaldo Fairweather,Jaydon Blue,1200,14
Rivaldo Fairweather,Joe Milton III,1200,58
Rivaldo Fairweather,Jonathan Mingo,1200,3
Rivaldo Fairweather,Josh Kelly,1200,22
Rivaldo Fairweather,La'el Collins,1200,6
Rivaldo Fairweather,Luke Schoonmaker,1200,1
Rivaldo Fairweather,Malik Davis,1200,8
Rivaldo Fairweather,Nathan Thomas,1200,1
Rivaldo Fairweather,Nick Broeker,1200,36
Rivaldo Fairweather,Phil Mafah,1200,28
Rivaldo Fairweather,Princeton Fant,1200,9
Rivaldo Fairweather,Ryan Flournoy,1200,49
Rivaldo Fairweather,Saahdiq Charles,1200,20
Rivaldo Fairweather,TJ Bass,1200,59
Rivaldo Fairweather,Traeshon Holden,1200,32
Rivaldo Fairweather,Tyler Booker,1200,1
Rivaldo Fairweather,Tyler Neville,1200,9
Rivaldo Fairweather,Will Grier,1200,10
River Cracraft,Bobby Hart,5110,8
River Cracraft,Braylon Sanders,5110,3
River Cracraft,Cole Turner,5110,2
River Cracraft,Demetric Felton,5110,1
River Cracraft,Foster Sarell,5110,8
River Cracraft,Jacoby Jones,5110,3
River Cracraft,Josh Johnson,5110,5
River Cracraft,Kazmeir Allen,5110,7
River Cracraft,Lawrence Cager,5110,6
River Cracraft,Michael Deiter,5110,3
River Cracraft,Michael Gallup,5110,5
River Cracraft,Nick Harris,5110,5
River Cracraft,Sam Hartman,5110,3
River Cracraft,Tay Martin,5110,5
River Cracraft,Timothy McKay,5110,8
River Cracraft,Tyre Phillips,5110,8
Robbie Chosen,Ameer Abdullah,4500,5
Robbie Chosen,Austen Pleasants,4500,30
Robbie Chosen,Brayden Willis,4500,54
Robbie Chosen,Carter Bradley,4500,44
Robbie Chosen,Connor Colby,4500,50
Robbie Chosen,Corey Kiner,4500,13
Robbie Chosen,Demarcus Robinson,4500,17
Robbie Chosen,Drake Nugent,4500,61
Robbie Chosen,Drew Moss,4500,61
Robbie Chosen,Isaac Alarcon,4500,61
Robbie Chosen,Isaac Guerendo,4500,13
Robbie Chosen,Isaiah Hodgins,4500,25
Robbie Chosen,Isaiah Prince,4500,61
Robbie Chosen,Jake Tonges,4500,67
Robbie Chosen,Jeff Wilson,4500,37
Robbie Chosen,Jordan Watkins,4500,5
Robbie Chosen,Junior Bergen,4500,20
Robbie Chosen,Ke'Shawn Vaughn,4500,23
Robbie Chosen,Luke Farrell,4500,20
Robbie Chosen,Mac Jones,4500,14
Robbie Chosen,Malik Turner,4500,21
Robbie Chosen,Matt Hennessy,4500,30
Robbie Chosen,Michael Dunn,4500,12
Robbie Chosen,Nick Zakelj,4500,59
Robbie Chosen,Russell Gage,4500,11
Robbie Chosen,Skyy Moore,4500,18
Robbie Chosen,Spencer Burford,4500,30
Robbie Chosen,Tanner Mordecai,4500,33
Robbie Chosen,Terique Owens,4500,15
Robbie Ouzts,AJ Barner,4600,4
Robbie Ouzts,Abraham Lucas,4600,12
Robbie Ouzts,Anthony Bradford,4600,12
Robbie Ouzts,Cody White,4600,1
Robbie Ouzts,Cooper Kupp,4600,4
Robbie Ouzts,Damien Martinez,4600,1
Robbie Ouzts,Dareke Young,4600,3
Robbie Ouzts,Drew Lock,4600,7
Robbie Ouzts,Elijah Arroyo,4600,4
Robbie Ouzts,Eric Saubert,4600,8
Robbie Ouzts,George Holani,4600,6
Robbie Ouzts,Grey Zabel,4600,12
Robbie Ouzts,Jake Bobo,4600,3
Robbie Ouzts,Jalen Milroe,4600,1
Robbie Ouzts,Jalen Sundell,4600,12
Robbie Ouzts,Jaxon Smith-Njigba,4600,4
Robbie Ouzts,Josh Jones,4600,12
Robbie Ouzts,Sam Darnold,4600,5
Robbie Ouzts,Tory Horton,4600,4
Robbie Ouzts,Zach Charbonnet,4600,5
Robert Beal Jr.,Alfred Collins,4500,34
Robert Beal Jr.,Bradlee Anae,4500,10
Robert Beal Jr.,Bruce Hector,4500,18
Robert Beal Jr.,Bryce Huff,4500,1
Robert Beal Jr.,CJ West,4500,12
Robert Beal Jr.,Chase Lucas,4500,28
Robert Beal Jr.,Chazz Surratt,4500,18
Robert Beal Jr.,Curtis Robinson,4500,4
Robert Beal Jr.,Dallis Flowers,4500,35
Robert Beal Jr.,Darrell Luter Jr.,4500,33
Robert Beal Jr.,Dee Winters,4500,3
Robert Beal Jr.,Derrick Canteen,4500,42
Robert Beal Jr.,Evan Anderson,4500,7
Robert Beal Jr.,Jakob Robinson,4500,14
Robert Beal Jr.,Jalen Graham,4500,30
Robert Beal Jr.,Jason Pinnock,4500,3
Robert Beal Jr.,Jaylen Mahoney,4500,20
Robert Beal Jr.,Jaylon Allen,4500,9
Robert Beal Jr.,Ji'Ayir Brown,4500,18
Robert Beal Jr.,Jonathan Garvin,4500,14
Robert Beal Jr.,Jordan Elliott,4500,5
Robert Beal Jr.,Luke Gifford,4500,13
Robert Beal Jr.,Marques Sigle,4500,32
Robert Beal Jr.,Michael Dwumfour,4500,7
Robert Beal Jr.,Nick Martin,4500,26
Robert Beal Jr.,Renardo Green,4500,4
Robert Beal Jr.,Sam Okuayinonu,4500,3
Robert Beal Jr.,Sebastian Valdez,4500,17
Robert Beal Jr.,Shakel Brown,4500,4
Robert Beal Jr.,Siran Neal,4500,8
Robert Beal Jr.,Stone Blanton,4500,10
Robert Beal Jr.,Tatum Bethune,4500,16
Robert Beal Jr.,Tre Brown,4500,7
Robert Beal Jr.,Trevis Gipson,4500,15
Robert Hainsey,Anton Harrison,2250,11
Robert Hainsey,Austin Trammell,2250,10
Robert Hainsey,Brenton Strange,2250,23
Robert Hainsey,Brian Thomas Jr.,2250,27
Robert Hainsey,Chuma Edoga,2250,11
Robert Hainsey,Dyami Brown,2250,9
Robert Hainsey,Ezra Cleveland,2250,28
Robert Hainsey,Fred Johnson,2250,17
Robert Hainsey,Hunter Long,2250,4
Robert Hainsey,Johnny Mundt,2250,9
Robert Hainsey,Parker Washington,2250,19
Robert Hainsey,Patrick Mekari,2250,17
Robert Hainsey,Tank Bigsby,2250,9
Robert Hainsey,Travis Etienne,2250,19
Robert Hainsey,Travis Hunter,2250,10
Robert Hainsey,Trenton Irwin,2250,1
Robert Hainsey,Trevor Lawrence,2250,28
Robert Hainsey,Walker Little,2250,28
Robert Hunt,Adam Thielen,0750,12
Robert Hunt,Austin Corbett,0750,16
Robert Hunt,Bryce Young,0750,16
Robert Hunt,Brycen Tremayne,0750,2
Robert Hunt,Cade Mays,0750,5
Robert Hunt,Chuba Hubbard,0750,10
Robert Hunt,David Moore,0750,1
Robert Hunt,Ikem Ekwonu,0750,16
Robert Hunt,Ja'Tavion Sanders,0750,12
Robert Hunt,Ja'Tyre Carter,0750,11
Robert Hunt,Jalen Coker,0750,6
Robert Hunt,Mitchell Evans,0750,8
Robert Hunt,Rico Dowdle,0750,6
Robert Hunt,Taylor Moton,0750,16
Robert Hunt,Tetairoa McMillan,0750,15
Robert Hunt,Xavier Legette,0750,8
Robert Lewis,Ben Yurosek,3000,4
Robert Lewis,Brett Rypien,3000,4
Robert Lewis,Bryson Nesbit,3000,5
Robert Lewis,Dontae Fleming,3000,15
Robert Lewis,Giovanni Ricci,3000,4
Robert Lewis,Joe Huber,3000,15
Robert Lewis,Logan Brown,3000,15
Robert Lewis,Max Brosmer,3000,11
Robert Lewis,Michael Gonzalez,3000,15
Robert Lewis,Myles Price,3000,11
Robert Lewis,Nick Vannett,3000,6
Robert Lewis,Tre Stewart,3000,4
Robert Lewis,Vershon Lee,3000,15
Robert Lewis,Xazavian Valladay,3000,11
Robert Lewis,Zack Bailey,3000,15
Robert McDaniel,Ale Kaho,5110,39
Robert McDaniel,Allan George,5110,28
Robert McDaniel,Andre Jones Jr.,5110,80
Robert McDaniel,Antonio Hamilton,5110,54
Robert McDaniel,Ben Nikkel,5110,78
Robert McDaniel,Bobby Price,5110,31
Robert McDaniel,Car'lin Vigers,5110,75
Robert McDaniel,Carl Davis,5110,29
Robert McDaniel,Clelin Ferrell,5110,35
Robert McDaniel,Daryl Worley,5110,52
Robert McDaniel,Dominique Hampton,5110,15
Robert McDaniel,Duke Riley,5110,40
Robert McDaniel,Eddie Goldman,5110,27
Robert McDaniel,Essang Bassey,5110,33
Robert McDaniel,Jalyn Holmes,5110,45
Robert McDaniel,Javontae Jean-Baptiste,5110,7
Robert McDaniel,Jer'Zhan Newton,5110,18
Robert McDaniel,Jordan Magee,5110,14
Robert McDaniel,Kain Medrano,5110,65
Robert McDaniel,Kam Arnold,5110,48
Robert McDaniel,Kevon Seymour,5110,2
Robert McDaniel,Noah Igbinoghene,5110,33
Robert McDaniel,Norell Pollard,5110,53
Robert McDaniel,Ricky Barber,5110,47
Robert McDaniel,Sheldon Day,5110,44
Robert McDaniel,T.J. Maguranyanga,5110,48
Robert McDaniel,Trey Amos,5110,14
Robert McDaniel,Tyler Owens,5110,10
Robert McDaniel,Viliami Fehoko Jr.,5110,6
Robert Rochell,Alijah Clark,1200,19
Robert Rochell,Andrew Booth,1200,6
Robert Rochell,Buddy Johnson,1200,25
Robert Rochell,Damone Clark,1200,6
Robert Rochell,Darius Harris,1200,18
Robert Rochell,Denzel Daxon,1200,9
Robert Rochell,Donovan Ezeiruaku,1200,3
Robert Rochell,Earnest Brown IV,1200,3
Robert Rochell,Israel Mukuamu,1200,24
Robert Rochell,James Houston,1200,25
Robert Rochell,Jay Toia,1200,12
Robert Rochell,Juanyeh Thomas,1200,6
Robert Rochell,Justin Barron,1200,13
Robert Rochell,Kemon Hall,1200,19
Robert Rochell,Marist Liufau,1200,6
Robert Rochell,Markquese Bell,1200,6
Robert Rochell,Mazi Smith,1200,15
Robert Rochell,Michael Ojemudia,1200,19
Robert Rochell,Mike Smith Jr.,1200,31
Robert Rochell,Payton Turner,1200,21
Robert Rochell,Perrion Winfrey,1200,31
Robert Rochell,Shemar James,1200,28
Robert Rochell,Tommy Akingbesote,1200,17
Robert Rochell,Troy Pride,1200,18
Robert Rochell,Tyrus Wheat,1200,36
Robert Rochell,Zion Childress,1200,14
Robert Spillane,Alex Austin,3200,15
Robert Spillane,Carlton Davis III,3200,6
Robert Spillane,Christian Elliss,3200,23
Robert Spillane,Craig Woodson,3200,7
Robert Spillane,DJ James,3200,13
Robert Spillane,Harold Landry III,3200,6
Robert Spillane,Isaiah Iton,3200,5
Robert Spillane,Jabrill Peppers,3200,15
Robert Spillane,Jaylinn Hawkins,3200,22
Robert Spillane,Jeremiah Pharms Jr.,3200,4
Robert Spillane,Joshua Farmer,3200,5
Robert Spillane,K'Lavon Chaisson,3200,1
Robert Spillane,Keion White,3200,23
Robert Spillane,Khyiris Tonga,3200,19
Robert Spillane,Kyle Dugger,3200,17
Robert Spillane,Marcus Jones,3200,21
Robert Spillane,Miles Battle,3200,1
Robert Spillane,Milton Williams,3200,19
Robert Spillane,Truman Jones,3200,18
Robert Tonyan,Bailey Zappe,2310,18
Robert Tonyan,Brashard Smith,2310,13
Robert Tonyan,C.J. Hanson,2310,44
Robert Tonyan,Carson Steele,2310,21
Robert Tonyan,Chris Oladokun,2310,8
Robert Tonyan,Chukwuebuka Godrick,2310,24
Robert Tonyan,Creed Humphrey,2310,10
Robert Tonyan,Dalton Cooper,2310,1
Robert Tonyan,Elijah Mitchell,2310,16
Robert Tonyan,Esa Pole,2310,16
Robert Tonyan,Gardner Minshew,2310,22
Robert Tonyan,Geor'Quarius Spivey,2310,5
Robert Tonyan,Hunter Nourzad,2310,43
Robert Tonyan,Isiah Pacheco,2310,5
Robert Tonyan,Jalen Royals,2310,17
Robert Tonyan,Jared Wiley,2310,16
Robert Tonyan,Jason Brownlee,2310,24
Robert Tonyan,Jawaan Taylor,2310,6
Robert Tonyan,Jaylon Moore,2310,14
Robert Tonyan,Jimmy Holiday,2310,9
Robert Tonyan,Joey Lombard,2310,1
Robert Tonyan,Josh Simmons,2310,10
Robert Tonyan,JuJu Smith-Schuster,2310,2
Robert Tonyan,Kareem Hunt,2310,2
Robert Tonyan,Kingsley Suamataia,2310,10
Robert Tonyan,Mac Dalena,2310,7
Robert Tonyan,Mike Caliendo,2310,43
Robert Tonyan,Nikko Remigio,2310,24
Robert Tonyan,Noah Gray,2310,9
Robert Tonyan,Patrick Mahomes,2310,6
Robert Tonyan,Rashee Rice,2310,4
Robert Tonyan,Skyy Moore,2310,28
Robert Tonyan,Travis Kelce,2310,2
Robert Tonyan,Tre Watson,2310,4
Robert Tonyan,Trey Smith,2310,10
Robert Tonyan,Tyquan Thornton,2310,4
Robert Tonyan,Wanya Morris,2310,38
Robert Tonyan,Xavier Worthy,2310,4
Robert Woods,Aiden Williams,3900,18
Robert Woods,Andrus Peat,3900,31
Robert Woods,Ben Skowronek,3900,1
Robert Woods,Brandon Johnson,3900,14
Robert Woods,Broderick Jones,3900,10
Robert Woods,Connor Heyward,3900,17
Robert Woods,Darnell Washington,3900,9
Robert Woods,Doug Nester,3900,41
Robert Woods,Dylan Cook,3900,48
Robert Woods,Evan Hull,3900,6
Robert Woods,Gareth Warren,3900,5
Robert Woods,JJ Galbreath,3900,42
Robert Woods,Jaylen Warren,3900,2
Robert Woods,Julian Pearl,3900,3
Robert Woods,Kaleb Johnson,3900,34
Robert Woods,Ke'Shawn Williams,3900,3
Robert Woods,Kenneth Gainwell,3900,3
Robert Woods,Kevin Foelsch,3900,14
Robert Woods,Lance McCutcheon,3900,39
Robert Woods,Lew Nichols III,3900,4
Robert Woods,Logan Woodside,3900,6
Robert Woods,Mason McCormick,3900,10
Robert Woods,Mason Rudolph,3900,10
Robert Woods,Max Hurleman,3900,29
Robert Woods,Max Scharping,3900,53
Robert Woods,Pat Freiermuth,3900,3
Robert Woods,Roc Taylor,3900,5
Robert Woods,Ryan McCollum,3900,15
Robert Woods,Scott Miller,3900,13
Robert Woods,Skylar Thompson,3900,47
Robert Woods,Spencer Anderson,3900,10
Robert Woods,Steven Jones,3900,51
Robert Woods,Trey Sermon,3900,14
Robert Woods,Troy Fautanu,3900,10
Robert Woods,Zach Frazier,3900,10
Roc Taylor,Aiden Williams,3900,24
Roc Taylor,Andrus Peat,3900,18
Roc Taylor,Connor Heyward,3900,8
Roc Taylor,Doug Nester,3900,37
Roc Taylor,Dylan Cook,3900,19
Roc Taylor,Evan Hull,3900,12
Roc Taylor,Gareth Warren,3900,29
Roc Taylor,JJ Galbreath,3900,35
Roc Taylor,Ke'Shawn Williams,3900,29
Roc Taylor,Kevin Foelsch,3900,5
Roc Taylor,Lance McCutcheon,3900,3
Roc Taylor,Lew Nichols III,3900,15
Roc Taylor,Logan Woodside,3900,13
Roc Taylor,Max Hurleman,3900,25
Roc Taylor,Max Scharping,3900,37
Roc Taylor,Robert Woods,3900,5
Roc Taylor,Skylar Thompson,3900,24
Roc Taylor,Steven Jones,3900,22
Roc Taylor,Trey Sermon,3900,10
Rock Ya-Sin,Ahmed Hassanein,1540,22
Rock Ya-Sin,Al-Quadin Muhammad,1540,67
Rock Ya-Sin,Allan George,1540,26
Rock Ya-Sin,Anthony Pittman,1540,8
Rock Ya-Sin,Avonte Maddox,1540,75
Rock Ya-Sin,Brodric Martin,1540,19
Rock Ya-Sin,Chris Smith,1540,58
Rock Ya-Sin,D.J. Miller,1540,23
Rock Ya-Sin,Dicaprio Bootle,1540,19
Rock Ya-Sin,Ennis Rakestraw Jr.,1540,15
Rock Ya-Sin,Erick Hallett,1540,74
Rock Ya-Sin,Ezekiel Turner,1540,14
Rock Ya-Sin,Grant Stuard,1540,87
Rock Ya-Sin,Ian Kennelly,1540,54
Rock Ya-Sin,Isaac Ukwu,1540,27
Rock Ya-Sin,Keith Cooper,1540,43
Rock Ya-Sin,Loren Strickland,1540,15
Rock Ya-Sin,Luq Barcoo,1540,3
Rock Ya-Sin,Mitchell Agude,1540,20
Rock Ya-Sin,Myles Adams,1540,52
Rock Ya-Sin,Nate Lynn,1540,36
Rock Ya-Sin,Nick Whiteside,1540,41
Rock Ya-Sin,Pat O'Connor,1540,42
Rock Ya-Sin,Raequan Williams,1540,4
Rock Ya-Sin,Trevor Nowaske,1540,60
Rock Ya-Sin,Tyleik Williams,1540,14
Rock Ya-Sin,Tyson Russell,1540,29
Rock Ya-Sin,Zach Cunningham,1540,63
Roderick Daniels Jr.,Dante Pettis,3300,5
Roderick Daniels Jr.,Jake Haener,3300,5
Roderick Daniels Jr.,Jonathan Mendoza,3300,5
Roderick Daniels Jr.,Josiah Ezirim,3300,5
Roderick Daniels Jr.,Kyle Hergel,3300,5
Roderick Daniels Jr.,Luke Fortner,3300,5
Roderick Daniels Jr.,Marcus Yarns,3300,5
Roderick Daniels Jr.,Mike Panasiuk,3300,5
Roderick Daniels Jr.,Moochie Dixon,3300,5
Roderick Daniels Jr.,Seth Green,3300,5
Rodney Thomas,Adetomiwa Adebawore,2200,40
Rodney Thomas,Alex Johnson,2200,13
Rodney Thomas,Austin Ajiake,2200,35
Rodney Thomas,Cameron McGrone,2200,38
Rodney Thomas,Camryn Bynum,2200,5
Rodney Thomas,Charvarius Ward,2200,5
Rodney Thomas,Chris Lammons,2200,46
Rodney Thomas,Daniel Scott,2200,36
Rodney Thomas,DeForest Buckner,2200,5
Rodney Thomas,Desmond Little,2200,3
Rodney Thomas,Duke Shelley,2200,20
Rodney Thomas,Durell Nchami,2200,45
Rodney Thomas,Eric Johnson,2200,24
Rodney Thomas,Hunter Wohler,2200,33
Rodney Thomas,Isaiah Land,2200,28
Rodney Thomas,JT Tuimoloau,2200,52
Rodney Thomas,Joe Bachie,2200,30
Rodney Thomas,Johnathan Edwards,2200,59
Rodney Thomas,Josh Tupou,2200,9
Rodney Thomas,Julius Brents,2200,18
Rodney Thomas,Kwity Paye,2200,1
Rodney Thomas,Laiatu Latu,2200,11
Rodney Thomas,Neville Gallimore,2200,48
Rodney Thomas,Samuel Womack,2200,40
Rodney Thomas,Segun Olubi,2200,28
Rodney Thomas,Solomon DeShields,2200,5
Rodney Thomas,Tim Smith,2200,20
Rodney Thomas,Trey Washington,2200,2
Rodney Thomas,Tyquan Lewis,2200,10
Roger McCreary,Amani Hooker,2100,17
Roger McCreary,Arden Key,2100,17
Roger McCreary,Carlos Watkins,2100,3
Roger McCreary,Cedric Gray,2100,16
Roger McCreary,Cody Barton,2100,17
Roger McCreary,Darrell Baker Jr.,2100,17
Roger McCreary,Dre'Mont Jones,2100,17
Roger McCreary,James Lynch,2100,6
Roger McCreary,James Williams,2100,1
Roger McCreary,Jarvis Brownlee Jr.,2100,17
Roger McCreary,Jeffery Simmons,2100,11
Roger McCreary,Oluwafemi Oladejo,2100,6
Roger McCreary,Sebastian Joseph-Day,2100,8
Roger McCreary,Xavier Woods,2100,17
Roger Rosengarten,Andrew Vorhees,0325,28
Roger Rosengarten,Charlie Kolar,0325,27
Roger Rosengarten,Cooper Rush,0325,28
Roger Rosengarten,Corey Bullock,0325,28
Roger Rosengarten,D'Ernest Johnson,0325,8
Roger Rosengarten,Daniel Faalele,0325,28
Roger Rosengarten,Dayton Wade,0325,4
Roger Rosengarten,Devontez Walker,0325,27
Roger Rosengarten,Joe Noteboom,0325,28
Roger Rosengarten,Keaton Mitchell,0325,7
Roger Rosengarten,Keith Kirkwood,0325,2
Roger Rosengarten,LaJohntay Wester,0325,16
Roger Rosengarten,Lucas Scott,0325,14
Roger Rosengarten,Rasheen Ali,0325,13
Roger Rosengarten,Scotty Washington,0325,5
Roger Rosengarten,Tylan Wallace,0325,15
Roger Rosengarten,Zaire Mitchell-Paden,0325,2
Roman Parodie,Adam Gotsis,4900,7
Roman Parodie,Antonio Grier Jr.,4900,4
Roman Parodie,Deion Jones,4900,23
Roman Parodie,Dvon J-Thomas,4900,26
Roman Parodie,Elijah Roberts,4900,18
Roman Parodie,Eric Banks,4900,15
Roman Parodie,JJ Roberts,4900,13
Roman Parodie,John Bullock,4900,35
Roman Parodie,Jose Ramirez,4900,38
Roman Parodie,Kaevon Merriweather,4900,31
Roman Parodie,Markees Watts,4900,25
Roman Parodie,Mike Greene,4900,13
Roman Parodie,Nash Hutmacher,4900,25
Roman Parodie,Nick Jackson,4900,26
Roman Parodie,Rashad Wisdom,4900,28
Roman Parodie,Shilo Sanders,4900,13
Roman Parodie,Tre Avery,4900,31
Roman Parodie,Tyrek Funderburk,4900,13
Roman Parodie,Warren Peeples,4900,25
Roman Parodie,Will Brooks,4900,31
Roman Wilson,Andrus Peat,3900,15
Roman Wilson,Ben Skowronek,3900,2
Roman Wilson,Brandon Johnson,3900,26
Roman Wilson,Broderick Jones,3900,25
Roman Wilson,Connor Heyward,3900,25
Roman Wilson,Darnell Washington,3900,21
Roman Wilson,Doug Nester,3900,11
Roman Wilson,Dylan Cook,3900,17
Roman Wilson,Gareth Warren,3900,2
Roman Wilson,JJ Galbreath,3900,5
Roman Wilson,Jaylen Warren,3900,5
Roman Wilson,Kaleb Johnson,3900,24
Roman Wilson,Ke'Shawn Williams,3900,3
Roman Wilson,Kenneth Gainwell,3900,9
Roman Wilson,Lance McCutcheon,3900,11
Roman Wilson,Mason McCormick,3900,25
Roman Wilson,Mason Rudolph,3900,24
Roman Wilson,Max Hurleman,3900,6
Roman Wilson,Max Scharping,3900,17
Roman Wilson,Pat Freiermuth,3900,8
Roman Wilson,Ryan McCollum,3900,6
Roman Wilson,Scott Miller,3900,19
Roman Wilson,Skylar Thompson,3900,18
Roman Wilson,Spencer Anderson,3900,25
Roman Wilson,Steven Jones,3900,17
Roman Wilson,Trey Sermon,3900,4
Roman Wilson,Troy Fautanu,3900,25
Roman Wilson,Zach Frazier,3900,25
Rome Odunze,Braxton Jones,0810,39
Rome Odunze,Brittain Brown,0810,10
Rome Odunze,Caleb Williams,0810,39
Rome Odunze,Cole Kmet,0810,24
Rome Odunze,Colston Loveland,0810,28
Rome Odunze,D'Andre Swift,0810,18
Rome Odunze,DJ Moore,0810,38
Rome Odunze,Darnell Wright,0810,39
Rome Odunze,Deion Hankins,0810,11
Rome Odunze,Drew Dalman,0810,39
Rome Odunze,Jonah Jackson,0810,39
Rome Odunze,Luke Newman,0810,39
Rome Odunze,Luther Burden III,0810,1
Rome Odunze,Olamide Zaccheaus,0810,26
Romeo Doubs,Aaron Banks,1800,10
Romeo Doubs,Chris Brooks,1800,15
Romeo Doubs,Donovan Jennings,1800,14
Romeo Doubs,Elgton Jenkins,1800,10
Romeo Doubs,Emanuel Wilson,1800,6
Romeo Doubs,John FitzPatrick,1800,5
Romeo Doubs,Jordan Love,1800,10
Romeo Doubs,Jordan Morgan,1800,24
Romeo Doubs,Josh Jacobs,1800,3
Romeo Doubs,Luke Musgrave,1800,15
Romeo Doubs,Malik Heath,1800,13
Romeo Doubs,Malik Willis,1800,14
Romeo Doubs,Matthew Golden,1800,22
Romeo Doubs,Mecole Hardman,1800,2
Romeo Doubs,Rasheed Walker,1800,14
Romeo Doubs,Sean Rhyan,1800,24
Romeo Doubs,Tucker Kraft,1800,15
Romeo Doubs,Zach Tom,1800,24
Ronnie Bell,Colby Sorsdal,1540,4
Ronnie Bell,Dan Skipper,1540,7
Ronnie Bell,Deon Jackson,1540,6
Ronnie Bell,Dominic Lovett,1540,22
Ronnie Bell,Giovanni Manu,1540,59
Ronnie Bell,Gunnar Oakes,1540,1
Ronnie Bell,Gunner Britton,1540,34
Ronnie Bell,Hendon Hooker,1540,45
Ronnie Bell,Jabari Small,1540,2
Ronnie Bell,Jackson Meeks,1540,30
Ronnie Bell,Jacob Saylors,1540,51
Ronnie Bell,Jakobie Keeney-James,1540,41
Ronnie Bell,Kayode Awosika,1540,4
Ronnie Bell,Kenny Yeboah,1540,8
Ronnie Bell,Kingsley Eguakun,1540,21
Ronnie Bell,Kyle Allen,1540,14
Ronnie Bell,Malik Taylor,1540,8
Ronnie Bell,Mason Miller,1540,52
Ronnie Bell,Michael Niese,1540,55
Ronnie Bell,Netane Muti,1540,21
Ronnie Bell,Steven Stilianos,1540,14
Ronnie Bell,Tom Kennedy,1540,4
Ronnie Bell,Trystan Colon,1540,4
Ronnie Bell,Zach Horton,1540,49
Ronnie Bell,Zack Johnson,1540,34
Ronnie Harrison,Arnold Ebiketie,0200,3
Ronnie Harrison,Billy Bowman Jr.,0200,13
Ronnie Harrison,Bralen Trice,0200,23
Ronnie Harrison,Brandon Dorlus,0200,11
Ronnie Harrison,C.J. Henderson,0200,9
Ronnie Harrison,Caleb Johnson,0200,34
Ronnie Harrison,Cobee Bryant,0200,19
Ronnie Harrison,DeAngelo Malone,0200,33
Ronnie Harrison,Dee Alford,0200,17
Ronnie Harrison,Dontae Manning,0200,29
Ronnie Harrison,Henry Black,0200,31
Ronnie Harrison,James Pearce Jr.,0200,23
Ronnie Harrison,Jordan Fuller,0200,15
Ronnie Harrison,Josh Thompson,0200,51
Ronnie Harrison,Keith Taylor,0200,21
Ronnie Harrison,Kentavius Street,0200,25
Ronnie Harrison,Khalid Kareem,0200,24
Ronnie Harrison,LaCale London,0200,17
Ronnie Harrison,Lamar Jackson,0200,49
Ronnie Harrison,Mike Ford,0200,27
Ronnie Harrison,Morgan Fox,0200,34
Ronnie Harrison,Natrone Brooks,0200,29
Ronnie Harrison,Nick Kubitz,0200,34
Ronnie Harrison,Ronnie Perkins,0200,18
Ronnie Harrison,Ruke Orhorhoro,0200,21
Ronnie Harrison,Simeon Barrow Jr.,0200,29
Ronnie Harrison,Xavier Watts,0200,20
Ronnie Harrison,Zach Harrison,0200,21
Ronnie Hickman Jr.,Adin Huntington,1050,1
Ronnie Hickman Jr.,Alex Wright,1050,22
Ronnie Hickman Jr.,Cameron Mitchell,1050,35
Ronnie Hickman Jr.,Cameron Thomas,1050,10
Ronnie Hickman Jr.,Carson Schwesinger,1050,21
Ronnie Hickman Jr.,Chigozie Anusiem,1050,11
Ronnie Hickman Jr.,Damontae Kazee,1050,16
Ronnie Hickman Jr.,Devin Bush,1050,33
Ronnie Hickman Jr.,Dom Jones,1050,15
Ronnie Hickman Jr.,Grant Delpit,1050,8
Ronnie Hickman Jr.,Isaiah McGuire,1050,21
Ronnie Hickman Jr.,Jerome Baker,1050,17
Ronnie Hickman Jr.,Joe Tryon-Shoyinka,1050,18
Ronnie Hickman Jr.,Maliek Collins,1050,8
Ronnie Hickman Jr.,Mason Graham,1050,19
Ronnie Hickman Jr.,Myles Harden,1050,23
Ronnie Hickman Jr.,Nathaniel Watson,1050,4
Ronnie Hickman Jr.,Rayshawn Jenkins,1050,14
Ronnie Hickman Jr.,Sam Kamara,1050,26
Ronnie Hickman Jr.,Shelby Harris,1050,15
Ronnie Hickman Jr.,Tony Brown,1050,13
Ronnie Perkins,C.J. Henderson,0200,2
Ronnie Perkins,Cobee Bryant,0200,15
Ronnie Perkins,DeAngelo Malone,0200,15
Ronnie Perkins,Dee Alford,0200,9
Ronnie Perkins,Dontae Manning,0200,11
Ronnie Perkins,Henry Black,0200,16
Ronnie Perkins,JD Bertrand,0200,7
Ronnie Perkins,Josh Thompson,0200,16
Ronnie Perkins,Josh Woods,0200,7
Ronnie Perkins,Keith Taylor,0200,15
Ronnie Perkins,Kentavius Street,0200,9
Ronnie Perkins,Khalid Kareem,0200,11
Ronnie Perkins,LaCale London,0200,10
Ronnie Perkins,Lamar Jackson,0200,20
Ronnie Perkins,Mike Ford,0200,10
Ronnie Perkins,Morgan Fox,0200,16
Ronnie Perkins,Natrone Brooks,0200,6
Ronnie Perkins,Nick Kubitz,0200,19
Ronnie Perkins,Ronnie Harrison,0200,18
Ronnie Perkins,Ruke Orhorhoro,0200,9
Ronnie Perkins,Simeon Barrow Jr.,0200,16
Ronnie Perkins,Zach Harrison,0200,3
Ronnie Rivers,A.J. Arcuri,2510,3
Ronnie Rivers,Ben Dooley,2510,3
Ronnie Rivers,Brennan Presley,2510,3
Ronnie Rivers,Britain Covey,2510,3
Ronnie Rivers,KT Leveston,2510,3
Ronnie Rivers,Mario Williams,2510,3
Ronnie Rivers,Mark Redman,2510,3
Ronnie Rivers,Stetson Bennett,2510,3
Ronnie Rivers,Willie Lampkin,2510,3
Ronnie Rivers,Wyatt Bowles,2510,3
Roy Mbaeteka,Bucky Williams,1050,3
Roy Mbaeteka,Cade McDonald,1050,3
Roy Mbaeteka,Dartanyan Tinsley,1050,3
Roy Mbaeteka,Kisean Johnson,1050,3
Roy Mbaeteka,Lorenzo Thompson,1050,3
Roy Mbaeteka,Mitchell Van Vooren,1050,3
Roy Mbaeteka,Sal Cannella,1050,3
Roy Mbaeteka,Sebastian Gutierrez,1050,3
Roy Mbaeteka,Toa Taua,1050,3
Roy Mbaeteka,Tyler Huntley,1050,3
Roy Robertson-Harris,Abdul Carter,3410,17
Roy Robertson-Harris,Andru Phillips,3410,13
Roy Robertson-Harris,Art Green,3410,2
Roy Robertson-Harris,Bobby Okereke,3410,21
Roy Robertson-Harris,Brian Burns,3410,17
Roy Robertson-Harris,Cordale Flott,3410,14
Roy Robertson-Harris,Dane Belton,3410,18
Roy Robertson-Harris,Darius Muasau,3410,3
Roy Robertson-Harris,Deonte Banks,3410,8
Roy Robertson-Harris,Elijah Chatman,3410,10
Roy Robertson-Harris,Jevon Holland,3410,23
Roy Robertson-Harris,Kayvon Thibodeaux,3410,19
Roy Robertson-Harris,Korie Black,3410,3
Roy Robertson-Harris,Micah McFadden,3410,22
Roy Robertson-Harris,Nic Jones,3410,3
Roy Robertson-Harris,Paulson Adebo,3410,23
Roy Robertson-Harris,Raheem Layne,3410,4
Roy Robertson-Harris,Rakeem Nunez-Roches,3410,22
Roy Robertson-Harris,Tyler Nubin,3410,8
Royce Freeman,Chris Glaser,0810,11
Royce Freeman,Durham Smythe,0810,2
Royce Freeman,Jahdae Walker,0810,2
Royce Freeman,Joel Wilson,0810,4
Royce Freeman,Jordan McFadden,0810,12
Royce Freeman,Joshua Miles,0810,2
Royce Freeman,Kiran Amegadjie,0810,2
Royce Freeman,Luke Newman,0810,1
Royce Freeman,Luther Burden III,0810,10
Royce Freeman,Maurice Alexander,0810,8
Royce Freeman,Miles Boykin,0810,2
Royce Freeman,Ozzy Trapilo,0810,10
Royce Freeman,Ricky Stromberg,0810,2
Royce Freeman,Ryan Bates,0810,10
Royce Freeman,Samori Toure,0810,2
Royce Freeman,Stephen Carlson,0810,10
Royce Freeman,Theo Benedet,0810,10
Royce Freeman,Tyler Scott,0810,8
Royce Freeman,Tyson Bagent,0810,12
Royce Newman,Andre Baccellia,3800,23
Royce Newman,Bam Knight,3800,17
Royce Newman,Bryson Green,3800,36
Royce Newman,Christian Jones,3800,16
Royce Newman,Clayton Tune,3800,72
Royce Newman,DeeJay Dallas,3800,10
Royce Newman,Elijah Higgins,3800,15
Royce Newman,Emari Demercado,3800,28
Royce Newman,Greg Dortch,3800,7
Royce Newman,Hayden Conner,3800,28
Royce Newman,Jacoby Brissett,3800,17
Royce Newman,Jake Curhan,3800,61
Royce Newman,Jeremiah Byers,3800,61
Royce Newman,Josh Fryar,3800,40
Royce Newman,Josiah Deguara,3800,53
Royce Newman,McClendon Curtis,3800,20
Royce Newman,Michael Carter,3800,27
Royce Newman,Nate McCollum,3800,25
Royce Newman,Nick Leverett,3800,69
Royce Newman,Oscar Cardenas,3800,31
Royce Newman,Simi Fehoko,3800,18
Royce Newman,Sincere Haynesworth,3800,61
Royce Newman,Tejhaun Palmer,3800,72
Royce Newman,Tip Reiman,3800,2
Royce Newman,Travis Vokolek,3800,24
Royce Newman,Trey Benson,3800,7
Royce Newman,Xavier Weaver,3800,50
Ruben Hyppolite II,Alex Cook,0810,42
Ruben Hyppolite II,Amen Ogbongbemiga,0810,18
Ruben Hyppolite II,Andrew Billings,0810,32
Ruben Hyppolite II,Austin Booker,0810,27
Ruben Hyppolite II,Chris Williams,0810,45
Ruben Hyppolite II,Daniel Hardy,0810,17
Ruben Hyppolite II,Dayo Odeyingbo,0810,9
Ruben Hyppolite II,Dominique Robinson,0810,43
Ruben Hyppolite II,Elijah Hicks,0810,21
Ruben Hyppolite II,Gervon Dexter Sr.,0810,8
Ruben Hyppolite II,Jamree Kromah,0810,12
Ruben Hyppolite II,Jaquan Brisker,0810,10
Ruben Hyppolite II,Jeremiah Walker,0810,16
Ruben Hyppolite II,Jonathan Ford,0810,29
Ruben Hyppolite II,Jonathan Owens,0810,69
Ruben Hyppolite II,Josh Blackwell,0810,13
Ruben Hyppolite II,Kevin Byard,0810,10
Ruben Hyppolite II,Major Burns,0810,7
Ruben Hyppolite II,Mark Perry,0810,1
Ruben Hyppolite II,Mekhi Garner,0810,21
Ruben Hyppolite II,Montez Sweat,0810,7
Ruben Hyppolite II,Nahshon Wright,0810,25
Ruben Hyppolite II,Nick McCloud,0810,33
Ruben Hyppolite II,Noah Sewell,0810,60
Ruben Hyppolite II,Power Echols,0810,17
Ruben Hyppolite II,Swayze Bozeman,0810,4
Ruben Hyppolite II,T.J. Edwards,0810,10
Ruben Hyppolite II,Tanoh Kpassagnon,0810,42
Ruben Hyppolite II,Terell Smith,0810,23
Ruben Hyppolite II,Tre Flowers,0810,55
Ruben Hyppolite II,Tyrique Stevenson,0810,25
Ruben Hyppolite II,Xavier Carlton,0810,11
Ruben Hyppolite II,Zacch Pickens,0810,38
Ruke Orhorhoro,Arnold Ebiketie,0200,12
Ruke Orhorhoro,Billy Bowman Jr.,0200,13
Ruke Orhorhoro,Bralen Trice,0200,24
Ruke Orhorhoro,Brandon Dorlus,0200,12
Ruke Orhorhoro,C.J. Henderson,0200,11
Ruke Orhorhoro,Caleb Johnson,0200,14
Ruke Orhorhoro,Cobee Bryant,0200,9
Ruke Orhorhoro,DeAngelo Malone,0200,32
Ruke Orhorhoro,DeMarcco Hellams,0200,8
Ruke Orhorhoro,Dee Alford,0200,34
Ruke Orhorhoro,Henry Black,0200,21
Ruke Orhorhoro,JD Bertrand,0200,17
Ruke Orhorhoro,Jalon Walker,0200,9
Ruke Orhorhoro,James Pearce Jr.,0200,23
Ruke Orhorhoro,Jordan Fuller,0200,26
Ruke Orhorhoro,Josh Thompson,0200,23
Ruke Orhorhoro,Josh Woods,0200,32
Ruke Orhorhoro,Keith Taylor,0200,14
Ruke Orhorhoro,Kentavius Street,0200,23
Ruke Orhorhoro,Khalid Kareem,0200,17
Ruke Orhorhoro,LaCale London,0200,11
Ruke Orhorhoro,Lamar Jackson,0200,48
Ruke Orhorhoro,Mike Ford,0200,10
Ruke Orhorhoro,Morgan Fox,0200,2
Ruke Orhorhoro,Natrone Brooks,0200,42
Ruke Orhorhoro,Nick Kubitz,0200,16
Ruke Orhorhoro,Ronnie Harrison,0200,21
Ruke Orhorhoro,Ronnie Perkins,0200,9
Ruke Orhorhoro,Simeon Barrow Jr.,0200,1
Ruke Orhorhoro,Ta'Quon Graham,0200,7
Ruke Orhorhoro,Xavier Watts,0200,27
Ruke Orhorhoro,Zach Harrison,0200,22
Rush Reimer,Chase Lundt,0610,35
Rush Reimer,Dan Feeney,0610,3
Rush Reimer,Deon Cain,0610,15
Rush Reimer,Elijah Young,0610,25
Rush Reimer,Frank Gore Jr.,0610,10
Rush Reimer,Jacob Bayer,0610,35
Rush Reimer,KJ Hamler,0610,15
Rush Reimer,Keleki Latu,0610,22
Rush Reimer,Kristian Wilkerson,0610,32
Rush Reimer,Laviska Shenault Jr.,0610,23
Rush Reimer,Matt Sokol,0610,16
Rush Reimer,Mike Edwards,0610,32
Rush Reimer,Richard Gouraige,0610,35
Rush Reimer,Shane Buechele,0610,35
Rush Reimer,Zach Davidson,0610,17
Russ Yeast,Arthur Maulet,2120,33
Russ Yeast,Casey Toohill,2120,50
Russ Yeast,Christian Harris,2120,8
Russ Yeast,D'Angelo Ross,2120,58
Russ Yeast,Damon Arnette,2120,33
Russ Yeast,Darrell Taylor,2120,42
Russ Yeast,Derek Barnett,2120,10
Russ Yeast,Dylan Horton,2120,18
Russ Yeast,E.J. Speed,2120,38
Russ Yeast,Foley Fatukasi,2120,9
Russ Yeast,Haggai Ndubuisi,2120,29
Russ Yeast,Henry To'oTo'o,2120,8
Russ Yeast,Jackson Woodard,2120,28
Russ Yeast,Jake Hansen,2120,41
Russ Yeast,Jalen Mills,2120,11
Russ Yeast,Jamal Hill,2120,43
Russ Yeast,Jaylin Smith,2120,55
Russ Yeast,Junior Tafuna,2120,55
Russ Yeast,K.C. Ossai,2120,26
Russ Yeast,M.J. Stewart,2120,58
Russ Yeast,Mario Edwards,2120,8
Russ Yeast,Marlon Davidson,2120,33
Russ Yeast,Myles Bryant,2120,60
Russ Yeast,Nick Niemann,2120,43
Russ Yeast,Solomon Byrd,2120,54
Russ Yeast,Tim Settle,2120,26
Russ Yeast,Tommy Togiai,2120,43
Russ Yeast,Tremon Smith,2120,48
Russell Gage,Austen Pleasants,4500,38
Russell Gage,Ben Bartch,4500,4
Russell Gage,Brayden Willis,4500,19
Russell Gage,Brock Purdy,4500,5
Russell Gage,Carter Bradley,4500,11
Russell Gage,Colton McKivitz,4500,5
Russell Gage,Connor Colby,4500,45
Russell Gage,Corey Kiner,4500,16
Russell Gage,Demarcus Robinson,4500,26
Russell Gage,Dominick Puni,4500,5
Russell Gage,Drake Nugent,4500,8
Russell Gage,George Kittle,4500,5
Russell Gage,Isaiah Hodgins,4500,14
Russell Gage,Isaiah Prince,4500,6
Russell Gage,Jake Brendel,4500,5
Russell Gage,Jake Tonges,4500,25
Russell Gage,Jeff Wilson,4500,8
Russell Gage,Jordan Watkins,4500,15
Russell Gage,Junior Bergen,4500,6
Russell Gage,Ke'Shawn Vaughn,4500,15
Russell Gage,Kyle Juszczyk,4500,2
Russell Gage,Luke Farrell,4500,21
Russell Gage,Mac Jones,4500,33
Russell Gage,Matt Hennessy,4500,36
Russell Gage,Nick Zakelj,4500,44
Russell Gage,Patrick Taylor,4500,10
Russell Gage,Ricky Pearsall,4500,3
Russell Gage,Robbie Chosen,4500,11
Russell Gage,Spencer Burford,4500,49
Russell Wilson,Beaux Collins,3410,11
Russell Wilson,Chris Manhertz,3410,5
Russell Wilson,Dalen Cambre,3410,2
Russell Wilson,Daniel Bellinger,3410,3
Russell Wilson,Darius Slayton,3410,10
Russell Wilson,Devin Singletary,3410,9
Russell Wilson,Elijah Chatman,3410,2
Russell Wilson,Evan Neal,3410,6
Russell Wilson,Greg Dulcich,3410,9
Russell Wilson,Greg Van Roten,3410,19
Russell Wilson,Jalin Hyatt,3410,7
Russell Wilson,James Hudson,3410,25
Russell Wilson,Jermaine Eluemunor,3410,25
Russell Wilson,John Michael Schmitz,3410,25
Russell Wilson,Jon Runyan,3410,25
Russell Wilson,Lil'Jordan Humphrey,3410,9
Russell Wilson,Montrell Washington,3410,1
Russell Wilson,Theo Johnson,3410,21
Russell Wilson,Tyrone Tracy Jr.,3410,16
Russell Wilson,Wan'Dale Robinson,3410,12
Russell Wilson,Zach Pascal,3410,8
Ryan Bates,Braxton Jones,0810,20
Ryan Bates,Brittain Brown,0810,29
Ryan Bates,Chris Glaser,0810,19
Ryan Bates,Colston Loveland,0810,5
Ryan Bates,Devin Duvernay,0810,12
Ryan Bates,Durham Smythe,0810,47
Ryan Bates,Ian Wheeler,0810,21
Ryan Bates,Jahdae Walker,0810,1
Ryan Bates,Joel Wilson,0810,18
Ryan Bates,Jordan McFadden,0810,81
Ryan Bates,Kyle Monangai,0810,21
Ryan Bates,Luke Newman,0810,72
Ryan Bates,Luther Burden III,0810,78
Ryan Bates,Maurice Alexander,0810,46
Ryan Bates,Miles Boykin,0810,3
Ryan Bates,Ozzy Trapilo,0810,66
Ryan Bates,Royce Freeman,0810,10
Ryan Bates,Samori Toure,0810,10
Ryan Bates,Stephen Carlson,0810,46
Ryan Bates,Theo Benedet,0810,86
Ryan Bates,Travis Homer,0810,5
Ryan Bates,Tyler Scott,0810,78
Ryan Bates,Tyson Bagent,0810,86
Ryan Cooper Jr.,Aaron Smith,3430,26
Ryan Cooper Jr.,Braiden McGregor,3430,10
Ryan Cooper Jr.,Dean Clark,3430,36
Ryan Cooper Jr.,Derrick Nnadi,3430,23
Ryan Cooper Jr.,Eric Watts,3430,24
Ryan Cooper Jr.,Francisco Mauigoa,3430,20
Ryan Cooper Jr.,Isaiah Oliver,3430,43
Ryan Cooper Jr.,Jackson Sirmon,3430,2
Ryan Cooper Jr.,Jamin Davis,3430,6
Ryan Cooper Jr.,Jarius Monroe,3430,3
Ryan Cooper Jr.,Jarrick Bernard-Converse,3430,21
Ryan Cooper Jr.,Jay Tufele,3430,17
Ryan Cooper Jr.,Kingsley Jonathan,3430,12
Ryan Cooper Jr.,Leonard Taylor III,3430,19
Ryan Cooper Jr.,Malachi Moore,3430,43
Ryan Cooper Jr.,Marcelino McCrary-Ball,3430,28
Ryan Cooper Jr.,Mario Goodrich,3430,1
Ryan Cooper Jr.,Michael Carter II,3430,2
Ryan Cooper Jr.,Payton Page,3430,10
Ryan Cooper Jr.,Phidarian Mathis,3430,23
Ryan Cooper Jr.,Qwan'tez Stiggers,3430,21
Ryan Cooper Jr.,Rashad Weaver,3430,25
Ryan Cooper Jr.,Tanner McCalister,3430,1
Ryan Cooper Jr.,Tony Adams,3430,3
Ryan Cooper Jr.,Tyler Baron,3430,21
Ryan Cooper Jr.,Zaire Barnes,3430,20
Ryan Flournoy,Ajani Cornelius,1200,63
Ryan Flournoy,Asim Richards,1200,49
Ryan Flournoy,Brock Hoffman,1200,85
Ryan Flournoy,Deuce Vaughn,1200,38
Ryan Flournoy,Geron Christian,1200,38
Ryan Flournoy,Hakeem Adeniji,1200,17
Ryan Flournoy,Jalen Brooks,1200,65
Ryan Flournoy,Jalen Cropper,1200,38
Ryan Flournoy,Jaydon Blue,1200,14
Ryan Flournoy,Joe Milton III,1200,82
Ryan Flournoy,John Stephens Jr.,1200,12
Ryan Flournoy,Jonathan Mingo,1200,13
Ryan Flournoy,Josh Kelly,1200,17
Ryan Flournoy,La'el Collins,1200,5
Ryan Flournoy,Luke Schoonmaker,1200,1
Ryan Flournoy,Malik Davis,1200,4
Ryan Flournoy,Nathan Thomas,1200,15
Ryan Flournoy,Nick Broeker,1200,35
Ryan Flournoy,Phil Mafah,1200,29
Ryan Flournoy,Princeton Fant,1200,23
Ryan Flournoy,Rivaldo Fairweather,1200,49
Ryan Flournoy,Saahdiq Charles,1200,18
Ryan Flournoy,TJ Bass,1200,85
Ryan Flournoy,Traeshon Holden,1200,23
Ryan Flournoy,Tyler Booker,1200,15
Ryan Flournoy,Tyler Neville,1200,14
Ryan Flournoy,Will Grier,1200,3
Ryan Hayes,A.J. Henning,2700,26
Ryan Hayes,Aaron Shampklin,2700,6
Ryan Hayes,Addison West,2700,44
Ryan Hayes,Alexander Mattison,2700,6
Ryan Hayes,Andrew Armstrong,2700,34
Ryan Hayes,Braeden Daniels,2700,72
Ryan Hayes,Chris Myarick,2700,26
Ryan Hayes,Daniel Brunskill,2700,35
Ryan Hayes,Dee Eskridge,2700,16
Ryan Hayes,Erik Ezukanma,2700,36
Ryan Hayes,Germain Ifedi,2700,2
Ryan Hayes,Hayden Rucci,2700,42
Ryan Hayes,Jackson Carman,2700,40
Ryan Hayes,Jalen McKenzie,2700,22
Ryan Hayes,Jaylen Wright,2700,2
Ryan Hayes,Josh Priebe,2700,44
Ryan Hayes,Kion Smith,2700,57
Ryan Hayes,Mike Boone,2700,15
Ryan Hayes,Monaray Baldwin,2700,12
Ryan Hayes,Ollie Gordon II,2700,50
Ryan Hayes,Pharaoh Brown,2700,25
Ryan Hayes,Quinn Ewers,2700,44
Ryan Hayes,Tahj Washington,2700,30
Ryan Hayes,Tanner Conner,2700,13
Ryan Hayes,Tarik Black,2700,19
Ryan Hayes,Theo Wease Jr.,2700,37
Ryan Hayes,Zach Wilson,2700,35
Ryan Kelly,Brian O'Neill,3000,12
Ryan Kelly,C.J. Ham,3000,3
Ryan Kelly,Donovan Jackson,3000,12
Ryan Kelly,J.J. McCarthy,3000,12
Ryan Kelly,Jalen Nailor,3000,12
Ryan Kelly,Jordan Addison,3000,12
Ryan Kelly,Jordan Mason,3000,12
Ryan Kelly,Josh Oliver,3000,8
Ryan Kelly,Justin Skule,3000,12
Ryan Kelly,Lucky Jackson,3000,5
Ryan Kelly,T.J. Hockenson,3000,8
Ryan Kelly,Will Fries,3000,12
Ryan McCollum,Andrus Peat,3900,18
Ryan McCollum,Connor Heyward,3900,7
Ryan McCollum,Darnell Washington,3900,6
Ryan McCollum,Doug Nester,3900,12
Ryan McCollum,Dylan Cook,3900,23
Ryan McCollum,Evan Hull,3900,5
Ryan McCollum,JJ Galbreath,3900,22
Ryan McCollum,Julian Pearl,3900,12
Ryan McCollum,Kaleb Johnson,3900,7
Ryan McCollum,Ke'Shawn Williams,3900,14
Ryan McCollum,Kevin Foelsch,3900,12
Ryan McCollum,Lance McCutcheon,3900,26
Ryan McCollum,Lew Nichols III,3900,7
Ryan McCollum,Logan Woodside,3900,12
Ryan McCollum,Max Hurleman,3900,8
Ryan McCollum,Max Scharping,3900,30
Ryan McCollum,Robert Woods,3900,15
Ryan McCollum,Roman Wilson,3900,6
Ryan McCollum,Scott Miller,3900,4
Ryan McCollum,Skylar Thompson,3900,18
Ryan McCollum,Steven Jones,3900,25
Ryan McCollum,Trey Sermon,3900,11
Ryan Miller,Ben Bredeson,4900,3
Ryan Miller,Ben Scott,4900,47
Ryan Miller,Benjamin Chukwuma,4900,81
Ryan Miller,Bucky Irving,4900,3
Ryan Miller,Cade Otton,4900,1
Ryan Miller,Charlie Heck,4900,8
Ryan Miller,Cody Mauch,4900,3
Ryan Miller,Connor Bazelak,4900,19
Ryan Miller,Dennis Houston,4900,4
Ryan Miller,Devin Culp,4900,41
Ryan Miller,Elijah Klein,4900,84
Ryan Miller,Emeka Egbuka,4900,3
Ryan Miller,Garrett Greene,4900,10
Ryan Miller,Graham Barton,4900,3
Ryan Miller,Jacob Harris,4900,15
Ryan Miller,Jaden Smith,4900,3
Ryan Miller,Jake Majors,4900,14
Ryan Miller,Josh Williams,4900,26
Ryan Miller,Kameron Johnson,4900,11
Ryan Miller,Ko Kieft,4900,18
Ryan Miller,Kyle Trask,4900,67
Ryan Miller,Lorenz Metz,4900,2
Ryan Miller,Luke Goedeke,4900,3
Ryan Miller,Luke Haggard,4900,76
Ryan Miller,Mike Jordan,4900,57
Ryan Miller,Owen Wright,4900,22
Ryan Miller,Payne Durham,4900,37
Ryan Miller,Raiqwon O'Neal,4900,14
Ryan Miller,Rakim Jarrett,4900,48
Ryan Miller,Sean Tucker,4900,38
Ryan Miller,Sua Opeta,4900,5
Ryan Miller,Tanner Taula,4900,5
Ryan Miller,Teddy Bridgewater,4900,3
Ryan Miller,Tez Johnson,4900,49
Ryan Miller,Trey Palmer,4900,22
Ryan Miller,Tyler McLellan,4900,45
Ryan Nelson,Andre James,4400,35
Ryan Nelson,Branson Taylor,4400,71
Ryan Nelson,Brenden Rice,4400,57
Ryan Nelson,Corey Stewart,4400,117
Ryan Nelson,DJ Uiagalelei,4400,38
Ryan Nelson,Dalevon Campbell,4400,85
Ryan Nelson,David Sharpe,4400,50
Ryan Nelson,Derius Davis,4400,10
Ryan Nelson,Dez Fitzpatrick,4400,11
Ryan Nelson,Hassan Haskins,4400,25
Ryan Nelson,JaQuae Jackson,4400,36
Ryan Nelson,Jalen Reagor,4400,3
Ryan Nelson,Jaret Patterson,4400,5
Ryan Nelson,Jaylen Johnson,4400,41
Ryan Nelson,Jordan Petaia,4400,3
Ryan Nelson,Josh Kaltenberger,4400,117
Ryan Nelson,Karsen Barnhart,4400,83
Ryan Nelson,KeAndre Lambert-Smith,4400,49
Ryan Nelson,Kimani Vidal,4400,26
Ryan Nelson,Luke Grimm,4400,41
Ryan Nelson,Nash Jones,4400,118
Ryan Nelson,Nyheim Hines,4400,50
Ryan Nelson,Oronde Gadsden II,4400,64
Ryan Nelson,Raheim Sanders,4400,41
Ryan Nelson,Scott Matlock,4400,18
Ryan Nelson,Stevo Klotz,4400,68
Ryan Nelson,Taylor Heinicke,4400,12
Ryan Nelson,Thomas Yassmin,4400,11
Ryan Nelson,Tre Harris,4400,34
Ryan Nelson,Trey Lance,4400,97
Ryan Nelson,Tucker Fisk,4400,54
Ryan Van Demark,Chase Lundt,0610,56
Ryan Van Demark,Connor McGovern,0610,14
Ryan Van Demark,Dalton Kincaid,0610,4
Ryan Van Demark,Dan Feeney,0610,37
Ryan Van Demark,David Edwards,0610,14
Ryan Van Demark,Dawson Knox,0610,8
Ryan Van Demark,Deon Cain,0610,4
Ryan Van Demark,Dion Dawkins,0610,14
Ryan Van Demark,Elijah Moore,0610,39
Ryan Van Demark,Elijah Young,0610,2
Ryan Van Demark,Frank Gore Jr.,0610,37
Ryan Van Demark,Jackson Hawes,0610,24
Ryan Van Demark,Jacob Bayer,0610,19
Ryan Van Demark,Josh Palmer,0610,22
Ryan Van Demark,KJ Hamler,0610,31
Ryan Van Demark,Kaden Prather,0610,8
Ryan Van Demark,Keleki Latu,0610,19
Ryan Van Demark,Kendrick Green,0610,37
Ryan Van Demark,Keon Coleman,0610,14
Ryan Van Demark,Kristian Wilkerson,0610,23
Ryan Van Demark,Laviska Shenault Jr.,0610,3
Ryan Van Demark,Matt Sokol,0610,1
Ryan Van Demark,Mike Edwards,0610,19
Ryan Van Demark,Mike White,0610,16
Ryan Van Demark,Mitchell Trubisky,0610,39
Ryan Van Demark,O'Cyrus Torrence,0610,14
Ryan Van Demark,Ray Davis,0610,23
Ryan Van Demark,Reggie Gilliam,0610,6
Ryan Van Demark,Richard Gouraige,0610,56
Ryan Van Demark,Shane Buechele,0610,15
Ryan Van Demark,Stephen Gosnell,0610,8
Ryan Van Demark,Ty Johnson,0610,8
Ryan Van Demark,Tyrell Shavers,0610,44
Ryan Van Demark,Zach Davidson,0610,22
Saahdiq Charles,Ajani Cornelius,1200,19
Saahdiq Charles,Asim Richards,1200,20
Saahdiq Charles,Brock Hoffman,1200,34
Saahdiq Charles,Deuce Vaughn,1200,10
Saahdiq Charles,Geron Christian,1200,6
Saahdiq Charles,Hakeem Adeniji,1200,15
Saahdiq Charles,Jalen Brooks,1200,19
Saahdiq Charles,Jalen Cropper,1200,24
Saahdiq Charles,Jalen Tolbert,1200,13
Saahdiq Charles,Joe Milton III,1200,34
Saahdiq Charles,Jonathan Mingo,1200,15
Saahdiq Charles,Josh Kelly,1200,5
Saahdiq Charles,Luke Schoonmaker,1200,13
Saahdiq Charles,Malik Davis,1200,3
Saahdiq Charles,Nathan Thomas,1200,8
Saahdiq Charles,Phil Mafah,1200,21
Saahdiq Charles,Rivaldo Fairweather,1200,20
Saahdiq Charles,Ryan Flournoy,1200,18
Saahdiq Charles,TJ Bass,1200,34
Saahdiq Charles,Traeshon Holden,1200,3
Saahdiq Charles,Tyler Neville,1200,6
Sai'vion Jones,Andrew Farmer,1400,28
Sai'vion Jones,Damarri Mathis,1400,46
Sai'vion Jones,Delarrin Turner-Yell,1400,29
Sai'vion Jones,Devon Key,1400,21
Sai'vion Jones,Dondrea Tillman,1400,41
Sai'vion Jones,Eyioma Uwazurike,1400,33
Sai'vion Jones,Garret Wallow,1400,11
Sai'vion Jones,Garrett Nelson,1400,31
Sai'vion Jones,J.B. Brown,1400,13
Sai'vion Jones,JL Skinner,1400,34
Sai'vion Jones,Jaden Robinson,1400,35
Sai'vion Jones,Jahdae Barron,1400,11
Sai'vion Jones,Jonah Elliss,1400,23
Sai'vion Jones,Jordan Jackson,1400,22
Sai'vion Jones,Jordan Miller,1400,31
Sai'vion Jones,Jordan Turner,1400,44
Sai'vion Jones,Joshua Pickett,1400,24
Sai'vion Jones,Justin Strnad,1400,12
Sai'vion Jones,Karene Reid,1400,47
Sai'vion Jones,Keidron Smith,1400,34
Sai'vion Jones,Kris Abrams-Draine,1400,47
Sai'vion Jones,Kristian Williams,1400,21
Sai'vion Jones,Levelle Bailey,1400,35
Sai'vion Jones,Micah Abraham,1400,23
Sai'vion Jones,Michael Dwumfour,1400,16
Sai'vion Jones,P.J. Locke,1400,21
Sai'vion Jones,Que Robinson,1400,45
Sai'vion Jones,Quinton Newsome,1400,33
Sai'vion Jones,Sam Franklin Jr.,1400,29
Sal Cannella,Ahmani Marshall,1050,25
Sal Cannella,Brenden Bates,1050,15
Sal Cannella,Bucky Williams,1050,73
Sal Cannella,Cade McDonald,1050,62
Sal Cannella,Chase Cota,1050,29
Sal Cannella,Cornelius Lucas,1050,2
Sal Cannella,Dartanyan Tinsley,1050,43
Sal Cannella,Dillon Gabriel,1050,6
Sal Cannella,Diontae Johnson,1050,8
Sal Cannella,Gage Larvadain,1050,44
Sal Cannella,Jackson Barton,1050,13
Sal Cannella,Jamari Thrash,1050,8
Sal Cannella,Jason Ivey,1050,57
Sal Cannella,Javion Cohen,1050,42
Sal Cannella,Kaden Davis,1050,24
Sal Cannella,Kilian Zierer,1050,43
Sal Cannella,Kisean Johnson,1050,41
Sal Cannella,Lorenzo Thompson,1050,59
Sal Cannella,Luke Floriea,1050,3
Sal Cannella,Luke Wypler,1050,7
Sal Cannella,Mitch Van Vooren,1050,4
Sal Cannella,Mitchell Van Vooren,1050,3
Sal Cannella,Pierre Strong,1050,12
Sal Cannella,Roy Mbaeteka,1050,3
Sal Cannella,Sebastian Gutierrez,1050,42
Sal Cannella,Shedeur Sanders,1050,27
Sal Cannella,Teven Jenkins,1050,10
Sal Cannella,Toa Taua,1050,20
Sal Cannella,Trayveon Williams,1050,22
Sal Cannella,Tyler Huntley,1050,47
Sal Cannella,Zak Zinter,1050,6
Sal Wormley,Austin Trammell,2250,51
Sal Wormley,Bhayshul Tuten,2250,28
Sal Wormley,Cam Camper,2250,44
Sal Wormley,Chandler Brayboy,2250,39
Sal Wormley,Darius Lassiter,2250,25
Sal Wormley,Dorian Singer,2250,68
Sal Wormley,Eli Pancol,2250,16
Sal Wormley,Fred Johnson,2250,53
Sal Wormley,Hunter Long,2250,40
Sal Wormley,Ja'Quinden Jackson,2250,39
Sal Wormley,Javon Foster,2250,78
Sal Wormley,Jerome Carvin,2250,49
Sal Wormley,John Copenhaver,2250,21
Sal Wormley,John Wolford,2250,36
Sal Wormley,Johnny Mundt,2250,2
Sal Wormley,Jonah Monheim,2250,89
Sal Wormley,Joshua Cephus,2250,48
Sal Wormley,Kevin Harris,2250,21
Sal Wormley,LeQuint Allen Jr.,2250,35
Sal Wormley,Luke Fortner,2250,50
Sal Wormley,Nick Mullens,2250,50
Sal Wormley,Parker Washington,2250,22
Sal Wormley,Patrick Herbert,2250,41
Sal Wormley,Patrick Mekari,2250,7
Sal Wormley,Quintin Morris,2250,36
Sal Wormley,Ricky Lee,2250,103
Sal Wormley,Seth Henigan,2250,52
Sal Wormley,Shawn Bowman,2250,33
Sal Wormley,Tank Bigsby,2250,15
Sal Wormley,Tremayne Anchrum,2250,88
Sal Wormley,Trenton Irwin,2250,66
Sal Wormley,Wyatt Milum,2250,35
Sam Darnold,AJ Barner,4600,8
Sam Darnold,Abraham Lucas,4600,10
Sam Darnold,Anthony Bradford,4600,10
Sam Darnold,Cooper Kupp,4600,7
Sam Darnold,Dareke Young,4600,1
Sam Darnold,Elijah Arroyo,4600,2
Sam Darnold,Eric Saubert,4600,4
Sam Darnold,Grey Zabel,4600,10
Sam Darnold,Jake Bobo,4600,1
Sam Darnold,Jalen Milroe,4600,1
Sam Darnold,Jalen Sundell,4600,10
Sam Darnold,Jaxon Smith-Njigba,4600,8
Sam Darnold,Josh Jones,4600,10
Sam Darnold,Marquez Valdes-Scantling,4600,2
Sam Darnold,Robbie Ouzts,4600,5
Sam Darnold,Tory Horton,4600,1
Sam Darnold,Zach Charbonnet,4600,10
Sam Ehlinger,A.T. Perry,1400,9
Sam Ehlinger,Adam Prentice,1400,12
Sam Ehlinger,Alex Forsyth,1400,30
Sam Ehlinger,Alex Palczewski,1400,30
Sam Ehlinger,Audric EstimÃ©,1400,45
Sam Ehlinger,Blake Watson,1400,53
Sam Ehlinger,Caden Prieskorn,1400,51
Sam Ehlinger,Caleb Lohner,1400,64
Sam Ehlinger,Calvin Throckmorton,1400,30
Sam Ehlinger,Clay Webb,1400,68
Sam Ehlinger,Courtney Jackson,1400,46
Sam Ehlinger,Evan Engram,1400,1
Sam Ehlinger,Frank Crum,1400,56
Sam Ehlinger,Jerjuan Newton,1400,68
Sam Ehlinger,Joaquin Davis,1400,55
Sam Ehlinger,Joseph Michalski,1400,81
Sam Ehlinger,Kyrese Rowan,1400,34
Sam Ehlinger,Lucas Krull,1400,32
Sam Ehlinger,Marques Cox,1400,81
Sam Ehlinger,Marvin Mims Jr.,1400,1
Sam Ehlinger,Matt Peart,1400,30
Sam Ehlinger,Michael Bandy,1400,38
Sam Ehlinger,Nick Gargiulo,1400,11
Sam Ehlinger,Pat Bryant,1400,31
Sam Ehlinger,Troy Franklin,1400,1
Sam Ehlinger,Tyler Badie,1400,13
Sam Ehlinger,Will Sherman,1400,80
Sam Ehlinger,Xavier Truss,1400,58
Sam Franklin Jr.,Andrew Farmer,1400,34
Sam Franklin Jr.,Delarrin Turner-Yell,1400,42
Sam Franklin Jr.,Eyioma Uwazurike,1400,8
Sam Franklin Jr.,Garret Wallow,1400,18
Sam Franklin Jr.,Garrett Nelson,1400,36
Sam Franklin Jr.,J.B. Brown,1400,7
Sam Franklin Jr.,Jaden Robinson,1400,42
Sam Franklin Jr.,Jordan Jackson,1400,8
Sam Franklin Jr.,Jordan Miller,1400,14
Sam Franklin Jr.,Jordan Turner,1400,34
Sam Franklin Jr.,Joshua Pickett,1400,31
Sam Franklin Jr.,Karene Reid,1400,23
Sam Franklin Jr.,Kris Abrams-Draine,1400,4
Sam Franklin Jr.,Kristian Williams,1400,16
Sam Franklin Jr.,Micah Abraham,1400,27
Sam Franklin Jr.,Michael Dwumfour,1400,14
Sam Franklin Jr.,Que Robinson,1400,14
Sam Franklin Jr.,Quinton Newsome,1400,19
Sam Franklin Jr.,Sai'vion Jones,1400,29
Sam Hartman,Ben Sinnott,5110,43
Sam Hartman,Bobby Hart,5110,45
Sam Hartman,Brandon Coleman,5110,10
Sam Hartman,Braylon Sanders,5110,3
Sam Hartman,Chris Moore,5110,27
Sam Hartman,Chris Paul,5110,49
Sam Hartman,Chris Rodriguez Jr.,5110,16
Sam Hartman,Cole Turner,5110,13
Sam Hartman,Colson Yankoff,5110,17
Sam Hartman,Demetric Felton,5110,2
Sam Hartman,Foster Sarell,5110,31
Sam Hartman,George Fant,5110,8
Sam Hartman,Ja'Corey Brooks,5110,23
Sam Hartman,Jacoby Jones,5110,6
Sam Hartman,Jacory Croskey-Merritt,5110,23
Sam Hartman,Jaylin Lane,5110,16
Sam Hartman,Jeremy McNichols,5110,28
Sam Hartman,Josh Conerly Jr.,5110,24
Sam Hartman,Julian Good-Jones,5110,35
Sam Hartman,K.J. Osborn,5110,54
Sam Hartman,Kazmeir Allen,5110,8
Sam Hartman,Lawrence Cager,5110,14
Sam Hartman,Luke McCaffrey,5110,46
Sam Hartman,Michael Deiter,5110,60
Sam Hartman,Michael Gallup,5110,15
Sam Hartman,River Cracraft,5110,3
Sam Hartman,Tay Martin,5110,28
Sam Hartman,Timothy McKay,5110,18
Sam Hartman,Trent Scott,5110,63
Sam Hartman,Tyre Phillips,5110,42
Sam Howell,Ben Yurosek,3000,27
Sam Howell,Blake Brandel,3000,33
Sam Howell,Bryson Nesbit,3000,8
Sam Howell,Giovanni Ricci,3000,16
Sam Howell,Henry Byrd,3000,38
Sam Howell,Jalen Nailor,3000,11
Sam Howell,Jeshaun Jones,3000,6
Sam Howell,Joe Huber,3000,38
Sam Howell,Lucky Jackson,3000,37
Sam Howell,Michael Jurgens,3000,38
Sam Howell,Nick Vannett,3000,3
Sam Howell,Tai Felton,3000,29
Sam Howell,Thayer Thomas,3000,15
Sam Howell,Ty Chandler,3000,22
Sam Howell,Vershon Lee,3000,5
Sam Howell,Walter Rouse,3000,38
Sam Howell,Zavier Scott,3000,16
Sam Kamara,Adin Huntington,1050,8
Sam Kamara,Alex Wright,1050,14
Sam Kamara,Cameron Mitchell,1050,35
Sam Kamara,Cameron Thomas,1050,34
Sam Kamara,Carson Schwesinger,1050,12
Sam Kamara,Charlie Thomas,1050,10
Sam Kamara,Chigozie Anusiem,1050,20
Sam Kamara,Chris Edmonds,1050,26
Sam Kamara,Damontae Kazee,1050,34
Sam Kamara,Devin Bush,1050,27
Sam Kamara,Dom Jones,1050,22
Sam Kamara,Donovan McMillon,1050,15
Sam Kamara,Easton Mascarenas-Arnold,1050,24
Sam Kamara,Isaiah McGuire,1050,12
Sam Kamara,Jerome Baker,1050,28
Sam Kamara,Joe Tryon-Shoyinka,1050,28
Sam Kamara,Jowon Briggs,1050,11
Sam Kamara,Julian Okwara,1050,15
Sam Kamara,KJ Henry,1050,7
Sam Kamara,Keenan Isaac,1050,7
Sam Kamara,LaMareon James,1050,7
Sam Kamara,Marvin Moody,1050,1
Sam Kamara,Mason Graham,1050,10
Sam Kamara,Myles Harden,1050,23
Sam Kamara,Nathaniel Watson,1050,14
Sam Kamara,Nik Needham,1050,12
Sam Kamara,Ralph Holley,1050,8
Sam Kamara,Rayshawn Jenkins,1050,18
Sam Kamara,Ronnie Hickman Jr.,1050,26
Sam Kamara,Shelby Harris,1050,20
Sam Kamara,Titus Leo,1050,7
Sam Kamara,Tony Brown,1050,38
Sam Kamara,Winston Reid,1050,7
Sam Mustipher,Andrew Rupcich,2100,34
Sam Mustipher,Arlington Hambright,2100,8
Sam Mustipher,Brandon Crenshaw-Dickson,2100,38
Sam Mustipher,Bryce Oliver,2100,15
Sam Mustipher,David Martin-Robinson,2100,7
Sam Mustipher,Drake Dabney,2100,21
Sam Mustipher,Jackson Slater,2100,42
Sam Mustipher,Jaelyn Duncan,2100,25
Sam Mustipher,James Proche,2100,18
Sam Mustipher,Jermar Jefferson,2100,13
Sam Mustipher,Jha'Quan Jackson,2100,9
Sam Mustipher,John Ojukwu,2100,4
Sam Mustipher,Jordan Mims,2100,27
Sam Mustipher,Josh Whyle,2100,13
Sam Mustipher,Kalel Mullings,2100,2
Sam Mustipher,Mason Kinsey,2100,26
Sam Mustipher,Matt Landers,2100,5
Sam Mustipher,Olisaemeka Udoh,2100,17
Sam Mustipher,T.J. Sheffield,2100,19
Sam Mustipher,Thomas Odukoya,2100,14
Sam Mustipher,Tim Boyle,2100,10
Sam Mustipher,Trevor Siemian,2100,32
Sam Mustipher,Xavier Restrepo,2100,21
Sam Okuayinonu,Alfred Collins,4500,7
Sam Okuayinonu,Chazz Surratt,4500,12
Sam Okuayinonu,Dallis Flowers,4500,12
Sam Okuayinonu,Darrell Luter Jr.,4500,3
Sam Okuayinonu,Derrick Canteen,4500,8
Sam Okuayinonu,Evan Anderson,4500,5
Sam Okuayinonu,Jalen Graham,4500,12
Sam Okuayinonu,Ji'Ayir Brown,4500,12
Sam Okuayinonu,Jonathan Garvin,4500,3
Sam Okuayinonu,Jordan Elliott,4500,12
Sam Okuayinonu,Luke Gifford,4500,4
Sam Okuayinonu,Marques Sigle,4500,12
Sam Okuayinonu,Renardo Green,4500,9
Sam Okuayinonu,Robert Beal Jr.,4500,3
Sam Okuayinonu,Trevis Gipson,4500,6
Sam Roberts,Akayleb Evans,0750,33
Sam Roberts,Bam Martin-Scott,0750,35
Sam Roberts,Cam Jackson,0750,22
Sam Roberts,Carlos Basham,0750,46
Sam Roberts,Claudin Cherelus,0750,10
Sam Roberts,Corey Thornton,0750,25
Sam Roberts,DJ Johnson,0750,6
Sam Roberts,Demani Richardson,0750,49
Sam Roberts,Isaac Gifford,0750,39
Sam Roberts,J.J. Weaver,0750,29
Sam Roberts,JaTravis Broughton,0750,24
Sam Roberts,Jack Henderson,0750,29
Sam Roberts,Jacoby Windmon,0750,36
Sam Roberts,Jaden Crumedy,0750,51
Sam Roberts,Jared Harrison-Hunte,0750,37
Sam Roberts,Jon Rhattigan,0750,22
Sam Roberts,Krys Barnes,0750,46
Sam Roberts,Lathan Ransom,0750,54
Sam Roberts,Mapalo Mwansa,0750,9
Sam Roberts,Mello Dotson,0750,28
Sam Roberts,Michael Reid,0750,26
Sam Roberts,Nick Scott,0750,10
Sam Roberts,Princely Umanmielen,0750,38
Sam Roberts,Shemar Bartholomew,0750,23
Sam Roberts,Shy Tuttle,0750,7
Sam Roberts,Thomas Incoom,0750,46
Sam Roberts,Tre Swilling,0750,42
Sam Roberts,Trevian Thomas,0750,18
Sam Webb,Amari Gainer,2520,3
Sam Webb,Andre Carter II,2520,14
Sam Webb,Anthony Booker,2520,13
Sam Webb,Charles Snowden,2520,11
Sam Webb,Chris Smith II,2520,2
Sam Webb,Cody Lindenberg,2520,44
Sam Webb,Darnay Holmes,2520,11
Sam Webb,Greedy Vance,2520,12
Sam Webb,Hudson Clark,2520,46
Sam Webb,JJ Pegues,2520,34
Sam Webb,JT Woods,2520,10
Sam Webb,Jah Joyner,2520,24
Sam Webb,Jahfari Harvey,2520,19
Sam Webb,John Humphrey,2520,36
Sam Webb,Keondre Coburn,2520,11
Sam Webb,Leki Fotu,2520,4
Sam Webb,Matt Jones,2520,19
Sam Webb,Michael Barrett,2520,26
Sam Webb,Ovie Oghoufo,2520,22
Sam Webb,Tommy Eichenberg,2520,6
Sam Webb,Tonka Hemingway,2520,8
Sam Webb,Treven Ma'ae,2520,34
Sam Webb,Trey Taylor,2520,46
Sam Webb,Zachary Carter,2520,5
Sam Williams,Andrew Booth,1200,13
Sam Williams,Damone Clark,1200,6
Sam Williams,Donovan Ezeiruaku,1200,2
Sam Williams,Earnest Brown IV,1200,2
Sam Williams,Jack Sanborn,1200,13
Sam Williams,James Houston,1200,2
Sam Williams,Jay Toia,1200,2
Sam Williams,Juanyeh Thomas,1200,13
Sam Williams,Kaiir Elam,1200,12
Sam Williams,Marist Liufau,1200,13
Sam Williams,Markquese Bell,1200,13
Sam Williams,Marshawn Kneeland,1200,11
Sam Williams,Mazi Smith,1200,9
Sam Williams,Payton Turner,1200,2
Sam Williams,Perrion Winfrey,1200,9
Sam Williams,Troy Pride,1200,1
Sam Williams,Zion Childress,1200,7
Samaje Perine,Amarius Mims,0920,9
Samaje Perine,Andrei Iosivas,0920,9
Samaje Perine,Andrew Raym,0920,3
Samaje Perine,Cam Grandy,0920,1
Samaje Perine,Charlie Jones,0920,9
Samaje Perine,Cody Ford,0920,3
Samaje Perine,Cordell Volson,0920,3
Samaje Perine,Devin Cochran,0920,3
Samaje Perine,Drew Sample,0920,2
Samaje Perine,Dylan Fairchild,0920,9
Samaje Perine,Isaiah Williams,0920,1
Samaje Perine,Ja'Marr Chase,0920,5
Samaje Perine,Jake Browning,0920,3
Samaje Perine,Jalen Rivers,0920,5
Samaje Perine,Jermaine Burton,0920,3
Samaje Perine,Joe Burrow,0920,9
Samaje Perine,Lucas Patrick,0920,7
Samaje Perine,Mitchell Tinsley,0920,6
Samaje Perine,Noah Fant,0920,1
Samaje Perine,Orlando Brown,0920,9
Samaje Perine,Tanner Hudson,0920,9
Samaje Perine,Ted Karras,0920,9
Samaje Perine,Tee Higgins,0920,2
Samori Toure,Austin Reed,0810,27
Samori Toure,Braxton Jones,0810,4
Samori Toure,Brittain Brown,0810,38
Samori Toure,Case Keenum,0810,13
Samori Toure,Chris Glaser,0810,70
Samori Toure,Deion Hankins,0810,11
Samori Toure,Devin Duvernay,0810,1
Samori Toure,Durham Smythe,0810,6
Samori Toure,Ian Wheeler,0810,23
Samori Toure,JP Richardson,0810,27
Samori Toure,Jahdae Walker,0810,53
Samori Toure,Joel Wilson,0810,59
Samori Toure,John Jackson,0810,2
Samori Toure,Jordan McFadden,0810,76
Samori Toure,Joshua Miles,0810,70
Samori Toure,Kiran Amegadjie,0810,55
Samori Toure,Kyle Monangai,0810,6
Samori Toure,Luke Newman,0810,16
Samori Toure,Luther Burden III,0810,6
Samori Toure,Maurice Alexander,0810,29
Samori Toure,Miles Boykin,0810,5
Samori Toure,Ozzy Trapilo,0810,17
Samori Toure,Ricky Stromberg,0810,71
Samori Toure,Royce Freeman,0810,2
Samori Toure,Ryan Bates,0810,10
Samori Toure,Stephen Carlson,0810,23
Samori Toure,Theo Benedet,0810,16
Samori Toure,Thomas Gordon,0810,11
Samori Toure,Travis Homer,0810,1
Samori Toure,Tyler Scott,0810,21
Samori Toure,Tyson Bagent,0810,41
Samuel Jackson,Adrian Martinez,3430,52
Samuel Jackson,Andrew Beck,3430,14
Samuel Jackson,Arian Smith,3430,14
Samuel Jackson,Brady Cook,3430,40
Samuel Jackson,Brandon Smith,3430,20
Samuel Jackson,Carter Warren,3430,92
Samuel Jackson,Donovan Edwards,3430,55
Samuel Jackson,Dymere Miller,3430,32
Samuel Jackson,Jamaal Pritchett,3430,36
Samuel Jackson,Kene Nwangwu,3430,10
Samuel Jackson,Kohl Levao,3430,71
Samuel Jackson,Lawrance Toafili,3430,27
Samuel Jackson,Leander Wiegand,3430,21
Samuel Jackson,Liam Fornadel,3430,92
Samuel Jackson,Malachi Corley,3430,26
Samuel Jackson,Marquis Hayes,3430,92
Samuel Jackson,Neal Johnson,3430,45
Samuel Jackson,Pokey Wilson,3430,52
Samuel Jackson,Quentin Skinner,3430,67
Samuel Jackson,Stone Smartt,3430,16
Samuel Jackson,Zack Kuntz,3430,46
Samuel Womack,Adetomiwa Adebawore,2200,19
Samuel Womack,Alex Johnson,2200,25
Samuel Womack,Austin Ajiake,2200,28
Samuel Womack,BJ Mayes,2200,8
Samuel Womack,Cameron McGrone,2200,25
Samuel Womack,Chris Lammons,2200,15
Samuel Womack,Daniel Scott,2200,26
Samuel Womack,Desmond Little,2200,4
Samuel Womack,Devonta Davis,2200,4
Samuel Womack,Duke Shelley,2200,12
Samuel Womack,Durell Nchami,2200,31
Samuel Womack,Eric Johnson,2200,30
Samuel Womack,Hunter Wohler,2200,28
Samuel Womack,Isaiah Land,2200,29
Samuel Womack,JT Tuimoloau,2200,34
Samuel Womack,Jacob Phillips,2200,1
Samuel Womack,Joe Bachie,2200,25
Samuel Womack,Johnathan Edwards,2200,34
Samuel Womack,Josh Tupou,2200,17
Samuel Womack,Kwity Paye,2200,1
Samuel Womack,Laiatu Latu,2200,7
Samuel Womack,Neville Gallimore,2200,30
Samuel Womack,Rodney Thomas,2200,40
Samuel Womack,Segun Olubi,2200,29
Samuel Womack,Tim Smith,2200,18
Samuel Womack,Trey Washington,2200,14
Samuel Womack,Tyquan Lewis,2200,6
Sanoussi Kane,Adedayo Odeleye,0325,9
Sanoussi Kane,Adisa Isaac,0325,20
Sanoussi Kane,Aeneas Peebles,0325,37
Sanoussi Kane,Basil Okoye,0325,31
Sanoussi Kane,Beau Brade,0325,25
Sanoussi Kane,Bilhal Kone,0325,14
Sanoussi Kane,Brent Urban,0325,18
Sanoussi Kane,C.J. Ravenell,0325,45
Sanoussi Kane,David Ojabo,0325,59
Sanoussi Kane,Jacob Hummel,0325,17
Sanoussi Kane,Jalyn Armour-Davis,0325,53
Sanoussi Kane,Jayson Jones,0325,19
Sanoussi Kane,John Jenkins,0325,14
Sanoussi Kane,Kaimon Rucker,0325,11
Sanoussi Kane,Keyon Martin,0325,61
Sanoussi Kane,Malaki Starks,0325,14
Sanoussi Kane,Malik Hamm,0325,10
Sanoussi Kane,Marquise Robinson,0325,11
Sanoussi Kane,Mike Green,0325,56
Sanoussi Kane,Reuben Lowery,0325,39
Sanoussi Kane,T.J. Tampa,0325,78
Sanoussi Kane,Teddye Buchanan,0325,72
Sanoussi Kane,Trenton Simpson,0325,67
Sataoa Laumea,Amari Kight,4600,80
Sataoa Laumea,Anthony Tyus III,4600,29
Sataoa Laumea,Brady Russell,4600,39
Sataoa Laumea,Bryce Cabeldue,4600,60
Sataoa Laumea,Christian Haynes,4600,37
Sataoa Laumea,Cody White,4600,41
Sataoa Laumea,Damien Martinez,4600,44
Sataoa Laumea,Dareke Young,4600,46
Sataoa Laumea,Drew Lock,4600,29
Sataoa Laumea,Elijah Arroyo,4600,32
Sataoa Laumea,Eric Saubert,4600,4
Sataoa Laumea,Federico Maranges,4600,50
Sataoa Laumea,George Holani,4600,5
Sataoa Laumea,Jacardia Wright,4600,19
Sataoa Laumea,Jake Bobo,4600,28
Sataoa Laumea,Jalen Milroe,4600,68
Sataoa Laumea,Jalen Sundell,4600,23
Sataoa Laumea,John Rhys Plumlee,4600,8
Sataoa Laumea,Josh Jones,4600,23
Sataoa Laumea,Luke Felix-Fualalo,4600,24
Sataoa Laumea,Marquez Valdes-Scantling,4600,19
Sataoa Laumea,Marshall Lang,4600,39
Sataoa Laumea,Mason Richman,4600,56
Sataoa Laumea,Michael Jerrell,4600,36
Sataoa Laumea,Nick Kallerup,4600,46
Sataoa Laumea,Ricky White III,4600,32
Sataoa Laumea,Tory Horton,4600,15
Sataoa Laumea,Tyrone Broden,4600,38
Sauce Gardner,Andre Cisco,3430,10
Sauce Gardner,Brandon Stephens,3430,10
Sauce Gardner,Derrick Nnadi,3430,7
Sauce Gardner,Eric Watts,3430,3
Sauce Gardner,Jamien Sherwood,3430,10
Sauce Gardner,Jamin Davis,3430,5
Sauce Gardner,Jay Tufele,3430,8
Sauce Gardner,Leonard Taylor III,3430,3
Sauce Gardner,Michael Carter II,3430,5
Sauce Gardner,Micheal Clemons,3430,8
Sauce Gardner,Phidarian Mathis,3430,2
Sauce Gardner,Quincy Williams,3430,10
Sauce Gardner,Rashad Weaver,3430,1
Sauce Gardner,Tony Adams,3430,10
Sauce Gardner,Will McDonald IV,3430,8
Scott Matlock,Andre James,4400,20
Scott Matlock,Bradley Bozeman,4400,2
Scott Matlock,Branson Taylor,4400,12
Scott Matlock,Brenden Rice,4400,1
Scott Matlock,Caleb Murphy,4400,17
Scott Matlock,Christopher Hinton,4400,9
Scott Matlock,Corey Stewart,4400,34
Scott Matlock,Dalevon Campbell,4400,11
Scott Matlock,David Sharpe,4400,9
Scott Matlock,Deane Leonard,4400,16
Scott Matlock,Dez Fitzpatrick,4400,1
Scott Matlock,Emany Johnson,4400,16
Scott Matlock,Eric Rogers,4400,4
Scott Matlock,Garmon Randolph,4400,3
Scott Matlock,Hassan Haskins,4400,9
Scott Matlock,Ja'Sir Taylor,4400,22
Scott Matlock,JaQuae Jackson,4400,7
Scott Matlock,Jamaree Caldwell,4400,10
Scott Matlock,Jamaree Salyer,4400,9
Scott Matlock,Jaret Patterson,4400,2
Scott Matlock,Jaylen Johnson,4400,4
Scott Matlock,Joe Alt,4400,2
Scott Matlock,Jordan Oladokun,4400,4
Scott Matlock,Josh Kaltenberger,4400,11
Scott Matlock,Junior Colson,4400,16
Scott Matlock,Justin Eboigbe,4400,5
Scott Matlock,Justin Herbert,4400,2
Scott Matlock,Kana'i Mauga,4400,7
Scott Matlock,Karsen Barnhart,4400,33
Scott Matlock,KeAndre Lambert-Smith,4400,20
Scott Matlock,Kendall Williamson,4400,22
Scott Matlock,Kimani Vidal,4400,13
Scott Matlock,Kylan Guidry,4400,17
Scott Matlock,Kyle Kennard,4400,6
Scott Matlock,Ladd McConkey,4400,2
Scott Matlock,Marlowe Wax,4400,10
Scott Matlock,Myles Purchase,4400,1
Scott Matlock,Naquan Jones,4400,14
Scott Matlock,Nash Jones,4400,16
Scott Matlock,Nesta Jade Silvera,4400,1
Scott Matlock,Nikko Reed,4400,8
Scott Matlock,Nyheim Hines,4400,5
Scott Matlock,Omarion Hampton,4400,4
Scott Matlock,Oronde Gadsden II,4400,9
Scott Matlock,Quentin Johnston,4400,1
Scott Matlock,R.J. Mickens,4400,23
Scott Matlock,Raheim Sanders,4400,3
Scott Matlock,Ryan Nelson,4400,18
Scott Matlock,Taylor Heinicke,4400,13
Scott Matlock,TeRah Edwards,4400,6
Scott Matlock,Tony Jefferson,4400,12
Scott Matlock,Tre Harris,4400,19
Scott Matlock,Tre'Mon Morris-Brash,4400,15
Scott Matlock,Trey Lance,4400,21
Scott Matlock,Trey Pipkins,4400,5
Scott Matlock,Trikweze Bridges,4400,17
Scott Matlock,Troy Dye,4400,9
Scott Matlock,Tucker Fisk,4400,27
Scott Matlock,Tyler Conklin,4400,2
Scott Matlock,Will Dissly,4400,4
Scott Matlock,Zion Johnson,4400,9
Scott Miller,Aiden Williams,3900,3
Scott Miller,Andrus Peat,3900,11
Scott Miller,Brandon Johnson,3900,17
Scott Miller,Broderick Jones,3900,16
Scott Miller,Connor Heyward,3900,16
Scott Miller,Darnell Washington,3900,10
Scott Miller,Doug Nester,3900,13
Scott Miller,Dylan Cook,3900,17
Scott Miller,Gareth Warren,3900,3
Scott Miller,JJ Galbreath,3900,9
Scott Miller,Jaylen Warren,3900,5
Scott Miller,Kaleb Johnson,3900,19
Scott Miller,Kenneth Gainwell,3900,5
Scott Miller,Kevin Foelsch,3900,1
Scott Miller,Lance McCutcheon,3900,5
Scott Miller,Mason McCormick,3900,16
Scott Miller,Mason Rudolph,3900,15
Scott Miller,Max Hurleman,3900,4
Scott Miller,Max Scharping,3900,17
Scott Miller,Pat Freiermuth,3900,5
Scott Miller,Robert Woods,3900,13
Scott Miller,Roman Wilson,3900,19
Scott Miller,Ryan McCollum,3900,4
Scott Miller,Skylar Thompson,3900,18
Scott Miller,Spencer Anderson,3900,16
Scott Miller,Steven Jones,3900,17
Scott Miller,Trey Sermon,3900,4
Scott Miller,Troy Fautanu,3900,16
Scott Miller,Zach Frazier,3900,16
Scotty Washington,Andrew Vorhees,0325,5
Scotty Washington,Anthony Miller,0325,22
Scotty Washington,Baylor Cupp,0325,9
Scotty Washington,Ben Cleveland,0325,20
Scotty Washington,Carson Vinson,0325,65
Scotty Washington,Charlie Kolar,0325,7
Scotty Washington,Cooper Rush,0325,16
Scotty Washington,Corey Bullock,0325,16
Scotty Washington,D'Ernest Johnson,0325,37
Scotty Washington,Daniel Faalele,0325,5
Scotty Washington,Darrian Dalcourt,0325,25
Scotty Washington,Dayton Wade,0325,18
Scotty Washington,Devin Leary,0325,54
Scotty Washington,Devontez Walker,0325,33
Scotty Washington,Garrett Dellinger,0325,48
Scotty Washington,Gerad Lichtenhan,0325,55
Scotty Washington,Jahmal Banks,0325,22
Scotty Washington,Jared Penning,0325,37
Scotty Washington,Joe Noteboom,0325,16
Scotty Washington,Keaton Mitchell,0325,1
Scotty Washington,Keith Kirkwood,0325,10
Scotty Washington,LaJohntay Wester,0325,23
Scotty Washington,Lucas Scott,0325,10
Scotty Washington,Malik Cunningham,0325,11
Scotty Washington,Myles Gaskin,0325,6
Scotty Washington,Nick Samac,0325,43
Scotty Washington,Rasheen Ali,0325,26
Scotty Washington,Reid Holskey,0325,11
Scotty Washington,Roger Rosengarten,0325,5
Scotty Washington,Tylan Wallace,0325,1
Scotty Washington,Xavier Guillory,0325,23
Scotty Washington,Zaire Mitchell-Paden,0325,20
Sean Clifford,Amar Johnson,1800,21
Sean Clifford,Anthony Belton,1800,20
Sean Clifford,Ben Sims,1800,16
Sean Clifford,Brant Banks,1800,21
Sean Clifford,Cornelius Johnson,1800,19
Sean Clifford,Donovan Jennings,1800,20
Sean Clifford,Isaiah Neyor,1800,13
Sean Clifford,Israel Abanikanda,1800,9
Sean Clifford,J.J. Lippe,1800,21
Sean Clifford,Jacob Monk,1800,10
Sean Clifford,Johnny Lumpkin,1800,15
Sean Clifford,Julian Hicks,1800,27
Sean Clifford,Kadeem Telfort,1800,41
Sean Clifford,Kawaan Baker,1800,8
Sean Clifford,Lecitus Smith,1800,31
Sean Clifford,Malik Heath,1800,8
Sean Clifford,Mecole Hardman,1800,10
Sean Clifford,Messiah Swinson,1800,28
Sean Clifford,Trey Hill,1800,11
Sean Clifford,Tyler Cooper,1800,30
Sean Clifford,Tyrion Davis-Price,1800,11
Sean Clifford,Will Sheppard,1800,20
Sean McKeon,Ajou Ajou,2200,16
Sean McKeon,Blake Freeland,2200,10
Sean McKeon,Blayne Taylor,2200,14
Sean McKeon,Coleman Owen,2200,21
Sean McKeon,D.J. Montgomery,2200,2
Sean McKeon,Dalton Tucker,2200,1
Sean McKeon,Danny Pinter,2200,1
Sean McKeon,Jalen Travis,2200,1
Sean McKeon,Jason Bean,2200,21
Sean McKeon,Jelani Woods,2200,6
Sean McKeon,Josh Sills,2200,29
Sean McKeon,Khalil Herbert,2200,4
Sean McKeon,Landon Parker,2200,15
Sean McKeon,Laquon Treadwell,2200,2
Sean McKeon,Luke Tenuta,2200,11
Sean McKeon,Marcellus Johnson,2200,21
Sean McKeon,Marshall Foerner,2200,21
Sean McKeon,Maximilian Mang,2200,5
Sean McKeon,Mose Vavao,2200,30
Sean McKeon,Nate Noel,2200,12
Sean McKeon,Nay'Quan Wright,2200,7
Sean McKeon,Riley Leonard,2200,10
Sean McKeon,Tyler Kahmann,2200,12
Sean McKeon,Ulysses Bentley IV,2200,8
Sean McKeon,Wesley French,2200,30
Sean Rhyan,Aaron Banks,1800,10
Sean Rhyan,Amar Johnson,1800,7
Sean Rhyan,Anthony Belton,1800,41
Sean Rhyan,Ben Sims,1800,20
Sean Rhyan,Chris Brooks,1800,23
Sean Rhyan,Cornelius Johnson,1800,13
Sean Rhyan,Donovan Jennings,1800,57
Sean Rhyan,Elgton Jenkins,1800,10
Sean Rhyan,Emanuel Wilson,1800,13
Sean Rhyan,Isaiah Neyor,1800,3
Sean Rhyan,Israel Abanikanda,1800,8
Sean Rhyan,Jacob Monk,1800,41
Sean Rhyan,Jalen White,1800,2
Sean Rhyan,John FitzPatrick,1800,38
Sean Rhyan,Jordan Love,1800,10
Sean Rhyan,Jordan Morgan,1800,67
Sean Rhyan,Josh Jacobs,1800,3
Sean Rhyan,Julian Hicks,1800,26
Sean Rhyan,Luke Musgrave,1800,18
Sean Rhyan,Malik Heath,1800,47
Sean Rhyan,Malik Willis,1800,57
Sean Rhyan,MarShawn Lloyd,1800,11
Sean Rhyan,Matthew Golden,1800,24
Sean Rhyan,Mecole Hardman,1800,38
Sean Rhyan,Rasheed Walker,1800,16
Sean Rhyan,Romeo Doubs,1800,24
Sean Rhyan,Tucker Kraft,1800,15
Sean Rhyan,Will Sheppard,1800,2
Sean Rhyan,Zach Tom,1800,26
Sean Tucker,Ben Bredeson,4900,1
Sean Tucker,Ben Scott,4900,30
Sean Tucker,Benjamin Chukwuma,4900,42
Sean Tucker,Cade Otton,4900,1
Sean Tucker,Charlie Heck,4900,6
Sean Tucker,Cody Mauch,4900,1
Sean Tucker,Connor Bazelak,4900,6
Sean Tucker,Dennis Houston,4900,4
Sean Tucker,Devin Culp,4900,20
Sean Tucker,Elijah Klein,4900,47
Sean Tucker,Emeka Egbuka,4900,1
Sean Tucker,Garrett Greene,4900,15
Sean Tucker,Graham Barton,4900,1
Sean Tucker,Jacob Harris,4900,11
Sean Tucker,Jaden Smith,4900,4
Sean Tucker,Jake Majors,4900,6
Sean Tucker,Kameron Johnson,4900,4
Sean Tucker,Ko Kieft,4900,9
Sean Tucker,Kyle Trask,4900,42
Sean Tucker,Luke Goedeke,4900,1
Sean Tucker,Luke Haggard,4900,43
Sean Tucker,Mike Jordan,4900,34
Sean Tucker,Payne Durham,4900,21
Sean Tucker,Raiqwon O'Neal,4900,10
Sean Tucker,Rakim Jarrett,4900,35
Sean Tucker,Ryan Miller,4900,38
Sean Tucker,Sterling Shepard,4900,1
Sean Tucker,Tanner Taula,4900,6
Sean Tucker,Teddy Bridgewater,4900,1
Sean Tucker,Tez Johnson,4900,22
Sean Tucker,Trey Palmer,4900,4
Sean Tucker,Tyler McLellan,4900,23
Sebastian Castro,Beanie Bishop Jr.,3900,8
Sebastian Castro,Brandin Echols,3900,12
Sebastian Castro,Breiden Fehoko,3900,24
Sebastian Castro,Cameron McCutcheon,3900,6
Sebastian Castro,Carson Bruener,3900,64
Sebastian Castro,Cole Holcomb,3900,12
Sebastian Castro,D'Shawn Jamison,3900,58
Sebastian Castro,Daniel Ekuale,3900,20
Sebastian Castro,Daryl Porter,3900,54
Sebastian Castro,DeMarvin Leal,3900,49
Sebastian Castro,Derrick Harmon,3900,6
Sebastian Castro,Devin Harper,3900,39
Sebastian Castro,Domenique Davis,3900,30
Sebastian Castro,Eku Leota,3900,44
Sebastian Castro,Esezi Otomewo,3900,41
Sebastian Castro,Isaiahh Loudermilk,3900,13
Sebastian Castro,Jack Sawyer,3900,43
Sebastian Castro,James Pierre,3900,22
Sebastian Castro,Julius Welschof,3900,42
Sebastian Castro,Kam Alexander,3900,17
Sebastian Castro,Kenny Willekes,3900,14
Sebastian Castro,Kyler Baugh,3900,23
Sebastian Castro,Kyler McMichael,3900,57
Sebastian Castro,Logan Lee,3900,34
Sebastian Castro,Malik Harrison,3900,25
Sebastian Castro,Mark Robinson,3900,52
Sebastian Castro,Mikey Victor,3900,34
Sebastian Castro,Miles Killebrew,3900,12
Sebastian Castro,Quindell Johnson,3900,84
Sebastian Castro,Yahya Black,3900,21
Sebastian Gutierrez,Ahmani Marshall,1050,16
Sebastian Gutierrez,Brenden Bates,1050,14
Sebastian Gutierrez,Bucky Williams,1050,47
Sebastian Gutierrez,Cade McDonald,1050,41
Sebastian Gutierrez,Chase Cota,1050,17
Sebastian Gutierrez,Dartanyan Tinsley,1050,23
Sebastian Gutierrez,Gage Larvadain,1050,22
Sebastian Gutierrez,Jason Ivey,1050,24
Sebastian Gutierrez,Javion Cohen,1050,37
Sebastian Gutierrez,Kaden Davis,1050,21
Sebastian Gutierrez,Kilian Zierer,1050,20
Sebastian Gutierrez,Kisean Johnson,1050,22
Sebastian Gutierrez,Lorenzo Thompson,1050,32
Sebastian Gutierrez,Mitch Van Vooren,1050,6
Sebastian Gutierrez,Mitchell Van Vooren,1050,3
Sebastian Gutierrez,Pierre Strong,1050,13
Sebastian Gutierrez,Roy Mbaeteka,1050,3
Sebastian Gutierrez,Sal Cannella,1050,42
Sebastian Gutierrez,Shedeur Sanders,1050,12
Sebastian Gutierrez,Teven Jenkins,1050,2
Sebastian Gutierrez,Toa Taua,1050,8
Sebastian Gutierrez,Trayveon Williams,1050,10
Sebastian Gutierrez,Tyler Huntley,1050,35
Sebastian Joseph-Day,Amani Hooker,2100,15
Sebastian Joseph-Day,Arden Key,2100,10
Sebastian Joseph-Day,Cedric Gray,2100,9
Sebastian Joseph-Day,Cody Barton,2100,15
Sebastian Joseph-Day,Darrell Baker Jr.,2100,15
Sebastian Joseph-Day,Dre'Mont Jones,2100,11
Sebastian Joseph-Day,James Lynch,2100,6
Sebastian Joseph-Day,James Williams,2100,6
Sebastian Joseph-Day,Jarvis Brownlee Jr.,2100,15
Sebastian Joseph-Day,Jeffery Simmons,2100,9
Sebastian Joseph-Day,Jihad Ward,2100,2
Sebastian Joseph-Day,Oluwafemi Oladejo,2100,7
Sebastian Joseph-Day,Roger McCreary,2100,8
Sebastian Joseph-Day,Timmy Horne,2100,7
Sebastian Joseph-Day,Xavier Woods,2100,15
Sebastian Valdez,Alfred Collins,4500,14
Sebastian Valdez,Bradlee Anae,4500,21
Sebastian Valdez,Bruce Hector,4500,25
Sebastian Valdez,Bryce Huff,4500,8
Sebastian Valdez,Chase Lucas,4500,60
Sebastian Valdez,Chazz Surratt,4500,21
Sebastian Valdez,Curtis Robinson,4500,12
Sebastian Valdez,Dallis Flowers,4500,32
Sebastian Valdez,Darrell Luter Jr.,4500,37
Sebastian Valdez,Dee Winters,4500,10
Sebastian Valdez,Demone Harris,4500,10
Sebastian Valdez,Deommodore Lenoir,4500,5
Sebastian Valdez,Derrick Canteen,4500,61
Sebastian Valdez,Evan Anderson,4500,23
Sebastian Valdez,Jakob Robinson,4500,36
Sebastian Valdez,Jalen Graham,4500,39
Sebastian Valdez,Jason Pinnock,4500,3
Sebastian Valdez,Jaylen Mahoney,4500,49
Sebastian Valdez,Jaylon Allen,4500,30
Sebastian Valdez,Ji'Ayir Brown,4500,21
Sebastian Valdez,Jonathan Garvin,4500,23
Sebastian Valdez,Kalia Davis,4500,9
Sebastian Valdez,Luke Gifford,4500,8
Sebastian Valdez,Marques Sigle,4500,30
Sebastian Valdez,Michael Dwumfour,4500,8
Sebastian Valdez,Nick Martin,4500,47
Sebastian Valdez,Robert Beal Jr.,4500,17
Sebastian Valdez,Shakel Brown,4500,2
Sebastian Valdez,Siran Neal,4500,29
Sebastian Valdez,Stone Blanton,4500,20
Sebastian Valdez,Tatum Bethune,4500,21
Sebastian Valdez,Tre Brown,4500,10
Sebastian Valdez,Trevis Gipson,4500,38
Sebastian Valdez,Will Bradley-King,4500,11
Segun Olubi,Adetomiwa Adebawore,2200,20
Segun Olubi,Alex Johnson,2200,62
Segun Olubi,Austin Ajiake,2200,50
Segun Olubi,BJ Mayes,2200,28
Segun Olubi,Chris Lammons,2200,31
Segun Olubi,Daniel Scott,2200,88
Segun Olubi,Desmond Little,2200,30
Segun Olubi,Devonta Davis,2200,27
Segun Olubi,Duke Shelley,2200,52
Segun Olubi,Durell Nchami,2200,50
Segun Olubi,Eric Johnson,2200,42
Segun Olubi,Hunter Wohler,2200,9
Segun Olubi,Isaiah Land,2200,55
Segun Olubi,JT Tuimoloau,2200,56
Segun Olubi,Jacob Phillips,2200,10
Segun Olubi,Johnathan Edwards,2200,41
Segun Olubi,Josh Tupou,2200,42
Segun Olubi,Julius Brents,2200,5
Segun Olubi,Ladarius Tennison,2200,18
Segun Olubi,Marcus Haynes,2200,14
Segun Olubi,Neville Gallimore,2200,22
Segun Olubi,Rodney Thomas,2200,28
Segun Olubi,Samuel Womack,2200,29
Segun Olubi,Solomon DeShields,2200,38
Segun Olubi,Tim Smith,2200,47
Segun Olubi,Tre Herndon,2200,14
Segun Olubi,Trey Washington,2200,70
Seth Coleman,Alphonzo Tuputala,4600,17
Seth Coleman,Anthony Campbell,4600,9
Seth Coleman,Connor O'Toole,4600,27
Seth Coleman,D'Anthony Bell,4600,18
Seth Coleman,D'Eryk Jackson,4600,36
Seth Coleman,Damarion Williams,4600,41
Seth Coleman,Drake Thomas,4600,15
Seth Coleman,Isas Waxter,4600,17
Seth Coleman,J.R. Singleton,4600,23
Seth Coleman,Jalan Gaines,4600,8
Seth Coleman,Jamie Sheriff,4600,13
Seth Coleman,Jared Ivey,4600,33
Seth Coleman,Jerrick Reed II,4600,33
Seth Coleman,Josh Jobe,4600,1
Seth Coleman,Kam Alexander,4600,1
Seth Coleman,Keydrain Calligan,4600,28
Seth Coleman,Michael Dowell,4600,6
Seth Coleman,Mike Morris,4600,3
Seth Coleman,Nehemiah Pritchett,4600,5
Seth Coleman,Patrick O'Connell,4600,4
Seth Coleman,Quinton Bohanna,4600,1
Seth Coleman,Ty Okada,4600,31
Seth Coleman,Tyler Hall,4600,22
Seth Coleman,Wy'Kevious Thomas,4600,18
Seth Green,Cedrick Wilson Jr.,3300,1
Seth Green,Dante Pettis,3300,13
Seth Green,Jake Haener,3300,6
Seth Green,Jonathan Mendoza,3300,13
Seth Green,Josiah Ezirim,3300,13
Seth Green,Kevin Austin Jr.,3300,7
Seth Green,Kyle Hergel,3300,13
Seth Green,Luke Fortner,3300,6
Seth Green,Marcus Yarns,3300,6
Seth Green,Mason Tipton,3300,7
Seth Green,Mike Panasiuk,3300,13
Seth Green,Moochie Dixon,3300,6
Seth Green,Roderick Daniels Jr.,3300,5
Seth Green,Shane Lemieux,3300,7
Seth Green,Spencer Rattler,3300,7
Seth Green,Velus Jones Jr.,3300,7
Seth Henigan,Austin Trammell,2250,11
Seth Henigan,Cam Camper,2250,32
Seth Henigan,Chandler Brayboy,2250,27
Seth Henigan,Darius Lassiter,2250,15
Seth Henigan,Dorian Singer,2250,43
Seth Henigan,Eli Pancol,2250,9
Seth Henigan,Ja'Quinden Jackson,2250,22
Seth Henigan,Javon Foster,2250,52
Seth Henigan,Jerome Carvin,2250,35
Seth Henigan,John Copenhaver,2250,20
Seth Henigan,Jonah Monheim,2250,17
Seth Henigan,Kevin Harris,2250,15
Seth Henigan,LeQuint Allen Jr.,2250,15
Seth Henigan,Patrick Herbert,2250,18
Seth Henigan,Quintin Morris,2250,23
Seth Henigan,Ricky Lee,2250,52
Seth Henigan,Sal Wormley,2250,52
Seth Henigan,Shawn Bowman,2250,5
Seth Henigan,Tremayne Anchrum,2250,52
Seth Henigan,Trenton Irwin,2250,5
Seth McLaughlin,Andrew Coker,0920,25
Seth McLaughlin,Andrew Raym,0920,11
Seth McLaughlin,Andrew Stueber,0920,25
Seth McLaughlin,Caleb Etienne,0920,14
Seth McLaughlin,Cam Grandy,0920,11
Seth McLaughlin,Cole Burgess,0920,25
Seth McLaughlin,Desmond Ridder,0920,10
Seth McLaughlin,Gary Brightwell,0920,4
Seth McLaughlin,Jamoi Mayes,0920,1
Seth McLaughlin,Jaxson Kirkland,0920,25
Seth McLaughlin,Jordan Moore,0920,19
Seth McLaughlin,Kendall Milton,0920,7
Seth McLaughlin,Payton Thorne,0920,15
Seth McLaughlin,Quali Conley,0920,14
Seth McLaughlin,Rashod Owens,0920,25
Seth McLaughlin,Tanner Hudson,0920,1
Seth McLaughlin,Tanner McLachlan,0920,18
Shaka Heyward,Barrett Carter,0920,30
Shaka Heyward,Bralyn Lux,0920,52
Shaka Heyward,Cameron Sample,0920,5
Shaka Heyward,D.J. Ivey,0920,67
Shaka Heyward,Daijahn Anthony,0920,31
Shaka Heyward,Eric Gregory,0920,37
Shaka Heyward,Howard Cross III,0920,43
Shaka Heyward,Isaiah Thomas,0920,61
Shaka Heyward,Jalen Davis,0920,12
Shaka Heyward,Jaylen Key,0920,23
Shaka Heyward,Joe Giles-Harris,0920,38
Shaka Heyward,Lance Robinson,0920,1
Shaka Heyward,Maema Njongmeta,0920,12
Shaka Heyward,Marco Wilson,0920,27
Shaka Heyward,McKinnley Jackson,0920,39
Shaka Heyward,McTelvin Agim,0920,9
Shaka Heyward,Nate Brooks,0920,37
Shaka Heyward,Oren Burks,0920,3
Shaka Heyward,PJ Jules,0920,45
Shaka Heyward,Raymond Johnson III,0920,46
Shaka Heyward,Shaquan Loyal,0920,7
Shaka Heyward,Shemar Stewart,0920,2
Shaka Heyward,Taven Bryan,0920,23
Shaka Heyward,Tycen Anderson,0920,30
Shakel Brown,Bruce Hector,4500,31
Shakel Brown,Chase Lucas,4500,31
Shakel Brown,Chazz Surratt,4500,14
Shakel Brown,Curtis Robinson,4500,12
Shakel Brown,Demone Harris,4500,7
Shakel Brown,Derrick Canteen,4500,33
Shakel Brown,Jakob Robinson,4500,31
Shakel Brown,Jalen Graham,4500,19
Shakel Brown,Jaylen Mahoney,4500,33
Shakel Brown,Jaylon Allen,4500,27
Shakel Brown,Nick Martin,4500,25
Shakel Brown,Robert Beal Jr.,4500,4
Shakel Brown,Sebastian Valdez,4500,2
Shakel Brown,Siran Neal,4500,33
Shakel Brown,Trevis Gipson,4500,4
Shakel Brown,Will Bradley-King,4500,24
Shane Buechele,Chase Lundt,0610,81
Shane Buechele,Dan Feeney,0610,29
Shane Buechele,Darrynton Evans,0610,4
Shane Buechele,Deon Cain,0610,41
Shane Buechele,Elijah Moore,0610,17
Shane Buechele,Elijah Young,0610,33
Shane Buechele,Frank Gore Jr.,0610,44
Shane Buechele,Jackson Hawes,0610,14
Shane Buechele,Jacob Bayer,0610,55
Shane Buechele,Jalen Virgil,0610,14
Shane Buechele,KJ Hamler,0610,37
Shane Buechele,Kaden Prather,0610,2
Shane Buechele,Keleki Latu,0610,37
Shane Buechele,Kendrick Green,0610,26
Shane Buechele,Kristian Wilkerson,0610,38
Shane Buechele,Laviska Shenault Jr.,0610,30
Shane Buechele,Matt Sokol,0610,31
Shane Buechele,Mike Edwards,0610,63
Shane Buechele,Richard Gouraige,0610,81
Shane Buechele,Rush Reimer,0610,35
Shane Buechele,Ryan Van Demark,0610,15
Shane Buechele,Stephen Gosnell,0610,18
Shane Buechele,Travis Clayton,0610,20
Shane Buechele,Tyrell Shavers,0610,20
Shane Buechele,Zach Davidson,0610,25
Shane Lemieux,Barry Wesley,3300,62
Shane Lemieux,Cam Akers,3300,13
Shane Lemieux,Cedrick Wilson Jr.,3300,37
Shane Lemieux,Clyde Edwards-Helaire,3300,20
Shane Lemieux,Dante Pettis,3300,48
Shane Lemieux,Devin Neal,3300,13
Shane Lemieux,Dillon Radunz,3300,18
Shane Lemieux,Donovan Peoples-Jones,3300,8
Shane Lemieux,Easton Kilty,3300,76
Shane Lemieux,Jack Stoll,3300,4
Shane Lemieux,Jake Haener,3300,8
Shane Lemieux,Jonathan Mendoza,3300,42
Shane Lemieux,Josiah Ezirim,3300,14
Shane Lemieux,Kevin Austin Jr.,3300,81
Shane Lemieux,Kyle Hergel,3300,9
Shane Lemieux,Landon Young,3300,34
Shane Lemieux,Marcus Yarns,3300,12
Shane Lemieux,Mason Tipton,3300,63
Shane Lemieux,Michael Jacobson,3300,28
Shane Lemieux,Mike Panasiuk,3300,9
Shane Lemieux,Moliki Matavao,3300,44
Shane Lemieux,Seth Green,3300,7
Shane Lemieux,Spencer Rattler,3300,38
Shane Lemieux,Torricelli Simpkins III,3300,76
Shane Lemieux,Treyton Welch,3300,17
Shane Lemieux,Tyler Shough,3300,39
Shane Lemieux,Velus Jones Jr.,3300,30
Shane Watts,Alec Lindstrom,3200,19
Shane Watts,Ben Wooldridge,3200,33
Shane Watts,CJ Dippre,3200,22
Shane Watts,Caedan Wallace,3200,25
Shane Watts,Cole Fotheringham,3200,12
Shane Watts,Cole Strange,3200,16
Shane Watts,Demontrey Jacobs,3200,35
Shane Watts,Efton Chism III,3200,1
Shane Watts,Gee Scott Jr.,3200,16
Shane Watts,Jack Conley,3200,24
Shane Watts,Jack Westover,3200,8
Shane Watts,Jaheim Bell,3200,6
Shane Watts,Jared Wilson,3200,2
Shane Watts,Javon Baker,3200,15
Shane Watts,Jeremiah Webb,3200,25
Shane Watts,John Jiles,3200,23
Shane Watts,Joshua Dobbs,3200,2
Shane Watts,Layden Robinson,3200,4
Shane Watts,Mehki Butler,3200,15
Shane Watts,Phil Lutz,3200,12
Shane Watts,Sidy Sow,3200,11
Shane Watts,Tyrese Robinson,3200,13
Shane Watts,Vederian Lowe,3200,11
Shane Zylstra,Colby Sorsdal,1540,5
Shane Zylstra,Craig Reynolds,1540,37
Shane Zylstra,Dan Skipper,1540,43
Shane Zylstra,Dominic Lovett,1540,20
Shane Zylstra,Giovanni Manu,1540,32
Shane Zylstra,Hendon Hooker,1540,18
Shane Zylstra,Isaac TeSlaa,1540,66
Shane Zylstra,Jabari Small,1540,13
Shane Zylstra,Jackson Meeks,1540,35
Shane Zylstra,Jacob Saylors,1540,6
Shane Zylstra,Jamarco Jones,1540,37
Shane Zylstra,Kayode Awosika,1540,61
Shane Zylstra,Kenny Yeboah,1540,6
Shane Zylstra,Kingsley Eguakun,1540,50
Shane Zylstra,Kyle Allen,1540,48
Shane Zylstra,Mason Miller,1540,20
Shane Zylstra,Netane Muti,1540,48
Shane Zylstra,Sione Vaki,1540,10
Shane Zylstra,Tate Ratledge,1540,18
Shane Zylstra,Tom Kennedy,1540,61
Shane Zylstra,Trystan Colon,1540,16
Shane Zylstra,Zach Horton,1540,10
Shaquan Loyal,Bralyn Lux,0920,57
Shaquan Loyal,Craig Young,0920,49
Shaquan Loyal,D.J. Ivey,0920,6
Shaquan Loyal,Eric Gregory,0920,36
Shaquan Loyal,Howard Cross III,0920,27
Shaquan Loyal,Isaiah Thomas,0920,54
Shaquan Loyal,Jaylen Key,0920,54
Shaquan Loyal,Joe Giles-Harris,0920,18
Shaquan Loyal,Lance Robinson,0920,57
Shaquan Loyal,Maema Njongmeta,0920,59
Shaquan Loyal,McKinnley Jackson,0920,40
Shaquan Loyal,McTelvin Agim,0920,26
Shaquan Loyal,Nate Brooks,0920,63
Shaquan Loyal,PJ Jules,0920,9
Shaquan Loyal,Raymond Johnson III,0920,46
Shaquan Loyal,Shaka Heyward,0920,7
Shaquan Loyal,Taven Bryan,0920,22
Shaquill Griffin,Brandon Pili,4600,8
Shaquill Griffin,Connor O'Toole,4600,13
Shaquill Griffin,D'Anthony Bell,4600,24
Shaquill Griffin,Damarion Williams,4600,10
Shaquill Griffin,Drake Thomas,4600,24
Shaquill Griffin,Isas Waxter,4600,4
Shaquill Griffin,J.R. Singleton,4600,13
Shaquill Griffin,Jamie Sheriff,4600,11
Shaquill Griffin,Jared Ivey,4600,9
Shaquill Griffin,Jerrick Reed II,4600,9
Shaquill Griffin,Josh Jobe,4600,8
Shaquill Griffin,Mike Morris,4600,8
Shaquill Griffin,Nehemiah Pritchett,4600,6
Shaquill Griffin,Nick Emmanwori,4600,6
Shaquill Griffin,Patrick O'Connell,4600,23
Shaquill Griffin,Quinton Bohanna,4600,20
Shaquill Griffin,Ty Okada,4600,24
Shaquill Griffin,Tyler Hall,4600,2
Shaquill Griffin,Tyreke Smith,4600,12
Shaquill Griffin,Wy'Kevious Thomas,4600,6
Shaun Dolac,A.J. Green,2510,34
Shaun Dolac,Bill Norton,2510,12
Shaun Dolac,Brennan Jackson,2510,48
Shaun Dolac,Cam Lampkin,2510,42
Shaun Dolac,Charles Woods,2510,34
Shaun Dolac,Da'Jon Terry,2510,14
Shaun Dolac,Decarius Hawthorne,2510,11
Shaun Dolac,Derion Kendrick,2510,46
Shaun Dolac,Desjuan Johnson,2510,28
Shaun Dolac,Jack Heflin,2510,35
Shaun Dolac,Jamil Muhammad,2510,8
Shaun Dolac,Josaiah Stewart,2510,15
Shaun Dolac,Josh Pearcy,2510,19
Shaun Dolac,Josh Wallace,2510,22
Shaun Dolac,Keir Thomas,2510,16
Shaun Dolac,Larrell Murchison,2510,32
Shaun Dolac,Malik Dixon-Williams,2510,33
Shaun Dolac,Nate Valcarcel,2510,40
Shaun Dolac,Nick Hampton,2510,44
Shaun Dolac,Pooh Paul Jr.,2510,37
Shaun Dolac,Shaun Jolly,2510,54
Shaun Dolac,Tanner Ingle,2510,56
Shaun Dolac,Tony Fields II,2510,37
Shaun Dolac,Ty Hamilton,2510,33
Shaun Jolly,A.J. Green,2510,34
Shaun Jolly,Bill Norton,2510,34
Shaun Jolly,Brennan Jackson,2510,68
Shaun Jolly,Cam Lampkin,2510,63
Shaun Jolly,Charles Woods,2510,33
Shaun Jolly,Da'Jon Terry,2510,30
Shaun Jolly,Decarius Hawthorne,2510,27
Shaun Jolly,Derion Kendrick,2510,69
Shaun Jolly,Desjuan Johnson,2510,67
Shaun Jolly,Elias Neal,2510,39
Shaun Jolly,Jack Heflin,2510,57
Shaun Jolly,Jamil Muhammad,2510,20
Shaun Jolly,Josaiah Stewart,2510,17
Shaun Jolly,Josh Pearcy,2510,27
Shaun Jolly,Josh Wallace,2510,22
Shaun Jolly,Keir Thomas,2510,17
Shaun Jolly,Larrell Murchison,2510,29
Shaun Jolly,Malik Dixon-Williams,2510,58
Shaun Jolly,Nate Valcarcel,2510,68
Shaun Jolly,Nick Hampton,2510,40
Shaun Jolly,Pooh Paul Jr.,2510,71
Shaun Jolly,Shaun Dolac,2510,54
Shaun Jolly,Tanner Ingle,2510,76
Shaun Jolly,Tony Fields II,2510,52
Shaun Jolly,Ty Hamilton,2510,28
Shawn Bowman,Austin Trammell,2250,13
Shawn Bowman,Bhayshul Tuten,2250,9
Shawn Bowman,Cam Camper,2250,11
Shawn Bowman,Chandler Brayboy,2250,9
Shawn Bowman,Dorian Singer,2250,8
Shawn Bowman,Fred Johnson,2250,15
Shawn Bowman,Hunter Long,2250,6
Shawn Bowman,Ja'Quinden Jackson,2250,14
Shawn Bowman,Javon Foster,2250,18
Shawn Bowman,Jerome Carvin,2250,14
Shawn Bowman,John Copenhaver,2250,1
Shawn Bowman,John Wolford,2250,15
Shawn Bowman,Jonah Monheim,2250,19
Shawn Bowman,Joshua Cephus,2250,10
Shawn Bowman,Kevin Harris,2250,4
Shawn Bowman,LeQuint Allen Jr.,2250,2
Shawn Bowman,Luke Fortner,2250,7
Shawn Bowman,Nick Mullens,2250,13
Shawn Bowman,Parker Washington,2250,4
Shawn Bowman,Patrick Herbert,2250,6
Shawn Bowman,Quintin Morris,2250,9
Shawn Bowman,Ricky Lee,2250,26
Shawn Bowman,Sal Wormley,2250,33
Shawn Bowman,Seth Henigan,2250,5
Shawn Bowman,Tank Bigsby,2250,4
Shawn Bowman,Tremayne Anchrum,2250,26
Shawn Bowman,Trenton Irwin,2250,22
Shawn Bowman,Wyatt Milum,2250,7
Shedeur Sanders,Ahmani Marshall,1050,29
Shedeur Sanders,Brenden Bates,1050,25
Shedeur Sanders,Bucky Williams,1050,23
Shedeur Sanders,Cade McDonald,1050,31
Shedeur Sanders,Chase Cota,1050,17
Shedeur Sanders,Cornelius Lucas,1050,18
Shedeur Sanders,Dartanyan Tinsley,1050,11
Shedeur Sanders,Diontae Johnson,1050,16
Shedeur Sanders,Dylan Sampson,1050,8
Shedeur Sanders,Gage Larvadain,1050,27
Shedeur Sanders,Harold Fannin Jr.,1050,6
Shedeur Sanders,Jackson Barton,1050,32
Shedeur Sanders,Jamari Thrash,1050,18
Shedeur Sanders,Jason Ivey,1050,32
Shedeur Sanders,Javion Cohen,1050,47
Shedeur Sanders,Kaden Davis,1050,35
Shedeur Sanders,Kilian Zierer,1050,16
Shedeur Sanders,Kisean Johnson,1050,10
Shedeur Sanders,Lorenzo Thompson,1050,32
Shedeur Sanders,Luke Floriea,1050,12
Shedeur Sanders,Luke Wypler,1050,32
Shedeur Sanders,Sal Cannella,1050,27
Shedeur Sanders,Sebastian Gutierrez,1050,12
Shedeur Sanders,Teven Jenkins,1050,20
Shedeur Sanders,Trayveon Williams,1050,14
Shedrick Jackson,Aidan O'Connell,2520,26
Shedrick Jackson,Albert Okwuegbunam,2520,12
Shedrick Jackson,Atonio Mafi,2520,28
Shedrick Jackson,Caleb Rogers,2520,35
Shedrick Jackson,Cam Miller,2520,30
Shedrick Jackson,Carter Runyon,2520,30
Shedrick Jackson,Charles Grant,2520,35
Shedrick Jackson,Chris Collier,2520,17
Shedrick Jackson,Collin Johnson,2520,11
Shedrick Jackson,Dalton Wagner,2520,21
Shedrick Jackson,Dylan Laube,2520,25
Shedrick Jackson,Gottlieb Ayedze,2520,27
Shedrick Jackson,Jackson Powers-Johnson,2520,4
Shedrick Jackson,Jarrod Hufford,2520,21
Shedrick Jackson,Jordan Meredith,2520,4
Shedrick Jackson,Justin Shorter,2520,45
Shedrick Jackson,Kawaan Baker,2520,1
Shedrick Jackson,Ketron Jackson Jr.,2520,6
Shedrick Jackson,Laki Tasi,2520,14
Shedrick Jackson,Parker Clements,2520,21
Shedrick Jackson,Phillip Dorsett,2520,49
Shedrick Jackson,Qadir Ismail,2520,14
Shedrick Jackson,Raheem Mostert,2520,4
Shedrick Jackson,Sincere McCormick,2520,7
Shedrick Jackson,Thayer Munford Jr.,2520,35
Shedrick Jackson,Will Putnam,2520,35
Shedrick Jackson,Zamir White,2520,3
Shelby Harris,Alex Wright,1050,6
Shelby Harris,Cameron Mitchell,1050,16
Shelby Harris,Cameron Thomas,1050,12
Shelby Harris,Carson Schwesinger,1050,2
Shelby Harris,Charlie Thomas,1050,1
Shelby Harris,Chris Edmonds,1050,1
Shelby Harris,Damontae Kazee,1050,14
Shelby Harris,Devin Bush,1050,16
Shelby Harris,Dom Jones,1050,12
Shelby Harris,Easton Mascarenas-Arnold,1050,4
Shelby Harris,Isaiah McGuire,1050,4
Shelby Harris,Jerome Baker,1050,17
Shelby Harris,Joe Tryon-Shoyinka,1050,17
Shelby Harris,Julian Okwara,1050,1
Shelby Harris,Myles Harden,1050,10
Shelby Harris,Nathaniel Watson,1050,4
Shelby Harris,Rayshawn Jenkins,1050,11
Shelby Harris,Ronnie Hickman Jr.,1050,15
Shelby Harris,Sam Kamara,1050,20
Shelby Harris,Tony Brown,1050,17
Sheldon Day,Ale Kaho,5110,41
Sheldon Day,Allan George,5110,5
Sheldon Day,Andre Jones Jr.,5110,53
Sheldon Day,Antonio Hamilton,5110,34
Sheldon Day,Ben Nikkel,5110,39
Sheldon Day,Bobby Price,5110,37
Sheldon Day,Car'lin Vigers,5110,67
Sheldon Day,Carl Davis,5110,33
Sheldon Day,Clelin Ferrell,5110,40
Sheldon Day,Daryl Worley,5110,36
Sheldon Day,Dominique Hampton,5110,15
Sheldon Day,Duke Riley,5110,30
Sheldon Day,Eddie Goldman,5110,19
Sheldon Day,Essang Bassey,5110,17
Sheldon Day,Jacob Martin,5110,9
Sheldon Day,Jalyn Holmes,5110,54
Sheldon Day,Javontae Jean-Baptiste,5110,3
Sheldon Day,Jer'Zhan Newton,5110,15
Sheldon Day,Jeremy Reaves,5110,16
Sheldon Day,Jordan Magee,5110,8
Sheldon Day,Kain Medrano,5110,47
Sheldon Day,Kam Arnold,5110,19
Sheldon Day,Kevon Seymour,5110,2
Sheldon Day,Noah Igbinoghene,5110,53
Sheldon Day,Norell Pollard,5110,14
Sheldon Day,Percy Butler,5110,24
Sheldon Day,Ricky Barber,5110,8
Sheldon Day,Robert McDaniel,5110,44
Sheldon Day,T.J. Maguranyanga,5110,9
Sheldon Day,Trey Amos,5110,13
Sheldon Day,Tyler Owens,5110,23
Sheldon Day,Viliami Fehoko Jr.,5110,3
Sheldon Rankins,Azeez Al-Shaair,2120,9
Sheldon Rankins,Calen Bullock,2120,9
Sheldon Rankins,Danielle Hunter,2120,9
Sheldon Rankins,Derek Stingley Jr.,2120,8
Sheldon Rankins,E.J. Speed,2120,4
Sheldon Rankins,Henry To'oTo'o,2120,7
Sheldon Rankins,Jalen Pitre,2120,9
Sheldon Rankins,Jaylin Smith,2120,1
Sheldon Rankins,Kamari Lassiter,2120,9
Sheldon Rankins,M.J. Stewart,2120,7
Sheldon Rankins,Mario Edwards,2120,1
Sheldon Rankins,Tim Settle,2120,8
Sheldon Rankins,Will Anderson Jr.,2120,9
Shemar Bartholomew,A'Shawn Robinson,0750,9
Shemar Bartholomew,Akayleb Evans,0750,15
Shemar Bartholomew,Bam Martin-Scott,0750,16
Shemar Bartholomew,Bobby Brown III,0750,30
Shemar Bartholomew,Cam Jackson,0750,12
Shemar Bartholomew,Carlos Basham,0750,12
Shemar Bartholomew,Chau Smith-Wade,0750,7
Shemar Bartholomew,Christian Rozeboom,0750,13
Shemar Bartholomew,Claudin Cherelus,0750,10
Shemar Bartholomew,Corey Thornton,0750,54
Shemar Bartholomew,D.J. Wonnum,0750,13
Shemar Bartholomew,DJ Johnson,0750,15
Shemar Bartholomew,Demani Richardson,0750,60
Shemar Bartholomew,Derrick Brown,0750,3
Shemar Bartholomew,Isaac Gifford,0750,5
Shemar Bartholomew,J.J. Weaver,0750,4
Shemar Bartholomew,Jacoby Windmon,0750,26
Shemar Bartholomew,Jaden Crumedy,0750,27
Shemar Bartholomew,Jared Harrison-Hunte,0750,7
Shemar Bartholomew,Jon Rhattigan,0750,24
Shemar Bartholomew,Krys Barnes,0750,32
Shemar Bartholomew,Lathan Ransom,0750,35
Shemar Bartholomew,Mello Dotson,0750,1
Shemar Bartholomew,Michael Reid,0750,32
Shemar Bartholomew,Mike Jackson,0750,13
Shemar Bartholomew,Nic Scourton,0750,14
Shemar Bartholomew,Nick Scott,0750,45
Shemar Bartholomew,Patrick Jones II,0750,13
Shemar Bartholomew,Princely Umanmielen,0750,38
Shemar Bartholomew,Sam Roberts,0750,23
Shemar Bartholomew,Shy Tuttle,0750,38
Shemar Bartholomew,Tershawn Wharton,0750,11
Shemar Bartholomew,Thomas Incoom,0750,37
Shemar Bartholomew,Tre Swilling,0750,5
Shemar Bartholomew,Tre'von Moehrig,0750,13
Shemar Bartholomew,Trevian Thomas,0750,5
Shemar Bartholomew,Trevin Wallace,0750,13
Shemar James,Alijah Clark,1200,41
Shemar James,Andrew Booth,1200,24
Shemar James,Bruce Harmon,1200,21
Shemar James,Buddy Johnson,1200,34
Shemar James,Christian Matthew,1200,49
Shemar James,Damone Clark,1200,21
Shemar James,Darius Harris,1200,66
Shemar James,Denzel Daxon,1200,30
Shemar James,Donovan Ezeiruaku,1200,21
Shemar James,Earnest Brown IV,1200,52
Shemar James,Israel Mukuamu,1200,104
Shemar James,James Houston,1200,82
Shemar James,Jay Toia,1200,53
Shemar James,Juanyeh Thomas,1200,5
Shemar James,Justin Barron,1200,42
Shemar James,Kemon Hall,1200,29
Shemar James,Marshawn Kneeland,1200,3
Shemar James,Mazi Smith,1200,31
Shemar James,Michael Ojemudia,1200,19
Shemar James,Mike Smith Jr.,1200,107
Shemar James,Payton Turner,1200,30
Shemar James,Perrion Winfrey,1200,51
Shemar James,Robert Rochell,1200,28
Shemar James,Tommy Akingbesote,1200,39
Shemar James,Troy Pride,1200,84
Shemar James,Tyrus Wheat,1200,87
Shemar James,Zion Childress,1200,46
Shemar Stewart,Barrett Carter,0920,16
Shemar Stewart,Bralyn Lux,0920,8
Shemar Stewart,Cam Taylor-Britt,0920,7
Shemar Stewart,Cameron Sample,0920,16
Shemar Stewart,D.J. Ivey,0920,16
Shemar Stewart,DJ Turner II,0920,1
Shemar Stewart,Daijahn Anthony,0920,18
Shemar Stewart,Daxton Hill,0920,7
Shemar Stewart,Demetrius Knight Jr.,0920,8
Shemar Stewart,Eric Gregory,0920,5
Shemar Stewart,Howard Cross III,0920,12
Shemar Stewart,Jalen Davis,0920,5
Shemar Stewart,Joe Giles-Harris,0920,4
Shemar Stewart,Jordan Battle,0920,8
Shemar Stewart,Joseph Ossai,0920,8
Shemar Stewart,Josh Newton,0920,7
Shemar Stewart,Kris Jenkins,0920,8
Shemar Stewart,Logan Wilson,0920,8
Shemar Stewart,McKinnley Jackson,0920,9
Shemar Stewart,Myles Murphy,0920,1
Shemar Stewart,Nate Brooks,0920,16
Shemar Stewart,Oren Burks,0920,15
Shemar Stewart,PJ Jules,0920,2
Shemar Stewart,Shaka Heyward,0920,2
Shemar Stewart,Taven Bryan,0920,6
Shemar Stewart,Tedarrell Slaton,0920,7
Shemar Stewart,Tycen Anderson,0920,20
Shilo Sanders,Adam Gotsis,4900,10
Shilo Sanders,Antonio Grier Jr.,4900,38
Shilo Sanders,Bryce Hall,4900,30
Shilo Sanders,C.J. Brewer,4900,17
Shilo Sanders,Chris Braswell,4900,28
Shilo Sanders,Deion Jones,4900,12
Shilo Sanders,Dvon J-Thomas,4900,18
Shilo Sanders,Elijah Roberts,4900,35
Shilo Sanders,Eric Banks,4900,24
Shilo Sanders,Greg Gaines,4900,10
Shilo Sanders,JJ Roberts,4900,32
Shilo Sanders,JayVian Farr,4900,29
Shilo Sanders,John Bullock,4900,49
Shilo Sanders,Jose Ramirez,4900,49
Shilo Sanders,Kaevon Merriweather,4900,31
Shilo Sanders,Kindle Vildor,4900,56
Shilo Sanders,Markees Watts,4900,42
Shilo Sanders,Mike Greene,4900,34
Shilo Sanders,Nash Hutmacher,4900,15
Shilo Sanders,Nick Jackson,4900,45
Shilo Sanders,Rashad Wisdom,4900,62
Shilo Sanders,Roman Parodie,4900,13
Shilo Sanders,Tyrek Funderburk,4900,16
Shilo Sanders,Warren Peeples,4900,25
ShunDerrick Powell,Ainias Smith,3700,2
ShunDerrick Powell,Ben VanSumeren,3700,1
ShunDerrick Powell,Brett Toth,3700,6
ShunDerrick Powell,Cameron Latu,3700,5
ShunDerrick Powell,Cameron Williams,3700,25
ShunDerrick Powell,Darius Cooper,3700,18
ShunDerrick Powell,Dorian Thompson-Robinson,3700,18
ShunDerrick Powell,Drew Kendall,3700,18
ShunDerrick Powell,E.J. Jenkins,3700,17
ShunDerrick Powell,Elijah Cooks,3700,2
ShunDerrick Powell,Giles Jackson,3700,5
ShunDerrick Powell,Hollin Pierce,3700,7
ShunDerrick Powell,Ife Adeyi,3700,2
ShunDerrick Powell,Johnny Wilson,3700,12
ShunDerrick Powell,Kenyon Green,3700,14
ShunDerrick Powell,Kyle McCord,3700,7
ShunDerrick Powell,Kylen Granson,3700,1
ShunDerrick Powell,Laekin Vakalahi,3700,5
ShunDerrick Powell,Myles Hinton,3700,25
ShunDerrick Powell,Nick Muse,3700,11
ShunDerrick Powell,Taylor Morin,3700,16
ShunDerrick Powell,Terrace Marshall Jr.,3700,8
ShunDerrick Powell,Trevor Keegan,3700,25
Shy Tuttle,A'Shawn Robinson,0750,5
Shy Tuttle,Akayleb Evans,0750,8
Shy Tuttle,Bam Martin-Scott,0750,9
Shy Tuttle,Bobby Brown III,0750,28
Shy Tuttle,Cam Jackson,0750,1
Shy Tuttle,Carlos Basham,0750,8
Shy Tuttle,Chau Smith-Wade,0750,2
Shy Tuttle,Christian Rozeboom,0750,7
Shy Tuttle,Claudin Cherelus,0750,8
Shy Tuttle,Corey Thornton,0750,35
Shy Tuttle,D.J. Wonnum,0750,7
Shy Tuttle,DJ Johnson,0750,11
Shy Tuttle,Demani Richardson,0750,35
Shy Tuttle,J.J. Weaver,0750,6
Shy Tuttle,Jacoby Windmon,0750,18
Shy Tuttle,Jaden Crumedy,0750,10
Shy Tuttle,Jared Harrison-Hunte,0750,2
Shy Tuttle,Jon Rhattigan,0750,18
Shy Tuttle,Krys Barnes,0750,17
Shy Tuttle,Lathan Ransom,0750,15
Shy Tuttle,Michael Reid,0750,15
Shy Tuttle,Mike Jackson,0750,7
Shy Tuttle,Nic Scourton,0750,12
Shy Tuttle,Nick Scott,0750,27
Shy Tuttle,Patrick Jones II,0750,7
Shy Tuttle,Princely Umanmielen,0750,19
Shy Tuttle,Sam Roberts,0750,7
Shy Tuttle,Shemar Bartholomew,0750,38
Shy Tuttle,Tershawn Wharton,0750,5
Shy Tuttle,Thomas Incoom,0750,14
Shy Tuttle,Tre'von Moehrig,0750,7
Shy Tuttle,Trevian Thomas,0750,5
Shy Tuttle,Trevin Wallace,0750,7
Sidy Sow,Ben Brown,3200,15
Sidy Sow,Ben Wooldridge,3200,35
Sidy Sow,CJ Dippre,3200,10
Sidy Sow,Caedan Wallace,3200,23
Sidy Sow,Cole Fotheringham,3200,21
Sidy Sow,Cole Strange,3200,39
Sidy Sow,Demontrey Jacobs,3200,39
Sidy Sow,Efton Chism III,3200,18
Sidy Sow,Gee Scott Jr.,3200,11
Sidy Sow,JaMycal Hasty,3200,42
Sidy Sow,Jack Westover,3200,32
Sidy Sow,Jaheim Bell,3200,4
Sidy Sow,Jared Wilson,3200,31
Sidy Sow,Javon Baker,3200,43
Sidy Sow,Jeremiah Webb,3200,14
Sidy Sow,John Jiles,3200,34
Sidy Sow,Joshua Dobbs,3200,19
Sidy Sow,Kyle Williams,3200,8
Sidy Sow,Marcus Bryant,3200,15
Sidy Sow,Micah Bernard,3200,1
Sidy Sow,Phil Lutz,3200,21
Sidy Sow,Shane Watts,3200,11
Sidy Sow,Vederian Lowe,3200,54
Silas Bolden,Brett Rypien,3000,4
Silas Bolden,Bryson Nesbit,3000,12
Silas Bolden,Dontae Fleming,3000,22
Silas Bolden,Giovanni Ricci,3000,8
Silas Bolden,Joe Huber,3000,22
Silas Bolden,Leroy Watson IV,3000,11
Silas Bolden,Logan Brown,3000,22
Silas Bolden,Max Brosmer,3000,18
Silas Bolden,Michael Gonzalez,3000,11
Silas Bolden,Michael Jurgens,3000,4
Silas Bolden,Myles Price,3000,17
Silas Bolden,Nick Vannett,3000,7
Silas Bolden,Tre Stewart,3000,15
Silas Bolden,Vershon Lee,3000,22
Silas Bolden,Xazavian Valladay,3000,7
Silas Bolden,Zack Bailey,3000,11
Silas Bolden,Zeke Correll,3000,7
Simeon Barrow Jr.,Billy Bowman Jr.,0200,5
Simeon Barrow Jr.,Bralen Trice,0200,2
Simeon Barrow Jr.,Brandon Dorlus,0200,9
Simeon Barrow Jr.,C.J. Henderson,0200,2
Simeon Barrow Jr.,Caleb Johnson,0200,26
Simeon Barrow Jr.,Cobee Bryant,0200,25
Simeon Barrow Jr.,DeAngelo Malone,0200,35
Simeon Barrow Jr.,Dee Alford,0200,1
Simeon Barrow Jr.,Dontae Manning,0200,32
Simeon Barrow Jr.,Henry Black,0200,33
Simeon Barrow Jr.,James Pearce Jr.,0200,15
Simeon Barrow Jr.,Josh Thompson,0200,46
Simeon Barrow Jr.,Keith Taylor,0200,11
Simeon Barrow Jr.,Kentavius Street,0200,16
Simeon Barrow Jr.,Khalid Kareem,0200,23
Simeon Barrow Jr.,LaCale London,0200,23
Simeon Barrow Jr.,Lamar Jackson,0200,36
Simeon Barrow Jr.,Mike Ford,0200,29
Simeon Barrow Jr.,Morgan Fox,0200,20
Simeon Barrow Jr.,Natrone Brooks,0200,10
Simeon Barrow Jr.,Nick Kubitz,0200,32
Simeon Barrow Jr.,Ronnie Harrison,0200,29
Simeon Barrow Jr.,Ronnie Perkins,0200,16
Simeon Barrow Jr.,Ruke Orhorhoro,0200,1
Simeon Barrow Jr.,Ta'Quon Graham,0200,2
Simeon Barrow Jr.,Xavier Watts,0200,5
Simeon Barrow Jr.,Zach Harrison,0200,6
Simi Fehoko,Andre Baccellia,3800,18
Simi Fehoko,Bam Knight,3800,3
Simi Fehoko,Bryson Green,3800,6
Simi Fehoko,Clayton Tune,3800,28
Simi Fehoko,Elijah Higgins,3800,9
Simi Fehoko,Emari Demercado,3800,17
Simi Fehoko,Jacoby Brissett,3800,10
Simi Fehoko,Jake Curhan,3800,8
Simi Fehoko,Jeremiah Byers,3800,38
Simi Fehoko,Jon Gaines II,3800,20
Simi Fehoko,Josh Fryar,3800,30
Simi Fehoko,Josiah Deguara,3800,24
Simi Fehoko,Michael Carter,3800,18
Simi Fehoko,Nick Leverett,3800,38
Simi Fehoko,Oscar Cardenas,3800,2
Simi Fehoko,Royce Newman,3800,18
Simi Fehoko,Sincere Haynesworth,3800,38
Simi Fehoko,Tejhaun Palmer,3800,10
Simi Fehoko,Travis Vokolek,3800,18
Simi Fehoko,Xavier Weaver,3800,27
Sincere Haynesworth,Andre Baccellia,3800,34
Sincere Haynesworth,Bam Knight,3800,28
Sincere Haynesworth,Bryson Green,3800,49
Sincere Haynesworth,Clayton Tune,3800,91
Sincere Haynesworth,DeeJay Dallas,3800,13
Sincere Haynesworth,Elijah Higgins,3800,12
Sincere Haynesworth,Emari Demercado,3800,30
Sincere Haynesworth,Hayden Conner,3800,14
Sincere Haynesworth,Jacoby Brissett,3800,13
Sincere Haynesworth,Jake Curhan,3800,63
Sincere Haynesworth,Jeremiah Byers,3800,104
Sincere Haynesworth,Jon Gaines II,3800,29
Sincere Haynesworth,Josh Fryar,3800,41
Sincere Haynesworth,Josiah Deguara,3800,68
Sincere Haynesworth,McClendon Curtis,3800,34
Sincere Haynesworth,Michael Carter,3800,33
Sincere Haynesworth,Nate McCollum,3800,30
Sincere Haynesworth,Nick Leverett,3800,70
Sincere Haynesworth,Oscar Cardenas,3800,37
Sincere Haynesworth,Royce Newman,3800,61
Sincere Haynesworth,Simi Fehoko,3800,38
Sincere Haynesworth,Tejhaun Palmer,3800,58
Sincere Haynesworth,Travis Vokolek,3800,36
Sincere Haynesworth,Trishton Jackson,3800,5
Sincere Haynesworth,Xavier Weaver,3800,49
Sincere McCormick,Aidan O'Connell,2520,21
Sincere McCormick,Albert Okwuegbunam,2520,1
Sincere McCormick,Alex Bachman,2520,20
Sincere McCormick,Atonio Mafi,2520,15
Sincere McCormick,Caleb Rogers,2520,28
Sincere McCormick,Cam Miller,2520,8
Sincere McCormick,Carter Runyon,2520,7
Sincere McCormick,Charles Grant,2520,28
Sincere McCormick,Collin Johnson,2520,25
Sincere McCormick,Dalton Wagner,2520,1
Sincere McCormick,Gottlieb Ayedze,2520,1
Sincere McCormick,Ian Thomas,2520,6
Sincere McCormick,Jack Bech,2520,20
Sincere McCormick,Jackson Powers-Johnson,2520,13
Sincere McCormick,Jarrod Hufford,2520,1
Sincere McCormick,Jordan Meredith,2520,13
Sincere McCormick,Justin Shorter,2520,4
Sincere McCormick,Laki Tasi,2520,1
Sincere McCormick,Parker Clements,2520,1
Sincere McCormick,Phillip Dorsett,2520,11
Sincere McCormick,Qadir Ismail,2520,15
Sincere McCormick,Shedrick Jackson,2520,7
Sincere McCormick,Thayer Munford Jr.,2520,28
Sincere McCormick,Will Putnam,2520,15
Sione Vaki,Dan Skipper,1540,18
Sione Vaki,Dominic Lovett,1540,5
Sione Vaki,Isaac TeSlaa,1540,18
Sione Vaki,Jackson Meeks,1540,11
Sione Vaki,Jamarco Jones,1540,18
Sione Vaki,Kayode Awosika,1540,10
Sione Vaki,Kingsley Eguakun,1540,18
Sione Vaki,Kyle Allen,1540,18
Sione Vaki,Michael Niese,1540,8
Sione Vaki,Netane Muti,1540,18
Sione Vaki,Shane Zylstra,1540,10
Sione Vaki,Tom Kennedy,1540,18
Sione Vaki,Zach Horton,1540,10
SirVocea Dennis,Adam Gotsis,4900,8
SirVocea Dennis,Anthony Nelson,4900,14
SirVocea Dennis,C.J. Brewer,4900,11
SirVocea Dennis,Calijah Kancey,4900,7
SirVocea Dennis,Chris Braswell,4900,14
SirVocea Dennis,Christian Izien,4900,21
SirVocea Dennis,Deion Jones,4900,21
SirVocea Dennis,Eric Banks,4900,2
SirVocea Dennis,Greg Gaines,4900,9
SirVocea Dennis,Haason Reddick,4900,7
SirVocea Dennis,Jacob Parrish,4900,19
SirVocea Dennis,Jamel Dean,4900,7
SirVocea Dennis,Josh Hayes,4900,14
SirVocea Dennis,Kaevon Merriweather,4900,14
SirVocea Dennis,Kindle Vildor,4900,9
SirVocea Dennis,Logan Hall,4900,2
SirVocea Dennis,Mike Greene,4900,3
SirVocea Dennis,Tykee Smith,4900,7
SirVocea Dennis,Vita Vea,4900,7
SirVocea Dennis,Yaya Diaby,4900,7
SirVocea Dennis,Zyon McCollum,4900,7
Siran Neal,Bruce Hector,4500,46
Siran Neal,Chase Lucas,4500,55
Siran Neal,Chazz Surratt,4500,26
Siran Neal,Curtis Robinson,4500,22
Siran Neal,Darrell Luter Jr.,4500,4
Siran Neal,Demone Harris,4500,17
Siran Neal,Derrick Canteen,4500,60
Siran Neal,Evan Anderson,4500,12
Siran Neal,Jakob Robinson,4500,49
Siran Neal,Jalen Graham,4500,35
Siran Neal,Jaylen Mahoney,4500,60
Siran Neal,Jaylon Allen,4500,36
Siran Neal,Jonathan Garvin,4500,4
Siran Neal,Luke Gifford,4500,1
Siran Neal,Nick Martin,4500,48
Siran Neal,Robert Beal Jr.,4500,8
Siran Neal,Sebastian Valdez,4500,29
Siran Neal,Shakel Brown,4500,33
Siran Neal,Trevis Gipson,4500,20
Siran Neal,Will Bradley-King,4500,35
Skylar Thompson,Aiden Williams,3900,47
Skylar Thompson,Andrus Peat,3900,63
Skylar Thompson,Brandon Johnson,3900,24
Skylar Thompson,Broderick Jones,3900,1
Skylar Thompson,Connor Heyward,3900,41
Skylar Thompson,Darnell Washington,3900,10
Skylar Thompson,Doug Nester,3900,76
Skylar Thompson,Dylan Cook,3900,75
Skylar Thompson,Evan Hull,3900,12
Skylar Thompson,Gareth Warren,3900,23
Skylar Thompson,JJ Galbreath,3900,67
Skylar Thompson,Kaleb Johnson,3900,44
Skylar Thompson,Ke'Shawn Williams,3900,30
Skylar Thompson,Kevin Foelsch,3900,14
Skylar Thompson,Lance McCutcheon,3900,44
Skylar Thompson,Lew Nichols III,3900,11
Skylar Thompson,Mason McCormick,3900,1
Skylar Thompson,Max Hurleman,3900,42
Skylar Thompson,Max Scharping,3900,94
Skylar Thompson,Robert Woods,3900,47
Skylar Thompson,Roc Taylor,3900,24
Skylar Thompson,Roman Wilson,3900,18
Skylar Thompson,Ryan McCollum,3900,18
Skylar Thompson,Scott Miller,3900,18
Skylar Thompson,Spencer Anderson,3900,1
Skylar Thompson,Steven Jones,3900,75
Skylar Thompson,Trey Sermon,3900,28
Skylar Thompson,Troy Fautanu,3900,1
Skylar Thompson,Zach Frazier,3900,1
Skyy Moore,Austen Pleasants,4500,12
Skyy Moore,Bailey Zappe,2310,13
Skyy Moore,Brashard Smith,2310,12
Skyy Moore,Brayden Willis,4500,10
Skyy Moore,C.J. Hanson,2310,35
Skyy Moore,Carson Steele,2310,12
Skyy Moore,Carter Bradley,4500,11
Skyy Moore,Chris Oladokun,2310,10
Skyy Moore,Chukwuebuka Godrick,2310,20
Skyy Moore,Connor Colby,4500,8
Skyy Moore,Creed Humphrey,2310,6
Skyy Moore,Dalton Cooper,2310,5
Skyy Moore,Demarcus Robinson,4500,12
Skyy Moore,Drake Nugent,4500,15
Skyy Moore,Drew Moss,4500,15
Skyy Moore,Elijah Mitchell,2310,17
Skyy Moore,Esa Pole,2310,14
Skyy Moore,Gardner Minshew,2310,18
Skyy Moore,Geor'Quarius Spivey,2310,4
Skyy Moore,Hunter Nourzad,2310,30
Skyy Moore,Isaac Alarcon,4500,15
Skyy Moore,Isaac Guerendo,4500,12
Skyy Moore,Isaiah Hodgins,4500,3
Skyy Moore,Isaiah Prince,4500,11
Skyy Moore,Jake Tonges,4500,9
Skyy Moore,Jalen Royals,2310,16
Skyy Moore,Jared Wiley,2310,10
Skyy Moore,Jason Brownlee,2310,27
Skyy Moore,Jaylon Moore,2310,13
Skyy Moore,Jeff Wilson,4500,11
Skyy Moore,Joey Lombard,2310,5
Skyy Moore,Josh Simmons,2310,6
Skyy Moore,Kareem Hunt,2310,2
Skyy Moore,Kingsley Suamataia,2310,6
Skyy Moore,Luke Farrell,4500,4
Skyy Moore,Malik Turner,4500,12
Skyy Moore,Matt Hennessy,4500,8
Skyy Moore,Michael Dunn,4500,5
Skyy Moore,Mike Caliendo,2310,30
Skyy Moore,Nick Zakelj,4500,18
Skyy Moore,Nikko Remigio,2310,16
Skyy Moore,Noah Gray,2310,6
Skyy Moore,Robbie Chosen,4500,18
Skyy Moore,Robert Tonyan,2310,28
Skyy Moore,Spencer Burford,4500,8
Skyy Moore,Tanner Mordecai,4500,12
Skyy Moore,Terique Owens,4500,1
Skyy Moore,Tre Watson,2310,9
Skyy Moore,Trey Smith,2310,6
Skyy Moore,Tyquan Thornton,2310,5
Skyy Moore,Wanya Morris,2310,29
Smael Mondon Jr.,Adoree' Jackson,3700,16
Smael Mondon Jr.,Andre' Sam,3700,72
Smael Mondon Jr.,Andrew Mukuba,3700,6
Smael Mondon Jr.,Antwaun Powell-Ryland,3700,6
Smael Mondon Jr.,Azeez Ojulari,3700,40
Smael Mondon Jr.,Brandon Johnson,3700,20
Smael Mondon Jr.,Byron Young,3700,30
Smael Mondon Jr.,Dallas Gant,3700,12
Smael Mondon Jr.,Eli Ricks,3700,33
Smael Mondon Jr.,Gabe Hall,3700,59
Smael Mondon Jr.,Jacob Sykes,3700,30
Smael Mondon Jr.,Jakorian Bennett,3700,47
Smael Mondon Jr.,Jeremiah Trotter Jr.,3700,48
Smael Mondon Jr.,Jihaad Campbell,3700,14
Smael Mondon Jr.,Joe Evans,3700,6
Smael Mondon Jr.,Joshua Uche,3700,22
Smael Mondon Jr.,Justin Rogers,3700,4
Smael Mondon Jr.,Kelee Ringo,3700,30
Smael Mondon Jr.,Lance Dixon,3700,17
Smael Mondon Jr.,Mac McWilliams,3700,74
Smael Mondon Jr.,Ochaun Mathis,3700,24
Smael Mondon Jr.,Ogbo Okoronkwo,3700,46
Smael Mondon Jr.,Parry Nickerson,3700,28
Smael Mondon Jr.,Patrick Johnson,3700,44
Smael Mondon Jr.,Sydney Brown,3700,28
Smael Mondon Jr.,Tariq Castro-Fields,3700,7
Smael Mondon Jr.,Tristin McCollum,3700,76
Smael Mondon Jr.,Ty Robinson,3700,71
Solomon Byrd,Arthur Maulet,2120,29
Solomon Byrd,Casey Toohill,2120,52
Solomon Byrd,D'Angelo Ross,2120,32
Solomon Byrd,Damon Arnette,2120,43
Solomon Byrd,Darrell Taylor,2120,9
Solomon Byrd,Dylan Horton,2120,5
Solomon Byrd,E.J. Speed,2120,17
Solomon Byrd,Haggai Ndubuisi,2120,43
Solomon Byrd,Henry To'oTo'o,2120,2
Solomon Byrd,Jackson Woodard,2120,33
Solomon Byrd,Jake Hansen,2120,18
Solomon Byrd,Jalen Mills,2120,20
Solomon Byrd,Jamal Hill,2120,37
Solomon Byrd,Jaylin Smith,2120,25
Solomon Byrd,Junior Tafuna,2120,53
Solomon Byrd,K.C. Ossai,2120,34
Solomon Byrd,M.J. Stewart,2120,32
Solomon Byrd,Marlon Davidson,2120,21
Solomon Byrd,Myles Bryant,2120,58
Solomon Byrd,Nick Niemann,2120,37
Solomon Byrd,Russ Yeast,2120,54
Solomon Byrd,Tim Settle,2120,13
Solomon Byrd,Tommy Togiai,2120,22
Solomon Byrd,Tremon Smith,2120,51
Solomon DeShields,Adetomiwa Adebawore,2200,6
Solomon DeShields,Alex Johnson,2200,42
Solomon DeShields,BJ Mayes,2200,29
Solomon DeShields,Chris Lammons,2200,5
Solomon DeShields,Daniel Scott,2200,51
Solomon DeShields,Desmond Little,2200,27
Solomon DeShields,Devonta Davis,2200,21
Solomon DeShields,Duke Shelley,2200,20
Solomon DeShields,Durell Nchami,2200,21
Solomon DeShields,Eric Johnson,2200,26
Solomon DeShields,Isaiah Land,2200,22
Solomon DeShields,JT Tuimoloau,2200,21
Solomon DeShields,Jacob Phillips,2200,14
Solomon DeShields,Johnathan Edwards,2200,18
Solomon DeShields,Josh Tupou,2200,24
Solomon DeShields,Julius Brents,2200,5
Solomon DeShields,Ladarius Tennison,2200,19
Solomon DeShields,Marcus Haynes,2200,14
Solomon DeShields,Neville Gallimore,2200,6
Solomon DeShields,Rodney Thomas,2200,5
Solomon DeShields,Segun Olubi,2200,38
Solomon DeShields,Tim Smith,2200,33
Solomon DeShields,Tre Herndon,2200,5
Solomon DeShields,Trey Washington,2200,47
Spencer Anderson,Ben Skowronek,3900,3
Spencer Anderson,Brandon Johnson,3900,17
Spencer Anderson,Broderick Jones,3900,35
Spencer Anderson,Connor Heyward,3900,15
Spencer Anderson,Darnell Washington,3900,21
Spencer Anderson,Jaylen Warren,3900,7
Spencer Anderson,Kaleb Johnson,3900,15
Spencer Anderson,Ke'Shawn Williams,3900,1
Spencer Anderson,Kenneth Gainwell,3900,12
Spencer Anderson,Lance McCutcheon,3900,13
Spencer Anderson,Mason McCormick,3900,35
Spencer Anderson,Mason Rudolph,3900,34
Spencer Anderson,Max Hurleman,3900,8
Spencer Anderson,Pat Freiermuth,3900,11
Spencer Anderson,Robert Woods,3900,10
Spencer Anderson,Roman Wilson,3900,25
Spencer Anderson,Scott Miller,3900,16
Spencer Anderson,Skylar Thompson,3900,1
Spencer Anderson,Trey Sermon,3900,1
Spencer Anderson,Troy Fautanu,3900,35
Spencer Anderson,Zach Frazier,3900,35
Spencer Burford,Austen Pleasants,4500,66
Spencer Burford,Ben Bartch,4500,12
Spencer Burford,Brayden Willis,4500,34
Spencer Burford,Brock Purdy,4500,11
Spencer Burford,Carter Bradley,4500,17
Spencer Burford,Colton McKivitz,4500,11
Spencer Burford,Connor Colby,4500,73
Spencer Burford,Corey Kiner,4500,16
Spencer Burford,Demarcus Robinson,4500,56
Spencer Burford,Dominick Puni,4500,11
Spencer Burford,Drake Nugent,4500,8
Spencer Burford,George Kittle,4500,11
Spencer Burford,Isaac Guerendo,4500,12
Spencer Burford,Isaiah Hodgins,4500,17
Spencer Burford,Isaiah Prince,4500,8
Spencer Burford,Jake Brendel,4500,11
Spencer Burford,Jake Tonges,4500,36
Spencer Burford,Jeff Wilson,4500,14
Spencer Burford,Jordan Watkins,4500,23
Spencer Burford,Junior Bergen,4500,10
Spencer Burford,Ke'Shawn Vaughn,4500,19
Spencer Burford,Kyle Juszczyk,4500,6
Spencer Burford,Luke Farrell,4500,48
Spencer Burford,Mac Jones,4500,47
Spencer Burford,Matt Hennessy,4500,66
Spencer Burford,Nick Zakelj,4500,74
Spencer Burford,Patrick Taylor,4500,24
Spencer Burford,Ricky Pearsall,4500,9
Spencer Burford,Robbie Chosen,4500,30
Spencer Burford,Russell Gage,4500,49
Spencer Burford,Skyy Moore,4500,8
Spencer Burford,Tanner Mordecai,4500,10
Spencer Burford,Terique Owens,4500,3
Spencer Rattler,Alvin Kamara,3300,1
Spencer Rattler,Barry Wesley,3300,28
Spencer Rattler,Brandin Cooks,3300,18
Spencer Rattler,Bub Means,3300,5
Spencer Rattler,Cam Akers,3300,16
Spencer Rattler,Cedrick Wilson Jr.,3300,32
Spencer Rattler,Cesar Ruiz,3300,22
Spencer Rattler,Chris Olave,3300,14
Spencer Rattler,Clyde Edwards-Helaire,3300,14
Spencer Rattler,Dante Pettis,3300,32
Spencer Rattler,Dillon Radunz,3300,31
Spencer Rattler,Easton Kilty,3300,37
Spencer Rattler,Erik McCoy,3300,14
Spencer Rattler,Jack Stoll,3300,22
Spencer Rattler,Jonathan Mendoza,3300,18
Spencer Rattler,Josiah Ezirim,3300,9
Spencer Rattler,Juwan Johnson,3300,20
Spencer Rattler,Kelvin Banks Jr.,3300,31
Spencer Rattler,Kendre Miller,3300,23
Spencer Rattler,Kevin Austin Jr.,3300,45
Spencer Rattler,Kyle Hergel,3300,26
Spencer Rattler,Landon Young,3300,43
Spencer Rattler,Marcus Yarns,3300,4
Spencer Rattler,Mason Tipton,3300,50
Spencer Rattler,Michael Jacobson,3300,18
Spencer Rattler,Mike Panasiuk,3300,9
Spencer Rattler,Moliki Matavao,3300,19
Spencer Rattler,Rashid Shaheed,3300,14
Spencer Rattler,Seth Green,3300,7
Spencer Rattler,Shane Lemieux,3300,38
Spencer Rattler,Taliese Fuaga,3300,8
Spencer Rattler,Torricelli Simpkins III,3300,52
Spencer Rattler,Trevor Penning,3300,17
Spencer Rattler,Treyton Welch,3300,5
Spencer Rattler,Velus Jones Jr.,3300,26
Spencer Rattler,Will Clapp,3300,2
Stephen Carlson,Austin Reed,0810,5
Stephen Carlson,Braxton Jones,0810,8
Stephen Carlson,Brittain Brown,0810,26
Stephen Carlson,Case Keenum,0810,7
Stephen Carlson,Chris Glaser,0810,30
Stephen Carlson,Deion Hankins,0810,6
Stephen Carlson,Devin Duvernay,0810,3
Stephen Carlson,Durham Smythe,0810,20
Stephen Carlson,Ian Wheeler,0810,10
Stephen Carlson,JP Richardson,0810,6
Stephen Carlson,Jahdae Walker,0810,14
Stephen Carlson,Joel Wilson,0810,16
Stephen Carlson,Jordan McFadden,0810,67
Stephen Carlson,Joshua Miles,0810,20
Stephen Carlson,Kiran Amegadjie,0810,13
Stephen Carlson,Kyle Monangai,0810,10
Stephen Carlson,Luke Newman,0810,37
Stephen Carlson,Luther Burden III,0810,43
Stephen Carlson,Maurice Alexander,0810,23
Stephen Carlson,Miles Boykin,0810,6
Stephen Carlson,Ozzy Trapilo,0810,46
Stephen Carlson,Ricky Stromberg,0810,21
Stephen Carlson,Royce Freeman,0810,10
Stephen Carlson,Ryan Bates,0810,46
Stephen Carlson,Samori Toure,0810,23
Stephen Carlson,Theo Benedet,0810,47
Stephen Carlson,Travis Homer,0810,5
Stephen Carlson,Tyler Scott,0810,47
Stephen Carlson,Tyson Bagent,0810,55
Stephen Gosnell,Chase Lundt,0610,28
Stephen Gosnell,Dan Feeney,0610,2
Stephen Gosnell,Darrynton Evans,0610,6
Stephen Gosnell,Deon Cain,0610,15
Stephen Gosnell,Frank Gore Jr.,0610,22
Stephen Gosnell,Jackson Hawes,0610,1
Stephen Gosnell,Jacob Bayer,0610,26
Stephen Gosnell,Jalen Virgil,0610,14
Stephen Gosnell,KJ Hamler,0610,8
Stephen Gosnell,Kaden Prather,0610,10
Stephen Gosnell,Keleki Latu,0610,10
Stephen Gosnell,Kendrick Green,0610,2
Stephen Gosnell,Laviska Shenault Jr.,0610,9
Stephen Gosnell,Matt Sokol,0610,13
Stephen Gosnell,Mike Edwards,0610,28
Stephen Gosnell,Mike White,0610,2
Stephen Gosnell,Mitchell Trubisky,0610,8
Stephen Gosnell,Richard Gouraige,0610,28
Stephen Gosnell,Ryan Van Demark,0610,8
Stephen Gosnell,Shane Buechele,0610,18
Stephen Gosnell,Travis Clayton,0610,18
Stephen Gosnell,Zach Davidson,0610,4
Sterling Shepard,Ben Bredeson,4900,14
Sterling Shepard,Bucky Irving,4900,13
Sterling Shepard,Cade Otton,4900,14
Sterling Shepard,Charlie Heck,4900,19
Sterling Shepard,Cody Mauch,4900,14
Sterling Shepard,Devin Culp,4900,1
Sterling Shepard,Elijah Klein,4900,5
Sterling Shepard,Emeka Egbuka,4900,19
Sterling Shepard,Graham Barton,4900,14
Sterling Shepard,Jalen McMillan,4900,10
Sterling Shepard,Kyle Trask,4900,5
Sterling Shepard,Luke Goedeke,4900,14
Sterling Shepard,Luke Haggard,4900,5
Sterling Shepard,Mike Jordan,4900,5
Sterling Shepard,Payne Durham,4900,4
Sterling Shepard,Rachaad White,4900,5
Sterling Shepard,Raiqwon O'Neal,4900,5
Sterling Shepard,Sean Tucker,4900,1
Sterling Shepard,Teddy Bridgewater,4900,14
Sterling Shepard,Tez Johnson,4900,9
Stetson Bennett,A.J. Arcuri,2510,98
Stetson Bennett,Anthony Torres,2510,27
Stetson Bennett,Beaux Limmer,2510,73
Stetson Bennett,Ben Dooley,2510,41
Stetson Bennett,Blake Corum,2510,28
Stetson Bennett,Brennan Presley,2510,44
Stetson Bennett,Britain Covey,2510,63
Stetson Bennett,Cody Schrader,2510,43
Stetson Bennett,David Quessenberry,2510,49
Stetson Bennett,Davis Allen,2510,36
Stetson Bennett,Drake Stoops,2510,67
Stetson Bennett,Jarquez Hunter,2510,54
Stetson Bennett,Justin Dedich,2510,87
Stetson Bennett,KT Leveston,2510,79
Stetson Bennett,Konata Mumpfield,2510,62
Stetson Bennett,Mario Williams,2510,51
Stetson Bennett,Mark Redman,2510,60
Stetson Bennett,McCallan Castles,2510,7
Stetson Bennett,Ronnie Rivers,2510,3
Stetson Bennett,Trey Wedig,2510,31
Stetson Bennett,Tru Edwards,2510,43
Stetson Bennett,Warren McClendon Jr.,2510,25
Stetson Bennett,Willie Lampkin,2510,41
Stetson Bennett,Wyatt Bowles,2510,116
Stetson Bennett,Xavier Smith,2510,52
Steven Gilmore,Anthony Goodlow,3800,26
Steven Gilmore,Benton Whitley,3800,13
Steven Gilmore,Cody Simon,3800,5
Steven Gilmore,Darren Hall,3800,36
Steven Gilmore,Ekow Boye-Doe,3800,34
Steven Gilmore,Elijah Jones,3800,31
Steven Gilmore,Elijah Simmons,3800,17
Steven Gilmore,Elliott Brown,3800,30
Steven Gilmore,Jammie Robinson,3800,33
Steven Gilmore,Jaylon Jones,3800,4
Steven Gilmore,Kei'Trel Clark,3800,2
Steven Gilmore,Kitan Crawford,3800,3
Steven Gilmore,Kyon Barrs,3800,16
Steven Gilmore,Mykal Walker,3800,22
Steven Gilmore,Owen Pappoe,3800,9
Steven Gilmore,PJ Mustipher,3800,4
Steven Gilmore,Patrick Jenkins,3800,14
Steven Gilmore,Vi Jones,3800,36
Steven Gilmore,Xavier Thomas,3800,25
Steven Jones,Aiden Williams,3900,31
Steven Jones,Andrus Peat,3900,47
Steven Jones,Brandon Johnson,3900,27
Steven Jones,Connor Heyward,3900,32
Steven Jones,Darnell Washington,3900,9
Steven Jones,Doug Nester,3900,82
Steven Jones,Dylan Cook,3900,90
Steven Jones,Evan Hull,3900,12
Steven Jones,Gareth Warren,3900,22
Steven Jones,JJ Galbreath,3900,76
Steven Jones,Julian Pearl,3900,7
Steven Jones,Kaleb Johnson,3900,43
Steven Jones,Ke'Shawn Williams,3900,29
Steven Jones,Kevin Foelsch,3900,24
Steven Jones,Lance McCutcheon,3900,52
Steven Jones,Lew Nichols III,3900,22
Steven Jones,Logan Woodside,3900,25
Steven Jones,Max Hurleman,3900,40
Steven Jones,Max Scharping,3900,100
Steven Jones,Robert Woods,3900,51
Steven Jones,Roc Taylor,3900,22
Steven Jones,Roman Wilson,3900,17
Steven Jones,Ryan McCollum,3900,25
Steven Jones,Scott Miller,3900,17
Steven Jones,Skylar Thompson,3900,75
Steven Jones,Trey Sermon,3900,23
Steven Losoya,Brady Christensen,0750,7
Steven Losoya,Brandon Walton,0750,52
Steven Losoya,Bryce Perkins,0750,29
Steven Losoya,Bryce Pierre,0750,34
Steven Losoya,David Moore,0750,10
Steven Losoya,Dominique Dafney,0750,30
Steven Losoya,Emani Bailey,0750,24
Steven Losoya,Hunter Renfrow,0750,10
Steven Losoya,Ja'Seem Reed,0750,20
Steven Losoya,Jack Plummer,0750,31
Steven Losoya,Jacolby George,0750,30
Steven Losoya,James Mitchell,0750,6
Steven Losoya,Jarrett Kingston,0750,49
Steven Losoya,Jimmy Horn Jr.,0750,32
Steven Losoya,Kayron Lynch-Adams,0750,24
Steven Losoya,Kobe Hudson,0750,46
Steven Losoya,Luke Kandra,0750,60
Steven Losoya,Michael Tarquin,0750,60
Steven Losoya,Raheem Blackshear,0750,12
Steven Losoya,T.J. Luther,0750,21
Steven Losoya,Tyler Mabry,0750,1
Steven Losoya,Yosh Nijman,0750,12
Steven Stilianos,Dan Skipper,1540,4
Steven Stilianos,Deon Jackson,1540,5
Steven Stilianos,Dominic Lovett,1540,2
Steven Stilianos,Giovanni Manu,1540,16
Steven Stilianos,Gunnar Oakes,1540,1
Steven Stilianos,Gunner Britton,1540,12
Steven Stilianos,Hendon Hooker,1540,16
Steven Stilianos,Jackson Meeks,1540,5
Steven Stilianos,Jacob Saylors,1540,11
Steven Stilianos,Jakobie Keeney-James,1540,8
Steven Stilianos,Kayode Awosika,1540,3
Steven Stilianos,Kingsley Eguakun,1540,4
Steven Stilianos,Malik Taylor,1540,2
Steven Stilianos,Mason Miller,1540,12
Steven Stilianos,Michael Niese,1540,13
Steven Stilianos,Netane Muti,1540,4
Steven Stilianos,Ronnie Bell,1540,14
Steven Stilianos,Tom Kennedy,1540,3
Steven Stilianos,Zach Horton,1540,13
Steven Stilianos,Zack Johnson,1540,12
Stevo Klotz,Andre James,4400,6
Stevo Klotz,Branson Taylor,4400,48
Stevo Klotz,Brenden Rice,4400,62
Stevo Klotz,Corey Stewart,4400,68
Stevo Klotz,DJ Uiagalelei,4400,50
Stevo Klotz,Dalevon Campbell,4400,60
Stevo Klotz,David Sharpe,4400,36
Stevo Klotz,Derius Davis,4400,2
Stevo Klotz,Dez Fitzpatrick,4400,2
Stevo Klotz,Hassan Haskins,4400,8
Stevo Klotz,JaQuae Jackson,4400,16
Stevo Klotz,Jalen Reagor,4400,2
Stevo Klotz,Jaret Patterson,4400,1
Stevo Klotz,Jaylen Johnson,4400,5
Stevo Klotz,Jordan Petaia,4400,3
Stevo Klotz,Josh Kaltenberger,4400,85
Stevo Klotz,Karsen Barnhart,4400,46
Stevo Klotz,KeAndre Lambert-Smith,4400,11
Stevo Klotz,Kimani Vidal,4400,13
Stevo Klotz,Luke Grimm,4400,36
Stevo Klotz,Nash Jones,4400,76
Stevo Klotz,Nyheim Hines,4400,28
Stevo Klotz,Oronde Gadsden II,4400,12
Stevo Klotz,Raheim Sanders,4400,36
Stevo Klotz,Ryan Nelson,4400,68
Stevo Klotz,Taylor Heinicke,4400,5
Stevo Klotz,Thomas Yassmin,4400,11
Stevo Klotz,Tre Harris,4400,4
Stevo Klotz,Trey Lance,4400,31
Stevo Klotz,Tucker Fisk,4400,29
Stone Blanton,Alfred Collins,4500,2
Stone Blanton,Bradlee Anae,4500,26
Stone Blanton,Bruce Hector,4500,24
Stone Blanton,CJ West,4500,2
Stone Blanton,Chase Lucas,4500,28
Stone Blanton,Dallis Flowers,4500,4
Stone Blanton,Darrell Luter Jr.,4500,17
Stone Blanton,Derrick Canteen,4500,36
Stone Blanton,Jakob Robinson,4500,32
Stone Blanton,Jalen Graham,4500,23
Stone Blanton,Jaylen Mahoney,4500,32
Stone Blanton,Jaylon Allen,4500,27
Stone Blanton,Jonathan Garvin,4500,9
Stone Blanton,Kalia Davis,4500,2
Stone Blanton,Luke Gifford,4500,1
Stone Blanton,Marques Sigle,4500,4
Stone Blanton,Michael Dwumfour,4500,22
Stone Blanton,Nick Martin,4500,20
Stone Blanton,Robert Beal Jr.,4500,10
Stone Blanton,Sebastian Valdez,4500,20
Stone Blanton,Tre Brown,4500,19
Stone Forsythe,Aaron Stinnie,3410,51
Stone Forsythe,Antwane Wells Jr.,3410,51
Stone Forsythe,Austin Schlottmann,3410,75
Stone Forsythe,Beaux Collins,3410,28
Stone Forsythe,Bryan Hudson,3410,53
Stone Forsythe,Cam Skattebo,3410,10
Stone Forsythe,Da'Quan Felton,3410,9
Stone Forsythe,Dalen Cambre,3410,24
Stone Forsythe,Dante Miller,3410,68
Stone Forsythe,Elijah Chatman,3410,3
Stone Forsythe,Evan Neal,3410,52
Stone Forsythe,Greg Dulcich,3410,54
Stone Forsythe,Gunner Olszewski,3410,63
Stone Forsythe,Ihmir Smith-Marsette,3410,9
Stone Forsythe,Jaison Williams,3410,42
Stone Forsythe,Jake Kubas,3410,66
Stone Forsythe,Jalin Hyatt,3410,25
Stone Forsythe,Jameis Winston,3410,29
Stone Forsythe,Jaxson Dart,3410,45
Stone Forsythe,Jermaine Terry,3410,22
Stone Forsythe,Jimmy Morrissey,3410,53
Stone Forsythe,Jonathan Ward,3410,49
Stone Forsythe,Jordan Bly,3410,30
Stone Forsythe,Joshua Ezeudu,3410,39
Stone Forsythe,Lil'Jordan Humphrey,3410,60
Stone Forsythe,Marcus Mbow,3410,77
Stone Forsythe,Montrell Washington,3410,33
Stone Forsythe,Thomas Fidone II,3410,68
Stone Forsythe,Tommy DeVito,3410,52
Stone Forsythe,Zach Pascal,3410,30
Stone Smartt,Adrian Martinez,3430,28
Stone Smartt,Arian Smith,3430,33
Stone Smartt,Brady Cook,3430,21
Stone Smartt,Braelon Allen,3430,5
Stone Smartt,Brandon Smith,3430,46
Stone Smartt,Carter Warren,3430,27
Stone Smartt,Chukwuma Okorafor,3430,22
Stone Smartt,Donovan Edwards,3430,20
Stone Smartt,Dymere Miller,3430,2
Stone Smartt,Isaiah Davis,3430,3
Stone Smartt,Jamaal Pritchett,3430,19
Stone Smartt,Josh Myers,3430,17
Stone Smartt,Kene Nwangwu,3430,21
Stone Smartt,Kohl Levao,3430,49
Stone Smartt,Liam Fornadel,3430,17
Stone Smartt,Malachi Corley,3430,25
Stone Smartt,Marquis Hayes,3430,31
Stone Smartt,Max Mitchell,3430,33
Stone Smartt,Neal Johnson,3430,1
Stone Smartt,Pokey Wilson,3430,1
Stone Smartt,Quentin Skinner,3430,16
Stone Smartt,Samuel Jackson,3430,16
Stone Smartt,Xavier Newman-Johnson,3430,33
Stone Smartt,Zack Kuntz,3430,4
Storm Duck,Ben Stille,2700,3
Storm Duck,Benito Jones,2700,15
Storm Duck,Bradley Chubb,2700,10
Storm Duck,Cameron Goode,2700,11
Storm Duck,Channing Tindall,2700,14
Storm Duck,Chop Robinson,2700,8
Storm Duck,Cornell Armstrong,2700,6
Storm Duck,Dante Trader Jr.,2700,5
Storm Duck,Dequan Jackson,2700,3
Storm Duck,Derrick McLendon,2700,19
Storm Duck,Elijah Campbell,2700,22
Storm Duck,Ethan Bonner,2700,6
Storm Duck,Eugene Asante,2700,9
Storm Duck,Grayson Murphy,2700,18
Storm Duck,Ifeatu Melifonwu,2700,43
Storm Duck,Jack Jones,2700,23
Storm Duck,Jaelan Phillips,2700,8
Storm Duck,Jason Marshall Jr.,2700,18
Storm Duck,Jordan Colbert,2700,5
Storm Duck,Jordan Phillips,2700,25
Storm Duck,Jordyn Brooks,2700,2
Storm Duck,K.J. Britt,2700,31
Storm Duck,Kendall Sheffield,2700,22
Storm Duck,Kenneth Grant,2700,25
Storm Duck,Matt Dickerson,2700,6
Storm Duck,Matthew Butler,2700,29
Storm Duck,Matthew Judon,2700,6
Storm Duck,Mike Hilton,2700,10
Storm Duck,Minkah Fitzpatrick,2700,8
Storm Duck,Patrick McMorris,2700,20
Storm Duck,Quinton Bell,2700,22
Storm Duck,Tyrel Dodson,2700,8
Storm Duck,Willie Gay Jr.,2700,37
Storm Duck,Zach Sieler,2700,8
Storm Duck,Zeek Biggers,2700,5
Sua Opeta,Ben Scott,4900,22
Sua Opeta,Benjamin Chukwuma,4900,8
Sua Opeta,Connor Bazelak,4900,22
Sua Opeta,Devin Culp,4900,9
Sua Opeta,Elijah Klein,4900,17
Sua Opeta,Garrett Greene,4900,16
Sua Opeta,Jacob Harris,4900,4
Sua Opeta,Jase McClellan,4900,9
Sua Opeta,Kameron Johnson,4900,18
Sua Opeta,Ko Kieft,4900,1
Sua Opeta,Lorenz Metz,4900,19
Sua Opeta,Mike Jordan,4900,5
Sua Opeta,Owen Wright,4900,13
Sua Opeta,Rakim Jarrett,4900,16
Sua Opeta,Ryan Miller,4900,5
Sua Opeta,Tanner Taula,4900,13
Sua Opeta,Trey Palmer,4900,6
Sua Opeta,Tyler McLellan,4900,17
Swayze Bozeman,Alex Cook,0810,38
Swayze Bozeman,Andrew Billings,0810,2
Swayze Bozeman,Austin Booker,0810,4
Swayze Bozeman,Carl Jones,0810,37
Swayze Bozeman,Chris Williams,0810,2
Swayze Bozeman,Daniel Hardy,0810,29
Swayze Bozeman,Dayo Odeyingbo,0810,1
Swayze Bozeman,Dominique Robinson,0810,3
Swayze Bozeman,Gervon Dexter Sr.,0810,1
Swayze Bozeman,Jamree Kromah,0810,33
Swayze Bozeman,Jaquan Brisker,0810,1
Swayze Bozeman,Jeremiah Walker,0810,28
Swayze Bozeman,Jonathan Ford,0810,32
Swayze Bozeman,Jonathan Owens,0810,3
Swayze Bozeman,Josh Blackwell,0810,12
Swayze Bozeman,Kaleb Hayes,0810,10
Swayze Bozeman,Kevin Byard,0810,1
Swayze Bozeman,Major Burns,0810,2
Swayze Bozeman,Mark Perry,0810,11
Swayze Bozeman,Mekhi Garner,0810,14
Swayze Bozeman,Montez Sweat,0810,1
Swayze Bozeman,Nahshon Wright,0810,1
Swayze Bozeman,Noah Sewell,0810,1
Swayze Bozeman,Power Echols,0810,18
Swayze Bozeman,Ruben Hyppolite II,0810,4
Swayze Bozeman,T.J. Edwards,0810,1
Swayze Bozeman,Tanoh Kpassagnon,0810,3
Swayze Bozeman,Terell Smith,0810,9
Swayze Bozeman,Tre Flowers,0810,28
Swayze Bozeman,Tyrique Stevenson,0810,1
Swayze Bozeman,Tysheem Johnson,0810,26
Swayze Bozeman,Xavier Carlton,0810,19
Swayze Bozeman,Zacch Pickens,0810,34
Sydney Brown,Adoree' Jackson,3700,39
Sydney Brown,Andre' Sam,3700,10
Sydney Brown,Andrew Mukuba,3700,23
Sydney Brown,Azeez Ojulari,3700,31
Sydney Brown,Brandon Johnson,3700,18
Sydney Brown,Byron Young,3700,18
Sydney Brown,Eli Ricks,3700,4
Sydney Brown,Gabe Hall,3700,32
Sydney Brown,Jacob Sykes,3700,17
Sydney Brown,Jakorian Bennett,3700,14
Sydney Brown,Jeremiah Trotter Jr.,3700,43
Sydney Brown,Jihaad Campbell,3700,31
Sydney Brown,Joe Evans,3700,13
Sydney Brown,Joshua Uche,3700,31
Sydney Brown,Justin Rogers,3700,4
Sydney Brown,Kelee Ringo,3700,41
Sydney Brown,Mac McWilliams,3700,18
Sydney Brown,Ogbo Okoronkwo,3700,20
Sydney Brown,Patrick Johnson,3700,20
Sydney Brown,Smael Mondon Jr.,3700,28
Sydney Brown,Tristin McCollum,3700,18
Sydney Brown,Ty Robinson,3700,37
T.J. Edwards,Andrew Billings,0810,11
T.J. Edwards,Chris Williams,0810,15
T.J. Edwards,Dayo Odeyingbo,0810,22
T.J. Edwards,Dominique Robinson,0810,3
T.J. Edwards,Gervon Dexter Sr.,0810,20
T.J. Edwards,Jaquan Brisker,0810,23
T.J. Edwards,Kevin Byard,0810,23
T.J. Edwards,Montez Sweat,0810,18
T.J. Edwards,Nahshon Wright,0810,23
T.J. Edwards,Nick McCloud,0810,15
T.J. Edwards,Noah Sewell,0810,17
T.J. Edwards,Ruben Hyppolite II,0810,10
T.J. Edwards,Swayze Bozeman,0810,1
T.J. Edwards,Tanoh Kpassagnon,0810,3
T.J. Edwards,Tremaine Edmunds,0810,3
T.J. Edwards,Tyrique Stevenson,0810,23
T.J. Hockenson,Brian O'Neill,3000,8
T.J. Hockenson,Donovan Jackson,3000,8
T.J. Hockenson,J.J. McCarthy,3000,8
T.J. Hockenson,Jalen Nailor,3000,8
T.J. Hockenson,Jordan Addison,3000,8
T.J. Hockenson,Jordan Mason,3000,8
T.J. Hockenson,Josh Oliver,3000,4
T.J. Hockenson,Justin Skule,3000,8
T.J. Hockenson,Lucky Jackson,3000,4
T.J. Hockenson,Ryan Kelly,3000,8
T.J. Hockenson,Will Fries,3000,8
T.J. Luther,Brady Christensen,0750,2
T.J. Luther,Brandon Walton,0750,21
T.J. Luther,Bryce Perkins,0750,11
T.J. Luther,Bryce Pierre,0750,14
T.J. Luther,Brycen Tremayne,0750,2
T.J. Luther,Cade Mays,0750,2
T.J. Luther,Chandler Zavala,0750,8
T.J. Luther,David Moore,0750,8
T.J. Luther,Dominique Dafney,0750,14
T.J. Luther,Emani Bailey,0750,18
T.J. Luther,Hunter Renfrow,0750,8
T.J. Luther,Ja'Seem Reed,0750,11
T.J. Luther,Jack Plummer,0750,20
T.J. Luther,Jacolby George,0750,10
T.J. Luther,James Mitchell,0750,5
T.J. Luther,Jarrett Kingston,0750,29
T.J. Luther,Jimmy Horn Jr.,0750,11
T.J. Luther,Kayron Lynch-Adams,0750,3
T.J. Luther,Kobe Hudson,0750,8
T.J. Luther,Luke Kandra,0750,31
T.J. Luther,Michael Tarquin,0750,31
T.J. Luther,Raheem Blackshear,0750,10
T.J. Luther,Steven Losoya,0750,21
T.J. Luther,Tyler Mabry,0750,2
T.J. Luther,Yosh Nijman,0750,10
T.J. Maguranyanga,Ale Kaho,5110,13
T.J. Maguranyanga,Allan George,5110,15
T.J. Maguranyanga,Andre Jones Jr.,5110,43
T.J. Maguranyanga,Antonio Hamilton,5110,22
T.J. Maguranyanga,Ben Nikkel,5110,39
T.J. Maguranyanga,Bobby Price,5110,25
T.J. Maguranyanga,Car'lin Vigers,5110,36
T.J. Maguranyanga,Carl Davis,5110,5
T.J. Maguranyanga,Clelin Ferrell,5110,6
T.J. Maguranyanga,Daryl Worley,5110,22
T.J. Maguranyanga,Dominique Hampton,5110,6
T.J. Maguranyanga,Duke Riley,5110,21
T.J. Maguranyanga,Eddie Goldman,5110,2
T.J. Maguranyanga,Essang Bassey,5110,24
T.J. Maguranyanga,Jalyn Holmes,5110,5
T.J. Maguranyanga,Kain Medrano,5110,26
T.J. Maguranyanga,Kam Arnold,5110,39
T.J. Maguranyanga,Noah Igbinoghene,5110,1
T.J. Maguranyanga,Norell Pollard,5110,42
T.J. Maguranyanga,Ricky Barber,5110,40
T.J. Maguranyanga,Robert McDaniel,5110,48
T.J. Maguranyanga,Sheldon Day,5110,9
T.J. Maguranyanga,Tyler Owens,5110,1
T.J. Sanders,A.J. Epenesa,0610,20
T.J. Sanders,Brandon Codrington,0610,25
T.J. Sanders,Cam Lewis,0610,1
T.J. Sanders,Cole Bishop,0610,13
T.J. Sanders,Daequan Hardy,0610,19
T.J. Sanders,Damar Hamlin,0610,24
T.J. Sanders,Dane Jackson,0610,46
T.J. Sanders,Darrick Forrest,0610,21
T.J. Sanders,DeWayne Carter,0610,2
T.J. Sanders,Deone Walker,0610,54
T.J. Sanders,Dorian Strong,0610,46
T.J. Sanders,Dorian Williams,0610,37
T.J. Sanders,Edefuan Ulofoshio,0610,13
T.J. Sanders,Ja'Marcus Ingram,0610,13
T.J. Sanders,Javon Solomon,0610,28
T.J. Sanders,Jimmy Ciarlo,0610,2
T.J. Sanders,Joe Andreessen,0610,46
T.J. Sanders,Jordan Hancock,0610,34
T.J. Sanders,Keonta Jenkins,0610,16
T.J. Sanders,Landon Jackson,0610,41
T.J. Sanders,Michael Hoecht,0610,20
T.J. Sanders,Paris Shand,0610,3
T.J. Sanders,Te'Cory Couch,0610,15
T.J. Sanders,Tre Herndon,0610,18
T.J. Sanders,Wande Owens,0610,3
T.J. Sheffield,Andrew Rupcich,2100,20
T.J. Sheffield,Arlington Hambright,2100,7
T.J. Sheffield,Brandon Allen,2100,5
T.J. Sheffield,Brandon Crenshaw-Dickson,2100,20
T.J. Sheffield,Brenden Jaimes,2100,8
T.J. Sheffield,David Martin-Robinson,2100,1
T.J. Sheffield,Drake Dabney,2100,16
T.J. Sheffield,Jackson Slater,2100,27
T.J. Sheffield,Jaelyn Duncan,2100,23
T.J. Sheffield,Jermar Jefferson,2100,5
T.J. Sheffield,Jha'Quan Jackson,2100,3
T.J. Sheffield,John Ojukwu,2100,7
T.J. Sheffield,Jordan Mims,2100,20
T.J. Sheffield,Josh Whyle,2100,10
T.J. Sheffield,Kalel Mullings,2100,2
T.J. Sheffield,Mason Kinsey,2100,14
T.J. Sheffield,Matt Landers,2100,8
T.J. Sheffield,Olisaemeka Udoh,2100,4
T.J. Sheffield,Sam Mustipher,2100,19
T.J. Sheffield,Thomas Odukoya,2100,6
T.J. Sheffield,Tim Boyle,2100,10
T.J. Sheffield,Trevor Siemian,2100,12
T.J. Sheffield,Xavier Restrepo,2100,23
T.J. Smith,Ali Gaye,2100,1
T.J. Smith,Blake Lynch,2100,1
T.J. Smith,Cam Horsley,2100,1
T.J. Smith,Clarence Lewis,2100,1
T.J. Smith,Curtis Jacobs,2100,1
T.J. Smith,Jalen Kimber,2100,1
T.J. Smith,Joe Gaziano,2100,1
T.J. Smith,Joshuah Bledsoe,2100,1
T.J. Smith,Julius Wood,2100,1
T.J. Smith,Timmy Horne,2100,1
T.J. Tampa,Adedayo Odeleye,0325,23
T.J. Tampa,Adisa Isaac,0325,29
T.J. Tampa,Aeneas Peebles,0325,63
T.J. Tampa,Basil Okoye,0325,59
T.J. Tampa,Beau Brade,0325,42
T.J. Tampa,Bilhal Kone,0325,14
T.J. Tampa,Brent Urban,0325,18
T.J. Tampa,C.J. Ravenell,0325,72
T.J. Tampa,Chandler Martin,0325,48
T.J. Tampa,David Ojabo,0325,68
T.J. Tampa,Desmond Igbinosun,0325,10
T.J. Tampa,Jacob Hummel,0325,17
T.J. Tampa,Jalyn Armour-Davis,0325,61
T.J. Tampa,Jay Higgins,0325,47
T.J. Tampa,Jayson Jones,0325,44
T.J. Tampa,John Jenkins,0325,14
T.J. Tampa,Kaimon Rucker,0325,54
T.J. Tampa,Keondre Jackson,0325,38
T.J. Tampa,Keyon Martin,0325,102
T.J. Tampa,Malaki Starks,0325,14
T.J. Tampa,Malik Hamm,0325,55
T.J. Tampa,Marquise Robinson,0325,58
T.J. Tampa,Mike Green,0325,62
T.J. Tampa,Reuben Lowery,0325,94
T.J. Tampa,Sanoussi Kane,0325,78
T.J. Tampa,Teddye Buchanan,0325,80
T.J. Tampa,Trenton Simpson,0325,67
T.J. Tampa,William Kwenkeu,0325,9
TJ Bass,Ajani Cornelius,1200,79
TJ Bass,Asim Richards,1200,69
TJ Bass,Brock Hoffman,1200,119
TJ Bass,Cooper Beebe,1200,11
TJ Bass,Deuce Vaughn,1200,47
TJ Bass,Geron Christian,1200,59
TJ Bass,Hakeem Adeniji,1200,41
TJ Bass,Hunter Luepke,1200,5
TJ Bass,Jalen Brooks,1200,85
TJ Bass,Jalen Cropper,1200,54
TJ Bass,Jalen Tolbert,1200,24
TJ Bass,Jaydon Blue,1200,17
TJ Bass,Joe Milton III,1200,123
TJ Bass,John Stephens Jr.,1200,14
TJ Bass,Jonathan Mingo,1200,37
TJ Bass,Josh Kelly,1200,34
TJ Bass,La'el Collins,1200,10
TJ Bass,Luke Schoonmaker,1200,24
TJ Bass,Malik Davis,1200,15
TJ Bass,Miles Sanders,1200,10
TJ Bass,Nathan Thomas,1200,34
TJ Bass,Nick Broeker,1200,38
TJ Bass,Phil Mafah,1200,41
TJ Bass,Princeton Fant,1200,29
TJ Bass,Rivaldo Fairweather,1200,59
TJ Bass,Ryan Flournoy,1200,85
TJ Bass,Saahdiq Charles,1200,34
TJ Bass,Traeshon Holden,1200,44
TJ Bass,Tyler Booker,1200,26
TJ Bass,Tyler Neville,1200,26
TJ Bass,Will Grier,1200,7
TJ Moore,Art Green,3410,26
TJ Moore,Chauncey Golston,3410,20
TJ Moore,Chris Board,3410,23
TJ Moore,Cory Durden,3410,36
TJ Moore,DJ Davidson,3410,28
TJ Moore,Dane Belton,3410,15
TJ Moore,Darius Alexander,3410,37
TJ Moore,Darius Muasau,3410,13
TJ Moore,Dee Williams,3410,57
TJ Moore,Dyontae Johnson,3410,80
TJ Moore,Elijah Chatman,3410,20
TJ Moore,Elijah Garcia,3410,35
TJ Moore,Jeremiah Ledbetter,3410,34
TJ Moore,Jordon Riley,3410,32
TJ Moore,K'Von Wallace,3410,23
TJ Moore,K.J. Cloyd,3410,70
TJ Moore,Makari Paige,3410,78
TJ Moore,Nic Jones,3410,75
TJ Moore,O'Donnell Fortune,3410,30
TJ Moore,Raheem Layne,3410,50
TJ Moore,Tomon Fox,3410,76
TJ Moore,Trace Ford,3410,72
Ta'Quon Graham,Arnold Ebiketie,0200,4
Ta'Quon Graham,Billy Bowman Jr.,0200,5
Ta'Quon Graham,Brandon Dorlus,0200,3
Ta'Quon Graham,Caleb Johnson,0200,4
Ta'Quon Graham,Cobee Bryant,0200,9
Ta'Quon Graham,DeAngelo Malone,0200,14
Ta'Quon Graham,DeMarcco Hellams,0200,5
Ta'Quon Graham,Dee Alford,0200,2
Ta'Quon Graham,Henry Black,0200,6
Ta'Quon Graham,Jalon Walker,0200,8
Ta'Quon Graham,James Pearce Jr.,0200,6
Ta'Quon Graham,Jordan Fuller,0200,8
Ta'Quon Graham,Josh Thompson,0200,6
Ta'Quon Graham,Josh Woods,0200,10
Ta'Quon Graham,Kentavius Street,0200,1
Ta'Quon Graham,Khalid Kareem,0200,8
Ta'Quon Graham,LaCale London,0200,6
Ta'Quon Graham,Lamar Jackson,0200,15
Ta'Quon Graham,Mike Ford,0200,4
Ta'Quon Graham,Morgan Fox,0200,3
Ta'Quon Graham,Natrone Brooks,0200,8
Ta'Quon Graham,Nick Kubitz,0200,6
Ta'Quon Graham,Ruke Orhorhoro,0200,7
Ta'Quon Graham,Simeon Barrow Jr.,0200,2
Ta'Quon Graham,Xavier Watts,0200,7
Ta'Quon Graham,Zach Harrison,0200,3
Tahj Brooks,Amarius Mims,0920,10
Tahj Brooks,Andrei Iosivas,0920,10
Tahj Brooks,Andrew Coker,0920,27
Tahj Brooks,Andrew Raym,0920,47
Tahj Brooks,Andrew Stueber,0920,28
Tahj Brooks,Caleb Etienne,0920,5
Tahj Brooks,Cam Grandy,0920,21
Tahj Brooks,Charlie Jones,0920,32
Tahj Brooks,Cody Ford,0920,13
Tahj Brooks,Cole Burgess,0920,4
Tahj Brooks,Cordell Volson,0920,19
Tahj Brooks,Desmond Ridder,0920,5
Tahj Brooks,Devin Cochran,0920,20
Tahj Brooks,Drew Sample,0920,3
Tahj Brooks,Dylan Fairchild,0920,10
Tahj Brooks,Gary Brightwell,0920,1
Tahj Brooks,Isaiah Williams,0920,29
Tahj Brooks,Jake Browning,0920,42
Tahj Brooks,Jalen Rivers,0920,47
Tahj Brooks,Jamoi Mayes,0920,8
Tahj Brooks,Jaxson Kirkland,0920,34
Tahj Brooks,Jermaine Burton,0920,14
Tahj Brooks,Joe Burrow,0920,10
Tahj Brooks,Jordan Moore,0920,9
Tahj Brooks,Kendric Pryor,0920,22
Tahj Brooks,Lucas Patrick,0920,5
Tahj Brooks,Mitchell Tinsley,0920,35
Tahj Brooks,Noah Fant,0920,8
Tahj Brooks,Orlando Brown,0920,10
Tahj Brooks,Rashod Owens,0920,1
Tahj Brooks,Tanner Hudson,0920,20
Tahj Brooks,Tanner McLachlan,0920,11
Tahj Brooks,Ted Karras,0920,10
Tahj Washington,A.J. Henning,2700,2
Tahj Washington,Aaron Brewer,2700,1
Tahj Washington,Aaron Shampklin,2700,1
Tahj Washington,Addison West,2700,1
Tahj Washington,Andrew Armstrong,2700,2
Tahj Washington,Braeden Daniels,2700,31
Tahj Washington,Chris Myarick,2700,7
Tahj Washington,Daniel Brunskill,2700,50
Tahj Washington,Dee Eskridge,2700,25
Tahj Washington,Erik Ezukanma,2700,45
Tahj Washington,Germain Ifedi,2700,7
Tahj Washington,Hayden Rucci,2700,13
Tahj Washington,Jackson Carman,2700,42
Tahj Washington,Jalen McKenzie,2700,1
Tahj Washington,James Daniels,2700,1
Tahj Washington,Jaylen Wright,2700,21
Tahj Washington,Jonah Savaiinaea,2700,21
Tahj Washington,Josh Priebe,2700,1
Tahj Washington,Julian Hill,2700,4
Tahj Washington,Kion Smith,2700,51
Tahj Washington,Larry Borom,2700,19
Tahj Washington,Mike Boone,2700,11
Tahj Washington,Nick Westbrook-Ikhine,2700,4
Tahj Washington,Ollie Gordon II,2700,19
Tahj Washington,Patrick Paul,2700,4
Tahj Washington,Pharaoh Brown,2700,14
Tahj Washington,Quinn Ewers,2700,1
Tahj Washington,Ryan Hayes,2700,30
Tahj Washington,Tanner Conner,2700,21
Tahj Washington,Tarik Black,2700,19
Tahj Washington,Tua Tagovailoa,2700,1
Tahj Washington,Zach Wilson,2700,50
Tai Felton,Ben Yurosek,3000,27
Tai Felton,Blake Brandel,3000,24
Tai Felton,Brett Rypien,3000,20
Tai Felton,Bryson Nesbit,3000,16
Tai Felton,Giovanni Ricci,3000,14
Tai Felton,Henry Byrd,3000,51
Tai Felton,Jalen Nailor,3000,7
Tai Felton,Jeshaun Jones,3000,5
Tai Felton,Joe Huber,3000,51
Tai Felton,Leroy Watson IV,3000,14
Tai Felton,Lucky Jackson,3000,42
Tai Felton,Max Brosmer,3000,2
Tai Felton,Michael Jurgens,3000,51
Tai Felton,Myles Price,3000,2
Tai Felton,Nick Vannett,3000,10
Tai Felton,Sam Howell,3000,29
Tai Felton,Thayer Thomas,3000,26
Tai Felton,Tim Jones,3000,4
Tai Felton,Ty Chandler,3000,18
Tai Felton,Vershon Lee,3000,21
Tai Felton,Walter Rouse,3000,43
Tai Felton,Zavier Scott,3000,33
Taki Taimani,Ambry Thomas,3000,8
Taki Taimani,Austin Keys,3000,34
Taki Taimani,Bo Richter,3000,32
Taki Taimani,Brian Asamoah,3000,2
Taki Taimani,Cam Gill,3000,15
Taki Taimani,Chaz Chambliss,3000,30
Taki Taimani,Dallas Turner,3000,1
Taki Taimani,Dorian Mausi,3000,11
Taki Taimani,Dwight McGlothern,3000,36
Taki Taimani,Elijah Williams,3000,13
Taki Taimani,Eric Wilson,3000,1
Taki Taimani,Gabriel Murphy,3000,25
Taki Taimani,Gervarrius Owens,3000,2
Taki Taimani,Isaiah Rodgers,3000,2
Taki Taimani,Ivan Pace Jr.,3000,2
Taki Taimani,Jalen Redmond,3000,1
Taki Taimani,Jay Ward,3000,40
Taki Taimani,Jeff Okudah,3000,2
Taki Taimani,Jonathan Harris,3000,37
Taki Taimani,Kahlef Hailassie,3000,12
Taki Taimani,Kobe King,3000,44
Taki Taimani,Levi Drake Rodriguez,3000,1
Taki Taimani,Mekhi Blackmon,3000,42
Taki Taimani,Mishael Powell,3000,10
Taki Taimani,Reddy Steward,3000,5
Taki Taimani,Tavierre Thomas,3000,42
Taki Taimani,Theo Jackson,3000,2
Taki Taimani,Travis Bell,3000,10
Taki Taimani,Tyler Batty,3000,15
Taki Taimani,Tyrion Ingram-Dawkins,3000,31
Taki Taimani,Zemaiah Vaughn,3000,32
Talanoa Hufanga,Alex Singleton,1400,10
Talanoa Hufanga,Brandon Jones,1400,20
Talanoa Hufanga,D.J. Jones,1400,10
Talanoa Hufanga,Dondrea Tillman,1400,3
Talanoa Hufanga,Eyioma Uwazurike,1400,3
Talanoa Hufanga,Ja'Quan McMillian,1400,7
Talanoa Hufanga,Jahdae Barron,1400,5
Talanoa Hufanga,John Franklin-Myers,1400,9
Talanoa Hufanga,Jonah Elliss,1400,7
Talanoa Hufanga,Jonathon Cooper,1400,20
Talanoa Hufanga,Jordan Jackson,1400,3
Talanoa Hufanga,Justin Strnad,1400,18
Talanoa Hufanga,Levelle Bailey,1400,10
Talanoa Hufanga,Malcolm Roach,1400,11
Talanoa Hufanga,Nik Bonitto,1400,10
Talanoa Hufanga,Pat Surtain II,1400,20
Talanoa Hufanga,Riley Moss,1400,20
Talanoa Hufanga,Zach Allen,1400,14
Taliese Fuaga,Brandin Cooks,3300,7
Taliese Fuaga,Cam Akers,3300,4
Taliese Fuaga,Cedrick Wilson Jr.,3300,16
Taliese Fuaga,Cesar Ruiz,3300,24
Taliese Fuaga,Chris Olave,3300,16
Taliese Fuaga,Dillon Radunz,3300,16
Taliese Fuaga,Jack Stoll,3300,12
Taliese Fuaga,Juwan Johnson,3300,8
Taliese Fuaga,Kelvin Banks Jr.,3300,24
Taliese Fuaga,Kendre Miller,3300,20
Taliese Fuaga,Mason Tipton,3300,7
Taliese Fuaga,Moliki Matavao,3300,3
Taliese Fuaga,Rashid Shaheed,3300,16
Taliese Fuaga,Spencer Rattler,3300,8
Taliese Fuaga,Torricelli Simpkins III,3300,22
Taliese Fuaga,Trevor Penning,3300,8
Taliese Fuaga,Treyton Welch,3300,9
Taliese Fuaga,Tyler Shough,3300,16
Taliese Fuaga,Velus Jones Jr.,3300,2
Taliese Fuaga,Will Clapp,3300,2
Tank Bigsby,Austin Trammell,2250,4
Tank Bigsby,Brenton Strange,2250,6
Tank Bigsby,Brian Thomas Jr.,2250,8
Tank Bigsby,Ezra Cleveland,2250,9
Tank Bigsby,Fred Johnson,2250,24
Tank Bigsby,Hunter Long,2250,16
Tank Bigsby,Johnny Mundt,2250,7
Tank Bigsby,Jonah Monheim,2250,15
Tank Bigsby,Joshua Cephus,2250,11
Tank Bigsby,Luke Fortner,2250,15
Tank Bigsby,Nick Mullens,2250,15
Tank Bigsby,Parker Washington,2250,24
Tank Bigsby,Patrick Mekari,2250,9
Tank Bigsby,Robert Hainsey,2250,9
Tank Bigsby,Sal Wormley,2250,15
Tank Bigsby,Shawn Bowman,2250,4
Tank Bigsby,Trenton Irwin,2250,16
Tank Bigsby,Trevor Lawrence,2250,9
Tank Bigsby,Walker Little,2250,9
Tank Bigsby,Wyatt Milum,2250,15
Tanner Conner,A.J. Henning,2700,1
Tanner Conner,Aaron Brewer,2700,15
Tanner Conner,Alexander Mattison,2700,3
Tanner Conner,Braeden Daniels,2700,13
Tanner Conner,Daniel Brunskill,2700,36
Tanner Conner,De'Von Achane,2700,5
Tanner Conner,Dee Eskridge,2700,32
Tanner Conner,Erik Ezukanma,2700,30
Tanner Conner,Germain Ifedi,2700,4
Tanner Conner,Jackson Carman,2700,29
Tanner Conner,James Daniels,2700,15
Tanner Conner,Jaylen Waddle,2700,3
Tanner Conner,Jaylen Wright,2700,22
Tanner Conner,Jonah Savaiinaea,2700,38
Tanner Conner,Julian Hill,2700,8
Tanner Conner,Kion Smith,2700,36
Tanner Conner,Larry Borom,2700,36
Tanner Conner,Malik Washington,2700,11
Tanner Conner,Nick Westbrook-Ikhine,2700,17
Tanner Conner,Ollie Gordon II,2700,21
Tanner Conner,Patrick Paul,2700,20
Tanner Conner,Pharaoh Brown,2700,16
Tanner Conner,Ryan Hayes,2700,13
Tanner Conner,Tahj Washington,2700,21
Tanner Conner,Tarik Black,2700,14
Tanner Conner,Tua Tagovailoa,2700,15
Tanner Conner,Zach Wilson,2700,36
Tanner Hudson,Amarius Mims,0920,7
Tanner Hudson,Andrei Iosivas,0920,6
Tanner Hudson,Andrew Coker,0920,28
Tanner Hudson,Andrew Raym,0920,36
Tanner Hudson,Andrew Stueber,0920,28
Tanner Hudson,Caleb Etienne,0920,11
Tanner Hudson,Charlie Jones,0920,14
Tanner Hudson,Chase Brown,0920,1
Tanner Hudson,Cody Ford,0920,7
Tanner Hudson,Cole Burgess,0920,6
Tanner Hudson,Cordell Volson,0920,9
Tanner Hudson,Desmond Ridder,0920,11
Tanner Hudson,Devin Cochran,0920,9
Tanner Hudson,Drew Sample,0920,1
Tanner Hudson,Dylan Fairchild,0920,7
Tanner Hudson,Gary Brightwell,0920,10
Tanner Hudson,Isaiah Williams,0920,15
Tanner Hudson,Ja'Marr Chase,0920,4
Tanner Hudson,Jake Browning,0920,26
Tanner Hudson,Jalen Rivers,0920,28
Tanner Hudson,Jamoi Mayes,0920,16
Tanner Hudson,Jaxson Kirkland,0920,30
Tanner Hudson,Jermaine Burton,0920,7
Tanner Hudson,Joe Burrow,0920,7
Tanner Hudson,Jordan Moore,0920,13
Tanner Hudson,Kendall Milton,0920,4
Tanner Hudson,Kendric Pryor,0920,13
Tanner Hudson,Lucas Patrick,0920,5
Tanner Hudson,Mitchell Tinsley,0920,19
Tanner Hudson,Orlando Brown,0920,7
Tanner Hudson,Rashod Owens,0920,14
Tanner Hudson,Samaje Perine,0920,9
Tanner Hudson,Seth McLaughlin,0920,1
Tanner Hudson,Tahj Brooks,0920,20
Tanner Hudson,Tanner McLachlan,0920,1
Tanner Hudson,Ted Karras,0920,7
Tanner Hudson,Tee Higgins,0920,3
Tanner Ingle,A.J. Green,2510,29
Tanner Ingle,Bill Norton,2510,26
Tanner Ingle,Brennan Jackson,2510,60
Tanner Ingle,Cam Lampkin,2510,64
Tanner Ingle,Charles Woods,2510,45
Tanner Ingle,Da'Jon Terry,2510,18
Tanner Ingle,Decarius Hawthorne,2510,20
Tanner Ingle,Derion Kendrick,2510,74
Tanner Ingle,Desjuan Johnson,2510,69
Tanner Ingle,Elias Neal,2510,45
Tanner Ingle,Jack Heflin,2510,66
Tanner Ingle,Jamil Muhammad,2510,15
Tanner Ingle,Josaiah Stewart,2510,18
Tanner Ingle,Josh Pearcy,2510,7
Tanner Ingle,Josh Wallace,2510,28
Tanner Ingle,Keir Thomas,2510,22
Tanner Ingle,Larrell Murchison,2510,35
Tanner Ingle,Malik Dixon-Williams,2510,42
Tanner Ingle,Nate Valcarcel,2510,39
Tanner Ingle,Nick Hampton,2510,47
Tanner Ingle,Pooh Paul Jr.,2510,68
Tanner Ingle,Shaun Dolac,2510,56
Tanner Ingle,Shaun Jolly,2510,76
Tanner Ingle,Tony Fields II,2510,34
Tanner Ingle,Ty Hamilton,2510,37
Tanner McCalister,Aaron Smith,3430,41
Tanner McCalister,Braiden McGregor,3430,27
Tanner McCalister,Dean Clark,3430,66
Tanner McCalister,Derrick Nnadi,3430,15
Tanner McCalister,Eric Watts,3430,27
Tanner McCalister,Fatorma Mulbah,3430,37
Tanner McCalister,Francisco Mauigoa,3430,6
Tanner McCalister,Ja'Markis Weston n,3430,29
Tanner McCalister,Jackson Sirmon,3430,45
Tanner McCalister,Jamin Davis,3430,3
Tanner McCalister,Jarius Monroe,3430,44
Tanner McCalister,Jarrick Bernard-Converse,3430,17
Tanner McCalister,Jordan Clark,3430,45
Tanner McCalister,Kingsley Jonathan,3430,28
Tanner McCalister,Leonard Taylor III,3430,27
Tanner McCalister,Malachi Moore,3430,1
Tanner McCalister,Mario Goodrich,3430,65
Tanner McCalister,Michael Fletcher,3430,28
Tanner McCalister,Payton Page,3430,39
Tanner McCalister,Phidarian Mathis,3430,11
Tanner McCalister,Qwan'tez Stiggers,3430,5
Tanner McCalister,Rashad Weaver,3430,1
Tanner McCalister,Ryan Cooper Jr.,3430,1
Tanner McCalister,Tyler Baron,3430,24
Tanner McCalister,Zaire Barnes,3430,28
Tanner McKee,AJ Dillon,3700,16
Tanner McKee,Ainias Smith,3700,31
Tanner McKee,Brett Toth,3700,41
Tanner McKee,Darian Kinnard,3700,32
Tanner McKee,Darius Cooper,3700,31
Tanner McKee,Drew Kendall,3700,41
Tanner McKee,Elijah Cooks,3700,1
Tanner McKee,Grant Calcaterra,3700,13
Tanner McKee,Harrison Bryant,3700,17
Tanner McKee,Jahan Dotson,3700,9
Tanner McKee,Johnny Wilson,3700,40
Tanner McKee,Keilan Robinson,3700,11
Tanner McKee,Kendall Lamm,3700,14
Tanner McKee,Kylen Granson,3700,21
Tanner McKee,Matt Pryor,3700,41
Tanner McKee,Myles Hinton,3700,27
Tanner McKee,Tyler Steen,3700,9
Tanner McKee,Will Shipley,3700,14
Tanner McLachlan,Andrew Coker,0920,65
Tanner McLachlan,Andrew Raym,0920,33
Tanner McLachlan,Andrew Stueber,0920,49
Tanner McLachlan,Caleb Etienne,0920,45
Tanner McLachlan,Cam Grandy,0920,16
Tanner McLachlan,Charlie Jones,0920,5
Tanner McLachlan,Cody Ford,0920,2
Tanner McLachlan,Cole Burgess,0920,30
Tanner McLachlan,Cordell Volson,0920,4
Tanner McLachlan,Desmond Ridder,0920,41
Tanner McLachlan,Devin Cochran,0920,5
Tanner McLachlan,Gary Brightwell,0920,23
Tanner McLachlan,Isaiah Williams,0920,26
Tanner McLachlan,Jake Browning,0920,20
Tanner McLachlan,Jalen Rivers,0920,37
Tanner McLachlan,Jamoi Mayes,0920,18
Tanner McLachlan,Jaxson Kirkland,0920,68
Tanner McLachlan,Jermaine Burton,0920,15
Tanner McLachlan,Jordan Moore,0920,24
Tanner McLachlan,Kendall Milton,0920,29
Tanner McLachlan,Kendric Pryor,0920,39
Tanner McLachlan,Matt Lee,0920,24
Tanner McLachlan,Mitchell Tinsley,0920,6
Tanner McLachlan,Payton Thorne,0920,9
Tanner McLachlan,Quali Conley,0920,8
Tanner McLachlan,Rashod Owens,0920,29
Tanner McLachlan,Seth McLaughlin,0920,18
Tanner McLachlan,Tahj Brooks,0920,11
Tanner McLachlan,Tanner Hudson,0920,1
Tanner Mordecai,Austen Pleasants,4500,16
Tanner Mordecai,Brayden Willis,4500,24
Tanner Mordecai,Connor Colby,4500,19
Tanner Mordecai,Corey Kiner,4500,9
Tanner Mordecai,Demarcus Robinson,4500,10
Tanner Mordecai,Drake Nugent,4500,29
Tanner Mordecai,Drew Moss,4500,29
Tanner Mordecai,Isaac Alarcon,4500,29
Tanner Mordecai,Isaac Guerendo,4500,7
Tanner Mordecai,Isaiah Hodgins,4500,10
Tanner Mordecai,Isaiah Prince,4500,23
Tanner Mordecai,Jake Tonges,4500,27
Tanner Mordecai,Jeff Wilson,4500,14
Tanner Mordecai,Jordan Watkins,4500,6
Tanner Mordecai,Junior Bergen,4500,8
Tanner Mordecai,Ke'Shawn Vaughn,4500,9
Tanner Mordecai,Luke Farrell,4500,8
Tanner Mordecai,Malik Turner,4500,17
Tanner Mordecai,Matt Hennessy,4500,10
Tanner Mordecai,Michael Dunn,4500,7
Tanner Mordecai,Nick Zakelj,4500,23
Tanner Mordecai,Robbie Chosen,4500,33
Tanner Mordecai,Skyy Moore,4500,12
Tanner Mordecai,Spencer Burford,4500,10
Tanner Mordecai,Terique Owens,4500,1
Tanner Taula,Ben Scott,4900,45
Tanner Taula,Benjamin Chukwuma,4900,27
Tanner Taula,Connor Bazelak,4900,44
Tanner Taula,Devin Culp,4900,4
Tanner Taula,Elijah Klein,4900,34
Tanner Taula,Garrett Greene,4900,31
Tanner Taula,Jacob Harris,4900,33
Tanner Taula,Jaden Smith,4900,20
Tanner Taula,Jake Majors,4900,31
Tanner Taula,Jase McClellan,4900,9
Tanner Taula,Josh Williams,4900,1
Tanner Taula,Kameron Johnson,4900,11
Tanner Taula,Ko Kieft,4900,17
Tanner Taula,Kyle Trask,4900,3
Tanner Taula,Lorenz Metz,4900,13
Tanner Taula,Luke Haggard,4900,13
Tanner Taula,Mike Jordan,4900,17
Tanner Taula,Owen Wright,4900,31
Tanner Taula,Raiqwon O'Neal,4900,2
Tanner Taula,Rakim Jarrett,4900,17
Tanner Taula,Ryan Miller,4900,5
Tanner Taula,Sean Tucker,4900,6
Tanner Taula,Sua Opeta,4900,13
Tanner Taula,Tez Johnson,4900,2
Tanner Taula,Trey Palmer,4900,1
Tanner Taula,Tyler McLellan,4900,40
Tanoh Kpassagnon,Alex Cook,0810,24
Tanoh Kpassagnon,Amen Ogbongbemiga,0810,10
Tanoh Kpassagnon,Andrew Billings,0810,25
Tanoh Kpassagnon,Austin Booker,0810,13
Tanoh Kpassagnon,Chris Williams,0810,31
Tanoh Kpassagnon,Daniel Hardy,0810,1
Tanoh Kpassagnon,Dayo Odeyingbo,0810,2
Tanoh Kpassagnon,Dominique Robinson,0810,26
Tanoh Kpassagnon,Elijah Hicks,0810,15
Tanoh Kpassagnon,Gervon Dexter Sr.,0810,2
Tanoh Kpassagnon,Jaquan Brisker,0810,3
Tanoh Kpassagnon,Jeremiah Walker,0810,2
Tanoh Kpassagnon,Jonathan Ford,0810,8
Tanoh Kpassagnon,Jonathan Owens,0810,39
Tanoh Kpassagnon,Josh Blackwell,0810,5
Tanoh Kpassagnon,Kevin Byard,0810,3
Tanoh Kpassagnon,Mekhi Garner,0810,17
Tanoh Kpassagnon,Montez Sweat,0810,1
Tanoh Kpassagnon,Nahshon Wright,0810,18
Tanoh Kpassagnon,Nick McCloud,0810,19
Tanoh Kpassagnon,Noah Sewell,0810,37
Tanoh Kpassagnon,Power Echols,0810,5
Tanoh Kpassagnon,Ruben Hyppolite II,0810,42
Tanoh Kpassagnon,Swayze Bozeman,0810,3
Tanoh Kpassagnon,T.J. Edwards,0810,3
Tanoh Kpassagnon,Terell Smith,0810,7
Tanoh Kpassagnon,Tre Flowers,0810,24
Tanoh Kpassagnon,Tyrique Stevenson,0810,18
Tanoh Kpassagnon,Zacch Pickens,0810,17
Tanor Bortolini,Adonai Mitchell,2200,65
Tanor Bortolini,Andrew Ogletree,2200,26
Tanor Bortolini,Anthony Gould,2200,53
Tanor Bortolini,Anthony Richardson,2200,24
Tanor Bortolini,Ashton Dulin,2200,53
Tanor Bortolini,Blake Freeland,2200,38
Tanor Bortolini,Braden Smith,2200,13
Tanor Bortolini,D.J. Montgomery,2200,1
Tanor Bortolini,DJ Giddens,2200,39
Tanor Bortolini,Dalton Tucker,2200,53
Tanor Bortolini,Daniel Jones,2200,43
Tanor Bortolini,Jalen Travis,2200,67
Tanor Bortolini,Jonathan Taylor,2200,10
Tanor Bortolini,Laquon Treadwell,2200,1
Tanor Bortolini,Luke Tenuta,2200,16
Tanor Bortolini,Matt Goncalves,2200,67
Tanor Bortolini,Michael Pittman,2200,14
Tanor Bortolini,Mo Alie-Cox,2200,4
Tanor Bortolini,Quenton Nelson,2200,14
Tanor Bortolini,Tyler Goodson,2200,18
Tanor Bortolini,Tyler Warren,2200,30
Tanor Bortolini,Will Mallory,2200,21
Tarheeb Still,Alohi Gilman,4400,8
Tarheeb Still,Benjamin St-Juste,4400,17
Tarheeb Still,Bud Dupree,4400,6
Tarheeb Still,Caleb Murphy,4400,8
Tarheeb Still,Da'Shawn Hand,4400,9
Tarheeb Still,Daiyan Henley,4400,9
Tarheeb Still,Denzel Perryman,4400,9
Tarheeb Still,Donte Jackson,4400,9
Tarheeb Still,Elijah Molden,4400,9
Tarheeb Still,Garmon Randolph,4400,3
Tarheeb Still,Ja'Sir Taylor,4400,5
Tarheeb Still,Jamaree Caldwell,4400,2
Tarheeb Still,Justin Eboigbe,4400,2
Tarheeb Still,Kylan Guidry,4400,3
Tarheeb Still,Marlowe Wax,4400,8
Tarheeb Still,Naquan Jones,4400,6
Tarheeb Still,Otito Ogbonnia,4400,12
Tarheeb Still,R.J. Mickens,4400,8
Tarheeb Still,Teair Tart,4400,6
Tarheeb Still,Tony Jefferson,4400,9
Tarheeb Still,Tre'Mon Morris-Brash,4400,8
Tarheeb Still,Troy Dye,4400,8
Tarheeb Still,Tuli Tuipulotu,4400,6
Tarik Black,A.J. Henning,2700,6
Tarik Black,Addison West,2700,9
Tarik Black,Andrew Armstrong,2700,1
Tarik Black,Braeden Daniels,2700,19
Tarik Black,Chris Myarick,2700,6
Tarik Black,Daniel Brunskill,2700,26
Tarik Black,Erik Ezukanma,2700,23
Tarik Black,Germain Ifedi,2700,9
Tarik Black,Hayden Rucci,2700,6
Tarik Black,Jackson Carman,2700,17
Tarik Black,Jalen McKenzie,2700,4
Tarik Black,Jaylen Wright,2700,16
Tarik Black,Jonah Savaiinaea,2700,14
Tarik Black,Josh Priebe,2700,9
Tarik Black,Julian Hill,2700,5
Tarik Black,Kion Smith,2700,33
Tarik Black,Larry Borom,2700,12
Tarik Black,Nick Westbrook-Ikhine,2700,4
Tarik Black,Ollie Gordon II,2700,19
Tarik Black,Patrick Paul,2700,4
Tarik Black,Pharaoh Brown,2700,14
Tarik Black,Quinn Ewers,2700,9
Tarik Black,Ryan Hayes,2700,19
Tarik Black,Tahj Washington,2700,19
Tarik Black,Tanner Conner,2700,14
Tarik Black,Theo Wease Jr.,2700,7
Tarik Black,Zach Wilson,2700,26
Tariq Castro-Fields,A.J. Woods,3700,4
Tariq Castro-Fields,Andre' Sam,3700,8
Tariq Castro-Fields,Antwaun Powell-Ryland,3700,12
Tariq Castro-Fields,Brandon Johnson,3700,16
Tariq Castro-Fields,Dallas Gant,3700,13
Tariq Castro-Fields,Eli Ricks,3700,7
Tariq Castro-Fields,Gabe Hall,3700,17
Tariq Castro-Fields,Jacob Sykes,3700,3
Tariq Castro-Fields,Jeremiah Trotter Jr.,3700,7
Tariq Castro-Fields,Joe Evans,3700,3
Tariq Castro-Fields,Lance Dixon,3700,13
Tariq Castro-Fields,Lewis Cine,3700,13
Tariq Castro-Fields,Maxen Hook,3700,12
Tariq Castro-Fields,Ochaun Mathis,3700,18
Tariq Castro-Fields,Ogbo Okoronkwo,3700,5
Tariq Castro-Fields,Parry Nickerson,3700,13
Tariq Castro-Fields,Patrick Johnson,3700,5
Tariq Castro-Fields,Smael Mondon Jr.,3700,7
Tariq Castro-Fields,Tristin McCollum,3700,7
Tariq Castro-Fields,Ty Robinson,3700,17
Taron Johnson,A.J. Epenesa,0610,6
Taron Johnson,Cam Lewis,0610,16
Taron Johnson,Christian Benford,0610,16
Taron Johnson,DaQuan Jones,0610,11
Taron Johnson,Damar Hamlin,0610,16
Taron Johnson,DeWayne Carter,0610,5
Taron Johnson,Ed Oliver,0610,11
Taron Johnson,Greg Rousseau,0610,10
Taron Johnson,Joe Andreessen,0610,16
Taron Johnson,Joey Bosa,0610,10
Taron Johnson,Larry Ogunjobi,0610,5
Taron Johnson,Matt Milano,0610,16
Taron Johnson,Michael Hoecht,0610,6
Taron Johnson,Tre'Davious White,0610,16
Tate Ratledge,Craig Reynolds,1540,13
Tate Ratledge,Giovanni Manu,1540,22
Tate Ratledge,Hendon Hooker,1540,22
Tate Ratledge,Isaac TeSlaa,1540,22
Tate Ratledge,Jabari Small,1540,9
Tate Ratledge,Jackson Meeks,1540,16
Tate Ratledge,Kayode Awosika,1540,22
Tate Ratledge,Kenny Yeboah,1540,7
Tate Ratledge,Kingsley Eguakun,1540,2
Tate Ratledge,Mason Miller,1540,22
Tate Ratledge,Shane Zylstra,1540,18
Tate Ratledge,Tom Kennedy,1540,22
Tate Ratledge,Trystan Colon,1540,20
Tate Ratledge,Zach Horton,1540,3
Tatum Bethune,Alfred Collins,4500,40
Tatum Bethune,Bradlee Anae,4500,18
Tatum Bethune,Bryce Huff,4500,23
Tatum Bethune,CJ West,4500,22
Tatum Bethune,Chase Lucas,4500,48
Tatum Bethune,Dallis Flowers,4500,62
Tatum Bethune,Darrell Luter Jr.,4500,47
Tatum Bethune,Dee Winters,4500,25
Tatum Bethune,Deommodore Lenoir,4500,13
Tatum Bethune,Derrick Canteen,4500,24
Tatum Bethune,Evan Anderson,4500,14
Tatum Bethune,Jason Pinnock,4500,10
Tatum Bethune,Jaylen Mahoney,4500,8
Tatum Bethune,Jaylon Allen,4500,8
Tatum Bethune,Ji'Ayir Brown,4500,28
Tatum Bethune,Jonathan Garvin,4500,40
Tatum Bethune,Kalia Davis,4500,29
Tatum Bethune,Luke Gifford,4500,14
Tatum Bethune,Marques Sigle,4500,54
Tatum Bethune,Nick Martin,4500,37
Tatum Bethune,Robert Beal Jr.,4500,16
Tatum Bethune,Sebastian Valdez,4500,21
Tatum Bethune,Trevis Gipson,4500,19
Taven Bryan,Barrett Carter,0920,19
Taven Bryan,Bralyn Lux,0920,41
Taven Bryan,Cameron Sample,0920,6
Taven Bryan,Craig Young,0920,23
Taven Bryan,D.J. Ivey,0920,29
Taven Bryan,Daijahn Anthony,0920,21
Taven Bryan,Eric Gregory,0920,22
Taven Bryan,Howard Cross III,0920,26
Taven Bryan,Isaiah Thomas,0920,36
Taven Bryan,Jalen Davis,0920,6
Taven Bryan,Jaylen Key,0920,25
Taven Bryan,Joe Giles-Harris,0920,16
Taven Bryan,Lance Robinson,0920,24
Taven Bryan,Maema Njongmeta,0920,28
Taven Bryan,Marco Wilson,0920,10
Taven Bryan,McKinnley Jackson,0920,30
Taven Bryan,McTelvin Agim,0920,10
Taven Bryan,Nate Brooks,0920,40
Taven Bryan,Oren Burks,0920,6
Taven Bryan,PJ Jules,0920,19
Taven Bryan,Raymond Johnson III,0920,23
Taven Bryan,Shaka Heyward,0920,23
Taven Bryan,Shaquan Loyal,0920,22
Taven Bryan,Shemar Stewart,0920,6
Taven Bryan,Tycen Anderson,0920,19
Tavierre Thomas,Austin Keys,3000,47
Tavierre Thomas,Bo Richter,3000,74
Tavierre Thomas,Brian Asamoah,3000,17
Tavierre Thomas,Cam Gill,3000,18
Tavierre Thomas,Chaz Chambliss,3000,54
Tavierre Thomas,Dorian Mausi,3000,24
Tavierre Thomas,Dwight McGlothern,3000,82
Tavierre Thomas,Elijah Williams,3000,40
Tavierre Thomas,Gabriel Murphy,3000,57
Tavierre Thomas,Jalen Redmond,3000,11
Tavierre Thomas,Jay Ward,3000,98
Tavierre Thomas,Jonathan Harris,3000,44
Tavierre Thomas,Kahlef Hailassie,3000,19
Tavierre Thomas,Kobe King,3000,86
Tavierre Thomas,Levi Drake Rodriguez,3000,20
Tavierre Thomas,Mekhi Blackmon,3000,100
Tavierre Thomas,Reddy Steward,3000,2
Tavierre Thomas,Taki Taimani,3000,42
Tavierre Thomas,Travis Bell,3000,27
Tavierre Thomas,Tyler Batty,3000,37
Tavierre Thomas,Tyrion Ingram-Dawkins,3000,54
Tavierre Thomas,Zemaiah Vaughn,3000,77
Tay Martin,Ben Sinnott,5110,16
Tay Martin,Bobby Hart,5110,44
Tay Martin,Chris Paul,5110,30
Tay Martin,Chris Rodriguez Jr.,5110,9
Tay Martin,Cole Turner,5110,15
Tay Martin,Colson Yankoff,5110,11
Tay Martin,Demetric Felton,5110,4
Tay Martin,Foster Sarell,5110,23
Tay Martin,Ja'Corey Brooks,5110,19
Tay Martin,Jacoby Jones,5110,6
Tay Martin,Jacory Croskey-Merritt,5110,12
Tay Martin,Jaylin Lane,5110,16
Tay Martin,Jeremy McNichols,5110,17
Tay Martin,Josh Conerly Jr.,5110,7
Tay Martin,Josh Johnson,5110,25
Tay Martin,Julian Good-Jones,5110,27
Tay Martin,K.J. Osborn,5110,17
Tay Martin,Kazmeir Allen,5110,11
Tay Martin,Lawrence Cager,5110,19
Tay Martin,Luke McCaffrey,5110,5
Tay Martin,Michael Deiter,5110,32
Tay Martin,Michael Gallup,5110,24
Tay Martin,Nick Harris,5110,10
Tay Martin,Noah Brown,5110,6
Tay Martin,River Cracraft,5110,5
Tay Martin,Sam Hartman,5110,28
Tay Martin,Timothy McKay,5110,15
Tay Martin,Trent Scott,5110,42
Tay Martin,Tyre Phillips,5110,35
Taylor Elgersma,Amar Johnson,1800,20
Taylor Elgersma,Anthony Belton,1800,65
Taylor Elgersma,Ben Sims,1800,19
Taylor Elgersma,Brant Banks,1800,23
Taylor Elgersma,Cornelius Johnson,1800,38
Taylor Elgersma,Donovan Jennings,1800,42
Taylor Elgersma,Emanuel Wilson,1800,12
Taylor Elgersma,Isaiah Neyor,1800,42
Taylor Elgersma,Israel Abanikanda,1800,28
Taylor Elgersma,J.J. Lippe,1800,23
Taylor Elgersma,Jacob Monk,1800,5
Taylor Elgersma,Johnny Lumpkin,1800,28
Taylor Elgersma,Julian Hicks,1800,36
Taylor Elgersma,Kadeem Telfort,1800,42
Taylor Elgersma,Kawaan Baker,1800,9
Taylor Elgersma,Lecitus Smith,1800,34
Taylor Elgersma,Malik Heath,1800,4
Taylor Elgersma,Mecole Hardman,1800,8
Taylor Elgersma,Messiah Swinson,1800,47
Taylor Elgersma,Trey Hill,1800,59
Taylor Elgersma,Tyler Cooper,1800,32
Taylor Elgersma,Tyrion Davis-Price,1800,5
Taylor Elgersma,Will Sheppard,1800,29
Taylor Heinicke,Andre James,4400,31
Taylor Heinicke,Branson Taylor,4400,33
Taylor Heinicke,Brenden Rice,4400,3
Taylor Heinicke,Corey Stewart,4400,34
Taylor Heinicke,Dalevon Campbell,4400,10
Taylor Heinicke,David Sharpe,4400,30
Taylor Heinicke,Hassan Haskins,4400,4
Taylor Heinicke,JaQuae Jackson,4400,15
Taylor Heinicke,Jamaree Salyer,4400,10
Taylor Heinicke,Jaylen Johnson,4400,20
Taylor Heinicke,Josh Kaltenberger,4400,12
Taylor Heinicke,Karsen Barnhart,4400,40
Taylor Heinicke,KeAndre Lambert-Smith,4400,26
Taylor Heinicke,Kimani Vidal,4400,23
Taylor Heinicke,Luke Grimm,4400,5
Taylor Heinicke,Nash Jones,4400,3
Taylor Heinicke,Nyheim Hines,4400,9
Taylor Heinicke,Oronde Gadsden II,4400,29
Taylor Heinicke,Raheim Sanders,4400,7
Taylor Heinicke,Ryan Nelson,4400,12
Taylor Heinicke,Scott Matlock,4400,13
Taylor Heinicke,Stevo Klotz,4400,5
Taylor Heinicke,Tre Harris,4400,30
Taylor Heinicke,Tucker Fisk,4400,14
Taylor Heinicke,Tyler Conklin,4400,2
Taylor Heinicke,Zion Johnson,4400,10
Taylor Morin,Brett Toth,3700,10
Taylor Morin,Cameron Latu,3700,12
Taylor Morin,Cameron Williams,3700,35
Taylor Morin,Darian Kinnard,3700,1
Taylor Morin,Darius Cooper,3700,11
Taylor Morin,Dorian Thompson-Robinson,3700,11
Taylor Morin,Drew Kendall,3700,20
Taylor Morin,E.J. Jenkins,3700,16
Taylor Morin,Elijah Cooks,3700,6
Taylor Morin,Giles Jackson,3700,19
Taylor Morin,Hollin Pierce,3700,16
Taylor Morin,Ife Adeyi,3700,16
Taylor Morin,Johnny Wilson,3700,11
Taylor Morin,Keilan Robinson,3700,15
Taylor Morin,Kenyon Green,3700,18
Taylor Morin,Kyle McCord,3700,25
Taylor Morin,Laekin Vakalahi,3700,8
Taylor Morin,Montrell Johnson Jr.,3700,5
Taylor Morin,Myles Hinton,3700,36
Taylor Morin,Nick Muse,3700,15
Taylor Morin,ShunDerrick Powell,3700,16
Taylor Morin,Terrace Marshall Jr.,3700,2
Taylor Morin,Trevor Keegan,3700,36
Taylor Moton,Adam Thielen,0750,12
Taylor Moton,Austin Corbett,0750,16
Taylor Moton,Bryce Young,0750,16
Taylor Moton,Brycen Tremayne,0750,2
Taylor Moton,Cade Mays,0750,5
Taylor Moton,Chuba Hubbard,0750,10
Taylor Moton,David Moore,0750,1
Taylor Moton,Ikem Ekwonu,0750,16
Taylor Moton,Ja'Tavion Sanders,0750,12
Taylor Moton,Ja'Tyre Carter,0750,11
Taylor Moton,Jalen Coker,0750,6
Taylor Moton,Mitchell Evans,0750,8
Taylor Moton,Rico Dowdle,0750,6
Taylor Moton,Robert Hunt,0750,16
Taylor Moton,Tetairoa McMillan,0750,15
Taylor Moton,Xavier Legette,0750,8
Te'Cory Couch,A.J. Epenesa,0610,16
Te'Cory Couch,Cam Lewis,0610,8
Te'Cory Couch,Casey Rogers,0610,7
Te'Cory Couch,Christian Benford,0610,1
Te'Cory Couch,Daequan Hardy,0610,3
Te'Cory Couch,Damar Hamlin,0610,8
Te'Cory Couch,Dane Jackson,0610,27
Te'Cory Couch,Darrick Forrest,0610,29
Te'Cory Couch,DeWayne Carter,0610,16
Te'Cory Couch,Deone Walker,0610,15
Te'Cory Couch,Dorian Strong,0610,37
Te'Cory Couch,Edefuan Ulofoshio,0610,22
Te'Cory Couch,Ja'Marcus Ingram,0610,13
Te'Cory Couch,Javon Solomon,0610,17
Te'Cory Couch,Jimmy Ciarlo,0610,5
Te'Cory Couch,Joe Andreessen,0610,25
Te'Cory Couch,Jordan Hancock,0610,27
Te'Cory Couch,Justin Hollins,0610,8
Te'Cory Couch,Keonta Jenkins,0610,29
Te'Cory Couch,Landon Jackson,0610,17
Te'Cory Couch,Larry Ogunjobi,0610,16
Te'Cory Couch,Marcus Harris,0610,3
Te'Cory Couch,Matt Milano,0610,1
Te'Cory Couch,Michael Hoecht,0610,16
Te'Cory Couch,Paris Shand,0610,8
Te'Cory Couch,T.J. Sanders,0610,15
Te'Cory Couch,Tre'Davious White,0610,1
Te'Cory Couch,Wande Owens,0610,10
Te'Cory Couch,Zion Logue,0610,10
TeRah Edwards,Caleb Murphy,4400,26
TeRah Edwards,Cam Hart,4400,3
TeRah Edwards,Christopher Hinton,4400,50
TeRah Edwards,Deane Leonard,4400,4
TeRah Edwards,Del'Shawn Phillips,4400,5
TeRah Edwards,Emany Johnson,4400,59
TeRah Edwards,Eric Rogers,4400,17
TeRah Edwards,Garmon Randolph,4400,35
TeRah Edwards,Harrison Hand,4400,16
TeRah Edwards,Ja'Sir Taylor,4400,43
TeRah Edwards,Jamaree Caldwell,4400,1
TeRah Edwards,Jaylen Jones,4400,11
TeRah Edwards,Jordan Oladokun,4400,8
TeRah Edwards,Josh Fuga,4400,5
TeRah Edwards,Junior Colson,4400,14
TeRah Edwards,Justin Eboigbe,4400,2
TeRah Edwards,Kana'i Mauga,4400,22
TeRah Edwards,Kendall Williamson,4400,67
TeRah Edwards,Kylan Guidry,4400,42
TeRah Edwards,Kyle Kennard,4400,13
TeRah Edwards,Marlowe Wax,4400,58
TeRah Edwards,Myles Purchase,4400,46
TeRah Edwards,Naquan Jones,4400,5
TeRah Edwards,Nehemiah Shelton,4400,2
TeRah Edwards,Nesta Jade Silvera,4400,43
TeRah Edwards,Nikko Reed,4400,29
TeRah Edwards,R.J. Mickens,4400,51
TeRah Edwards,Scott Matlock,4400,6
TeRah Edwards,Tony Jefferson,4400,5
TeRah Edwards,Tre'Mon Morris-Brash,4400,42
TeRah Edwards,Trikweze Bridges,4400,60
Teair Tart,Alohi Gilman,4400,6
Teair Tart,Benjamin St-Juste,4400,6
Teair Tart,Bud Dupree,4400,6
Teair Tart,Daiyan Henley,4400,6
Teair Tart,Denzel Perryman,4400,6
Teair Tart,Donte Jackson,4400,6
Teair Tart,Elijah Molden,4400,6
Teair Tart,Otito Ogbonnia,4400,6
Teair Tart,Tarheeb Still,4400,6
Teair Tart,Tuli Tuipulotu,4400,6
Ted Karras,Amarius Mims,0920,38
Ted Karras,Andrei Iosivas,0920,29
Ted Karras,Cam Grandy,0920,6
Ted Karras,Charlie Jones,0920,15
Ted Karras,Chase Brown,0920,19
Ted Karras,Drew Sample,0920,23
Ted Karras,Dylan Fairchild,0920,38
Ted Karras,Ja'Marr Chase,0920,24
Ted Karras,Jalen Rivers,0920,7
Ted Karras,Joe Burrow,0920,38
Ted Karras,Lucas Patrick,0920,31
Ted Karras,Mitchell Tinsley,0920,14
Ted Karras,Noah Fant,0920,14
Ted Karras,Orlando Brown,0920,38
Ted Karras,Samaje Perine,0920,9
Ted Karras,Tahj Brooks,0920,10
Ted Karras,Tanner Hudson,0920,7
Ted Karras,Tee Higgins,0920,20
Tedarrell Slaton,Cam Taylor-Britt,0920,7
Tedarrell Slaton,DJ Turner II,0920,13
Tedarrell Slaton,Daijahn Anthony,0920,12
Tedarrell Slaton,Daxton Hill,0920,7
Tedarrell Slaton,Demetrius Knight Jr.,0920,20
Tedarrell Slaton,Geno Stone,0920,4
Tedarrell Slaton,Jalen Davis,0920,7
Tedarrell Slaton,Jordan Battle,0920,20
Tedarrell Slaton,Joseph Ossai,0920,20
Tedarrell Slaton,Josh Newton,0920,19
Tedarrell Slaton,Kris Jenkins,0920,20
Tedarrell Slaton,Logan Wilson,0920,20
Tedarrell Slaton,Myles Murphy,0920,13
Tedarrell Slaton,Oren Burks,0920,7
Tedarrell Slaton,Shemar Stewart,0920,7
Tedarrell Slaton,Tycen Anderson,0920,4
Teddy Bridgewater,Ben Bredeson,4900,19
Teddy Bridgewater,Bucky Irving,4900,18
Teddy Bridgewater,Cade Otton,4900,17
Teddy Bridgewater,Charlie Heck,4900,19
Teddy Bridgewater,Cody Mauch,4900,19
Teddy Bridgewater,Emeka Egbuka,4900,19
Teddy Bridgewater,Graham Barton,4900,19
Teddy Bridgewater,Jalen McMillan,4900,6
Teddy Bridgewater,Luke Goedeke,4900,19
Teddy Bridgewater,Payne Durham,4900,4
Teddy Bridgewater,Ryan Miller,4900,3
Teddy Bridgewater,Sean Tucker,4900,1
Teddy Bridgewater,Sterling Shepard,4900,14
Teddy Bridgewater,Tez Johnson,4900,13
Teddye Buchanan,Adedayo Odeleye,0325,9
Teddye Buchanan,Adisa Isaac,0325,20
Teddye Buchanan,Aeneas Peebles,0325,36
Teddye Buchanan,Basil Okoye,0325,30
Teddye Buchanan,Beau Brade,0325,27
Teddye Buchanan,Bilhal Kone,0325,14
Teddye Buchanan,Brent Urban,0325,13
Teddye Buchanan,C.J. Ravenell,0325,48
Teddye Buchanan,David Ojabo,0325,65
Teddye Buchanan,Jacob Hummel,0325,11
Teddye Buchanan,Jalyn Armour-Davis,0325,55
Teddye Buchanan,Jayson Jones,0325,24
Teddye Buchanan,John Jenkins,0325,14
Teddye Buchanan,Kaimon Rucker,0325,11
Teddye Buchanan,Keyon Martin,0325,66
Teddye Buchanan,Malaki Starks,0325,14
Teddye Buchanan,Malik Hamm,0325,10
Teddye Buchanan,Marquise Robinson,0325,11
Teddye Buchanan,Mike Green,0325,54
Teddye Buchanan,Reuben Lowery,0325,47
Teddye Buchanan,Sanoussi Kane,0325,72
Teddye Buchanan,T.J. Tampa,0325,80
Teddye Buchanan,Trenton Simpson,0325,61
Teddye Buchanan,William Kwenkeu,0325,8
Tee Higgins,Amarius Mims,0920,20
Tee Higgins,Andrei Iosivas,0920,11
Tee Higgins,Cam Grandy,0920,4
Tee Higgins,Chase Brown,0920,18
Tee Higgins,Drew Sample,0920,17
Tee Higgins,Dylan Fairchild,0920,20
Tee Higgins,Ja'Marr Chase,0920,20
Tee Higgins,Joe Burrow,0920,20
Tee Higgins,Lucas Patrick,0920,20
Tee Higgins,Noah Fant,0920,5
Tee Higgins,Orlando Brown,0920,20
Tee Higgins,Samaje Perine,0920,2
Tee Higgins,Tanner Hudson,0920,3
Tee Higgins,Ted Karras,0920,20
Tejhaun Palmer,Andre Baccellia,3800,23
Tejhaun Palmer,Bam Knight,3800,14
Tejhaun Palmer,Bryson Green,3800,34
Tejhaun Palmer,Christian Jones,3800,13
Tejhaun Palmer,Clayton Tune,3800,66
Tejhaun Palmer,DeeJay Dallas,3800,9
Tejhaun Palmer,Elijah Higgins,3800,19
Tejhaun Palmer,Emari Demercado,3800,27
Tejhaun Palmer,Greg Dortch,3800,4
Tejhaun Palmer,Hayden Conner,3800,29
Tejhaun Palmer,Jacoby Brissett,3800,20
Tejhaun Palmer,Jake Curhan,3800,56
Tejhaun Palmer,Jeremiah Byers,3800,61
Tejhaun Palmer,Jon Gaines II,3800,13
Tejhaun Palmer,Josh Fryar,3800,42
Tejhaun Palmer,Josiah Deguara,3800,47
Tejhaun Palmer,McClendon Curtis,3800,18
Tejhaun Palmer,Michael Carter,3800,32
Tejhaun Palmer,Nate McCollum,3800,23
Tejhaun Palmer,Nick Leverett,3800,68
Tejhaun Palmer,Oscar Cardenas,3800,25
Tejhaun Palmer,Royce Newman,3800,72
Tejhaun Palmer,Simi Fehoko,3800,10
Tejhaun Palmer,Sincere Haynesworth,3800,58
Tejhaun Palmer,Tip Reiman,3800,1
Tejhaun Palmer,Travis Vokolek,3800,24
Tejhaun Palmer,Trey Benson,3800,4
Tejhaun Palmer,Xavier Weaver,3800,48
Terell Smith,Alex Cook,0810,20
Terell Smith,Amen Ogbongbemiga,0810,5
Terell Smith,Andrew Billings,0810,10
Terell Smith,Austin Booker,0810,30
Terell Smith,Carl Jones,0810,14
Terell Smith,Chris Williams,0810,17
Terell Smith,Daniel Hardy,0810,14
Terell Smith,Dominique Robinson,0810,18
Terell Smith,Elijah Hicks,0810,8
Terell Smith,Jamree Kromah,0810,5
Terell Smith,Jeremiah Walker,0810,7
Terell Smith,Jonathan Ford,0810,20
Terell Smith,Jonathan Owens,0810,25
Terell Smith,Josh Blackwell,0810,11
Terell Smith,Major Burns,0810,9
Terell Smith,Nick McCloud,0810,10
Terell Smith,Noah Sewell,0810,23
Terell Smith,Power Echols,0810,9
Terell Smith,Ruben Hyppolite II,0810,23
Terell Smith,Swayze Bozeman,0810,9
Terell Smith,Tanoh Kpassagnon,0810,7
Terell Smith,Tre Flowers,0810,37
Terell Smith,Tysheem Johnson,0810,12
Terell Smith,Zacch Pickens,0810,27
Terique Owens,Austen Pleasants,4500,8
Terique Owens,Brayden Willis,4500,15
Terique Owens,Carter Bradley,4500,25
Terique Owens,Connor Colby,4500,4
Terique Owens,Corey Kiner,4500,1
Terique Owens,Drake Nugent,4500,26
Terique Owens,Drew Moss,4500,26
Terique Owens,Isaac Alarcon,4500,26
Terique Owens,Isaiah Hodgins,4500,3
Terique Owens,Isaiah Prince,4500,21
Terique Owens,Jake Tonges,4500,23
Terique Owens,Jeff Wilson,4500,14
Terique Owens,Junior Bergen,4500,17
Terique Owens,Ke'Shawn Vaughn,4500,16
Terique Owens,Luke Farrell,4500,3
Terique Owens,Mac Jones,4500,3
Terique Owens,Malik Turner,4500,8
Terique Owens,Matt Hennessy,4500,3
Terique Owens,Michael Dunn,4500,10
Terique Owens,Nick Zakelj,4500,18
Terique Owens,Robbie Chosen,4500,15
Terique Owens,Skyy Moore,4500,1
Terique Owens,Spencer Burford,4500,3
Terique Owens,Tanner Mordecai,4500,1
Terrace Marshall Jr.,AJ Dillon,3700,3
Terrace Marshall Jr.,Ainias Smith,3700,35
Terrace Marshall Jr.,Ben VanSumeren,3700,6
Terrace Marshall Jr.,Brett Toth,3700,43
Terrace Marshall Jr.,Cameron Latu,3700,18
Terrace Marshall Jr.,Cameron Williams,3700,48
Terrace Marshall Jr.,Darian Kinnard,3700,38
Terrace Marshall Jr.,Darius Cooper,3700,39
Terrace Marshall Jr.,Dorian Thompson-Robinson,3700,12
Terrace Marshall Jr.,Drew Kendall,3700,30
Terrace Marshall Jr.,E.J. Jenkins,3700,28
Terrace Marshall Jr.,Elijah Cooks,3700,28
Terrace Marshall Jr.,Harrison Bryant,3700,2
Terrace Marshall Jr.,Hollin Pierce,3700,17
Terrace Marshall Jr.,Johnny Wilson,3700,4
Terrace Marshall Jr.,Keilan Robinson,3700,30
Terrace Marshall Jr.,Kendall Lamm,3700,14
Terrace Marshall Jr.,Kenyon Green,3700,41
Terrace Marshall Jr.,Kyle McCord,3700,59
Terrace Marshall Jr.,Kylen Granson,3700,24
Terrace Marshall Jr.,Matt Pryor,3700,13
Terrace Marshall Jr.,Montrell Johnson Jr.,3700,30
Terrace Marshall Jr.,Myles Hinton,3700,57
Terrace Marshall Jr.,Nick Muse,3700,27
Terrace Marshall Jr.,ShunDerrick Powell,3700,8
Terrace Marshall Jr.,Taylor Morin,3700,2
Terrace Marshall Jr.,Trevor Keegan,3700,54
Terrance Ferguson,A.J. Arcuri,2510,20
Terrance Ferguson,Ben Dooley,2510,20
Terrance Ferguson,Brennan Presley,2510,20
Terrance Ferguson,Britain Covey,2510,14
Terrance Ferguson,Cody Schrader,2510,12
Terrance Ferguson,Drake Stoops,2510,18
Terrance Ferguson,Dresser Winn,2510,20
Terrance Ferguson,Jarquez Hunter,2510,8
Terrance Ferguson,KT Leveston,2510,20
Terrance Ferguson,Mark Redman,2510,1
Terrance Ferguson,Trey Wedig,2510,20
Terrance Ferguson,Tru Edwards,2510,7
Terrance Ferguson,Wyatt Bowles,2510,20
Terrell Burgess,Bryan Bresee,3300,4
Terrell Burgess,Chris Rumph II,3300,20
Terrell Burgess,D'Marco Jackson,3300,10
Terrell Burgess,Danny Stutsman,3300,19
Terrell Burgess,Fadil Diggs,3300,21
Terrell Burgess,Isaac Yiadom,3300,8
Terrell Burgess,Isaiah Foskey,3300,20
Terrell Burgess,Isaiah Stalbird,3300,9
Terrell Burgess,Jayden Price,3300,9
Terrell Burgess,Jaylan Ford,3300,9
Terrell Burgess,John Ridgeway,3300,10
Terrell Burgess,Jonah Williams,3300,17
Terrell Burgess,Jonas Sanker,3300,9
Terrell Burgess,Jonathan Bullard,3300,7
Terrell Burgess,Jordan Howden,3300,21
Terrell Burgess,Julian Blackmon,3300,4
Terrell Burgess,Khalen Saunders,3300,8
Terrell Burgess,Khristian Boyd,3300,4
Terrell Burgess,Kool-Aid McKinstry,3300,4
Terrell Burgess,Nathan Shepherd,3300,2
Terrell Burgess,Nephi Sewell,3300,13
Terrell Burgess,Quincy Riley,3300,26
Terrell Burgess,Rico Payton,3300,13
Terrell Burgess,Ugo Amadi,3300,20
Terrell Burgess,Vernon Broughton,3300,13
Terrell Edmunds,Adam Butler,2520,5
Terrell Edmunds,Andre Carter II,2520,15
Terrell Edmunds,Anthony Booker,2520,1
Terrell Edmunds,Charles Snowden,2520,33
Terrell Edmunds,Chris Smith II,2520,28
Terrell Edmunds,Cody Lindenberg,2520,6
Terrell Edmunds,Darien Porter,2520,32
Terrell Edmunds,Darnay Holmes,2520,8
Terrell Edmunds,Decamerion Richardson,2520,41
Terrell Edmunds,Devin White,2520,5
Terrell Edmunds,Elandon Roberts,2520,1
Terrell Edmunds,Eric Stokes,2520,5
Terrell Edmunds,Germaine Pratt,2520,5
Terrell Edmunds,Greedy Vance,2520,12
Terrell Edmunds,Isaiah Pola-Mao,2520,20
Terrell Edmunds,JJ Pegues,2520,10
Terrell Edmunds,JT Woods,2520,18
Terrell Edmunds,Jahfari Harvey,2520,2
Terrell Edmunds,Jamal Adams,2520,24
Terrell Edmunds,Jaylon Smith,2520,19
Terrell Edmunds,Jeremy Chinn,2520,2
Terrell Edmunds,Jonah Laulu,2520,18
Terrell Edmunds,Leki Fotu,2520,9
Terrell Edmunds,Malcolm Koonce,2520,15
Terrell Edmunds,Matt Jones,2520,25
Terrell Edmunds,Maxx Crosby,2520,4
Terrell Edmunds,Ovie Oghoufo,2520,5
Terrell Edmunds,Thomas Booker,2520,8
Terrell Edmunds,Tommy Eichenberg,2520,24
Terrell Edmunds,Tonka Hemingway,2520,33
Terrell Edmunds,Treven Ma'ae,2520,4
Terrell Edmunds,Tyree Wilson,2520,28
Terrell Edmunds,Zachary Carter,2520,15
Terrell Jennings,Alec Lindstrom,3200,11
Terrell Jennings,Ben Brown,3200,2
Terrell Jennings,Ben Wooldridge,3200,11
Terrell Jennings,CJ Dippre,3200,5
Terrell Jennings,Cole Fotheringham,3200,6
Terrell Jennings,Cole Strange,3200,2
Terrell Jennings,Demontrey Jacobs,3200,10
Terrell Jennings,Efton Chism III,3200,8
Terrell Jennings,Gee Scott Jr.,3200,5
Terrell Jennings,Ja'Lynn Polk,3200,2
Terrell Jennings,Jack Conley,3200,11
Terrell Jennings,Jack Westover,3200,2
Terrell Jennings,Jaheim Bell,3200,2
Terrell Jennings,Javon Baker,3200,7
Terrell Jennings,Jeremiah Webb,3200,6
Terrell Jennings,John Jiles,3200,5
Terrell Jennings,Joshua Dobbs,3200,2
Terrell Jennings,Kyle Williams,3200,4
Terrell Jennings,Layden Robinson,3200,11
Terrell Jennings,Marcus Bryant,3200,5
Terrell Jennings,Mehki Butler,3200,11
Terrell Jennings,Tyrese Robinson,3200,2
Tershawn Wharton,A'Shawn Robinson,0750,18
Tershawn Wharton,Chau Smith-Wade,0750,16
Tershawn Wharton,Christian Rozeboom,0750,22
Tershawn Wharton,Corey Thornton,0750,11
Tershawn Wharton,D.J. Wonnum,0750,22
Tershawn Wharton,Demani Richardson,0750,2
Tershawn Wharton,Derrick Brown,0750,3
Tershawn Wharton,Mike Jackson,0750,22
Tershawn Wharton,Nick Scott,0750,22
Tershawn Wharton,Patrick Jones II,0750,22
Tershawn Wharton,Princely Umanmielen,0750,2
Tershawn Wharton,Shemar Bartholomew,0750,11
Tershawn Wharton,Shy Tuttle,0750,5
Tershawn Wharton,Tre'von Moehrig,0750,22
Tershawn Wharton,Trevin Wallace,0750,20
Tetairoa McMillan,Adam Thielen,0750,11
Tetairoa McMillan,Andy Dalton,0750,19
Tetairoa McMillan,Austin Corbett,0750,15
Tetairoa McMillan,Brady Christensen,0750,19
Tetairoa McMillan,Brandon Walton,0750,13
Tetairoa McMillan,Bryce Young,0750,15
Tetairoa McMillan,Brycen Tremayne,0750,1
Tetairoa McMillan,Cade Mays,0750,23
Tetairoa McMillan,Chuba Hubbard,0750,9
Tetairoa McMillan,Hunter Renfrow,0750,4
Tetairoa McMillan,Ikem Ekwonu,0750,15
Tetairoa McMillan,Ja'Tavion Sanders,0750,12
Tetairoa McMillan,Ja'Tyre Carter,0750,30
Tetairoa McMillan,Jalen Coker,0750,19
Tetairoa McMillan,James Mitchell,0750,10
Tetairoa McMillan,Jarrett Kingston,0750,6
Tetairoa McMillan,Jimmy Horn Jr.,0750,10
Tetairoa McMillan,Mitchell Evans,0750,20
Tetairoa McMillan,Raheem Blackshear,0750,6
Tetairoa McMillan,Rico Dowdle,0750,17
Tetairoa McMillan,Robert Hunt,0750,15
Tetairoa McMillan,Taylor Moton,0750,15
Tetairoa McMillan,Trevor Etienne,0750,3
Tetairoa McMillan,Xavier Legette,0750,14
Tetairoa McMillan,Yosh Nijman,0750,19
Teven Jenkins,Ahmani Marshall,1050,22
Teven Jenkins,Blake Whiteheart,1050,33
Teven Jenkins,Brenden Bates,1050,43
Teven Jenkins,Bucky Williams,1050,13
Teven Jenkins,Cade McDonald,1050,4
Teven Jenkins,Cedric Tillman,1050,13
Teven Jenkins,Chase Cota,1050,2
Teven Jenkins,Cornelius Lucas,1050,27
Teven Jenkins,Dawand Jones,1050,18
Teven Jenkins,Dillon Gabriel,1050,57
Teven Jenkins,Diontae Johnson,1050,57
Teven Jenkins,Dylan Sampson,1050,8
Teven Jenkins,Gage Larvadain,1050,32
Teven Jenkins,Harold Fannin Jr.,1050,6
Teven Jenkins,Isaiah Bond,1050,3
Teven Jenkins,Jackson Barton,1050,75
Teven Jenkins,Jamari Thrash,1050,58
Teven Jenkins,Jason Ivey,1050,32
Teven Jenkins,Javion Cohen,1050,18
Teven Jenkins,Kaden Davis,1050,46
Teven Jenkins,Lorenzo Thompson,1050,2
Teven Jenkins,Luke Floriea,1050,4
Teven Jenkins,Luke Wypler,1050,64
Teven Jenkins,Pierre Strong,1050,29
Teven Jenkins,Sal Cannella,1050,10
Teven Jenkins,Sebastian Gutierrez,1050,2
Teven Jenkins,Shedeur Sanders,1050,20
Teven Jenkins,Trayveon Williams,1050,15
Teven Jenkins,Zak Zinter,1050,57
Tez Johnson,Ben Bredeson,4900,13
Tez Johnson,Ben Scott,4900,23
Tez Johnson,Benjamin Chukwuma,4900,45
Tez Johnson,Bucky Irving,4900,12
Tez Johnson,Cade Otton,4900,11
Tez Johnson,Charlie Heck,4900,18
Tez Johnson,Cody Mauch,4900,13
Tez Johnson,Connor Bazelak,4900,9
Tez Johnson,Devin Culp,4900,18
Tez Johnson,Elijah Klein,4900,50
Tez Johnson,Emeka Egbuka,4900,13
Tez Johnson,Garrett Greene,4900,1
Tez Johnson,Graham Barton,4900,13
Tez Johnson,Jake Majors,4900,9
Tez Johnson,Josh Williams,4900,27
Tez Johnson,Kameron Johnson,4900,7
Tez Johnson,Ko Kieft,4900,13
Tez Johnson,Kyle Trask,4900,41
Tez Johnson,Luke Goedeke,4900,13
Tez Johnson,Luke Haggard,4900,50
Tez Johnson,Mike Jordan,4900,42
Tez Johnson,Owen Wright,4900,2
Tez Johnson,Payne Durham,4900,26
Tez Johnson,Rakim Jarrett,4900,21
Tez Johnson,Ryan Miller,4900,49
Tez Johnson,Sean Tucker,4900,22
Tez Johnson,Sterling Shepard,4900,9
Tez Johnson,Tanner Taula,4900,2
Tez Johnson,Teddy Bridgewater,4900,13
Tez Johnson,Trey Palmer,4900,19
Tez Johnson,Tyler McLellan,4900,26
Thayer Munford Jr.,Aidan O'Connell,2520,82
Thayer Munford Jr.,Albert Okwuegbunam,2520,8
Thayer Munford Jr.,Alex Bachman,2520,66
Thayer Munford Jr.,Alex Cappa,2520,10
Thayer Munford Jr.,Ashton Jeanty,2520,6
Thayer Munford Jr.,Atonio Mafi,2520,50
Thayer Munford Jr.,Brock Bowers,2520,2
Thayer Munford Jr.,Caleb Rogers,2520,105
Thayer Munford Jr.,Cam Miller,2520,23
Thayer Munford Jr.,Carter Runyon,2520,33
Thayer Munford Jr.,Charles Grant,2520,99
Thayer Munford Jr.,Chris Collier,2520,13
Thayer Munford Jr.,Collin Johnson,2520,52
Thayer Munford Jr.,DJ Glaze,2520,8
Thayer Munford Jr.,Dont'e Thornton Jr.,2520,27
Thayer Munford Jr.,Dylan Laube,2520,14
Thayer Munford Jr.,Dylan Parham,2520,2
Thayer Munford Jr.,Geno Smith,2520,2
Thayer Munford Jr.,Gottlieb Ayedze,2520,14
Thayer Munford Jr.,Ian Thomas,2520,36
Thayer Munford Jr.,Jack Bech,2520,63
Thayer Munford Jr.,Jackson Powers-Johnson,2520,33
Thayer Munford Jr.,Jordan Meredith,2520,33
Thayer Munford Jr.,Justin Shorter,2520,26
Thayer Munford Jr.,Ketron Jackson Jr.,2520,1
Thayer Munford Jr.,Kolton Miller,2520,2
Thayer Munford Jr.,Michael Mayer,2520,7
Thayer Munford Jr.,Phillip Dorsett,2520,43
Thayer Munford Jr.,Qadir Ismail,2520,27
Thayer Munford Jr.,Raheem Mostert,2520,24
Thayer Munford Jr.,Shedrick Jackson,2520,35
Thayer Munford Jr.,Sincere McCormick,2520,28
Thayer Munford Jr.,Will Putnam,2520,74
Thayer Munford Jr.,Zamir White,2520,22
Thayer Thomas,Ben Yurosek,3000,13
Thayer Thomas,Blake Brandel,3000,11
Thayer Thomas,Brett Rypien,3000,26
Thayer Thomas,Bryson Nesbit,3000,31
Thayer Thomas,Dontae Fleming,3000,2
Thayer Thomas,Giovanni Ricci,3000,3
Thayer Thomas,Henry Byrd,3000,30
Thayer Thomas,Jeshaun Jones,3000,24
Thayer Thomas,Joe Huber,3000,54
Thayer Thomas,Leroy Watson IV,3000,34
Thayer Thomas,Logan Brown,3000,22
Thayer Thomas,Lucky Jackson,3000,40
Thayer Thomas,Max Brosmer,3000,13
Thayer Thomas,Michael Gonzalez,3000,22
Thayer Thomas,Michael Jurgens,3000,30
Thayer Thomas,Myles Price,3000,3
Thayer Thomas,Nick Vannett,3000,7
Thayer Thomas,Sam Howell,3000,15
Thayer Thomas,Tai Felton,3000,26
Thayer Thomas,Tim Jones,3000,13
Thayer Thomas,Tre Stewart,3000,13
Thayer Thomas,Ty Chandler,3000,6
Thayer Thomas,Vershon Lee,3000,39
Thayer Thomas,Walter Rouse,3000,26
Thayer Thomas,Xazavian Valladay,3000,5
Thayer Thomas,Zavier Scott,3000,30
Thayer Thomas,Zeke Correll,3000,2
Theo Benedet,Braxton Jones,0810,20
Theo Benedet,Brittain Brown,0810,29
Theo Benedet,Case Keenum,0810,10
Theo Benedet,Chris Glaser,0810,29
Theo Benedet,Colston Loveland,0810,5
Theo Benedet,Deion Hankins,0810,3
Theo Benedet,Devin Duvernay,0810,12
Theo Benedet,Durham Smythe,0810,47
Theo Benedet,Ian Wheeler,0810,28
Theo Benedet,JP Richardson,0810,8
Theo Benedet,Jahdae Walker,0810,9
Theo Benedet,Joel Wilson,0810,27
Theo Benedet,Jordan McFadden,0810,82
Theo Benedet,Joshua Miles,0810,10
Theo Benedet,Kyle Monangai,0810,22
Theo Benedet,Luke Newman,0810,83
Theo Benedet,Luther Burden III,0810,79
Theo Benedet,Maurice Alexander,0810,53
Theo Benedet,Miles Boykin,0810,3
Theo Benedet,Ozzy Trapilo,0810,67
Theo Benedet,Ricky Stromberg,0810,11
Theo Benedet,Royce Freeman,0810,10
Theo Benedet,Ryan Bates,0810,86
Theo Benedet,Samori Toure,0810,16
Theo Benedet,Stephen Carlson,0810,47
Theo Benedet,Thomas Gordon,0810,3
Theo Benedet,Travis Homer,0810,5
Theo Benedet,Tyler Scott,0810,79
Theo Benedet,Tyson Bagent,0810,87
Theo Jackson,Bo Richter,3000,4
Theo Jackson,Brian Asamoah,3000,2
Theo Jackson,Dallas Turner,3000,9
Theo Jackson,Dwight McGlothern,3000,1
Theo Jackson,Eric Wilson,3000,10
Theo Jackson,Gabriel Murphy,3000,11
Theo Jackson,Isaiah Rodgers,3000,10
Theo Jackson,Ivan Pace Jr.,3000,10
Theo Jackson,Jalen Redmond,3000,10
Theo Jackson,Jay Ward,3000,12
Theo Jackson,Jeff Okudah,3000,12
Theo Jackson,Jonathan Harris,3000,2
Theo Jackson,Kahlef Hailassie,3000,1
Theo Jackson,Levi Drake Rodriguez,3000,10
Theo Jackson,Mekhi Blackmon,3000,5
Theo Jackson,Taki Taimani,3000,2
Theo Jackson,Tyler Batty,3000,2
Theo Jackson,Tyrion Ingram-Dawkins,3000,7
Theo Johnson,Beaux Collins,3410,13
Theo Johnson,Chris Manhertz,3410,3
Theo Johnson,Dalen Cambre,3410,2
Theo Johnson,Darius Slayton,3410,9
Theo Johnson,Devin Singletary,3410,8
Theo Johnson,Elijah Chatman,3410,2
Theo Johnson,Evan Neal,3410,9
Theo Johnson,Greg Dulcich,3410,8
Theo Johnson,Greg Van Roten,3410,15
Theo Johnson,Jalin Hyatt,3410,10
Theo Johnson,James Hudson,3410,24
Theo Johnson,Jaxson Dart,3410,3
Theo Johnson,Jermaine Eluemunor,3410,24
Theo Johnson,John Michael Schmitz,3410,24
Theo Johnson,Jon Runyan,3410,24
Theo Johnson,Lil'Jordan Humphrey,3410,8
Theo Johnson,Russell Wilson,3410,21
Theo Johnson,Tyrone Tracy Jr.,3410,16
Theo Johnson,Wan'Dale Robinson,3410,12
Theo Johnson,Zach Pascal,3410,5
Theo Wease Jr.,A.J. Henning,2700,30
Theo Wease Jr.,Aaron Shampklin,2700,15
Theo Wease Jr.,Addison West,2700,64
Theo Wease Jr.,Alexander Mattison,2700,6
Theo Wease Jr.,Andrew Armstrong,2700,57
Theo Wease Jr.,Braeden Daniels,2700,59
Theo Wease Jr.,Chris Myarick,2700,35
Theo Wease Jr.,Hayden Rucci,2700,44
Theo Wease Jr.,Jackson Carman,2700,5
Theo Wease Jr.,Jalen McKenzie,2700,42
Theo Wease Jr.,Josh Priebe,2700,64
Theo Wease Jr.,Kion Smith,2700,45
Theo Wease Jr.,Mason Brooks,2700,4
Theo Wease Jr.,Mike Boone,2700,15
Theo Wease Jr.,Monaray Baldwin,2700,7
Theo Wease Jr.,Ollie Gordon II,2700,28
Theo Wease Jr.,Pharaoh Brown,2700,12
Theo Wease Jr.,Quinn Ewers,2700,64
Theo Wease Jr.,Ryan Hayes,2700,37
Theo Wease Jr.,Tarik Black,2700,7
Thomas Booker,Adam Butler,2520,13
Thomas Booker,Andre Carter II,2520,5
Thomas Booker,Charles Snowden,2520,16
Thomas Booker,Chris Smith II,2520,25
Thomas Booker,Cody Lindenberg,2520,5
Thomas Booker,Darien Porter,2520,21
Thomas Booker,Darnay Holmes,2520,1
Thomas Booker,Decamerion Richardson,2520,16
Thomas Booker,Devin White,2520,14
Thomas Booker,Elandon Roberts,2520,11
Thomas Booker,Eric Stokes,2520,14
Thomas Booker,Germaine Pratt,2520,10
Thomas Booker,Greedy Vance,2520,1
Thomas Booker,Isaiah Pola-Mao,2520,29
Thomas Booker,JT Woods,2520,4
Thomas Booker,Jamal Adams,2520,20
Thomas Booker,Jaylon Smith,2520,4
Thomas Booker,Jeremy Chinn,2520,12
Thomas Booker,Jonah Laulu,2520,19
Thomas Booker,Kyu Kelly,2520,21
Thomas Booker,Malcolm Koonce,2520,13
Thomas Booker,Matt Jones,2520,15
Thomas Booker,Maxx Crosby,2520,11
Thomas Booker,Terrell Edmunds,2520,8
Thomas Booker,Tommy Eichenberg,2520,16
Thomas Booker,Tonka Hemingway,2520,16
Thomas Booker,Treven Ma'ae,2520,3
Thomas Booker,Trey Taylor,2520,4
Thomas Booker,Tyree Wilson,2520,24
Thomas Booker,Zachary Carter,2520,9
Thomas Fidone II,Aaron Stinnie,3410,39
Thomas Fidone II,Antwane Wells Jr.,3410,31
Thomas Fidone II,Austin Schlottmann,3410,52
Thomas Fidone II,Beaux Collins,3410,16
Thomas Fidone II,Bryan Hudson,3410,48
Thomas Fidone II,Cam Skattebo,3410,6
Thomas Fidone II,Da'Quan Felton,3410,18
Thomas Fidone II,Dalen Cambre,3410,12
Thomas Fidone II,Dante Miller,3410,53
Thomas Fidone II,Elijah Chatman,3410,2
Thomas Fidone II,Evan Neal,3410,31
Thomas Fidone II,Greg Dulcich,3410,14
Thomas Fidone II,Gunner Olszewski,3410,46
Thomas Fidone II,Ihmir Smith-Marsette,3410,8
Thomas Fidone II,Jaison Williams,3410,24
Thomas Fidone II,Jake Kubas,3410,46
Thomas Fidone II,Jalin Hyatt,3410,15
Thomas Fidone II,Jameis Winston,3410,30
Thomas Fidone II,Jaxson Dart,3410,28
Thomas Fidone II,Jermaine Terry,3410,8
Thomas Fidone II,Jimmy Morrissey,3410,29
Thomas Fidone II,Jonathan Ward,3410,28
Thomas Fidone II,Jordan Bly,3410,17
Thomas Fidone II,Joshua Ezeudu,3410,40
Thomas Fidone II,Lil'Jordan Humphrey,3410,36
Thomas Fidone II,Marcus Mbow,3410,58
Thomas Fidone II,Montrell Washington,3410,17
Thomas Fidone II,Stone Forsythe,3410,68
Thomas Fidone II,Tommy DeVito,3410,28
Thomas Fidone II,Zach Pascal,3410,22
Thomas Gordon,Austin Reed,0810,13
Thomas Gordon,Brittain Brown,0810,4
Thomas Gordon,Case Keenum,0810,3
Thomas Gordon,Chris Glaser,0810,14
Thomas Gordon,Ian Wheeler,0810,12
Thomas Gordon,JP Richardson,0810,1
Thomas Gordon,Jahdae Walker,0810,15
Thomas Gordon,Joel Wilson,0810,11
Thomas Gordon,John Jackson,0810,1
Thomas Gordon,Jordan McFadden,0810,13
Thomas Gordon,Joshua Miles,0810,16
Thomas Gordon,Kiran Amegadjie,0810,11
Thomas Gordon,Luke Newman,0810,5
Thomas Gordon,Maurice Alexander,0810,8
Thomas Gordon,Miles Boykin,0810,1
Thomas Gordon,Ozzy Trapilo,0810,2
Thomas Gordon,Ricky Stromberg,0810,16
Thomas Gordon,Samori Toure,0810,11
Thomas Gordon,Theo Benedet,0810,3
Thomas Graham Jr.,Adedayo Odeleye,0325,5
Thomas Graham Jr.,Aeneas Peebles,0325,5
Thomas Graham Jr.,Basil Okoye,0325,5
Thomas Graham Jr.,Beau Brade,0325,15
Thomas Graham Jr.,C.J. Ravenell,0325,6
Thomas Graham Jr.,Chandler Martin,0325,15
Thomas Graham Jr.,David Ojabo,0325,2
Thomas Graham Jr.,Desmond Igbinosun,0325,15
Thomas Graham Jr.,Jay Higgins,0325,15
Thomas Graham Jr.,Jayson Jones,0325,9
Thomas Graham Jr.,Kaimon Rucker,0325,12
Thomas Graham Jr.,Keondre Jackson,0325,10
Thomas Graham Jr.,MJ Devonshire,0325,5
Thomas Graham Jr.,Malik Hamm,0325,12
Thomas Graham Jr.,Marquise Robinson,0325,15
Thomas Harper,Charles Snowden,2520,1
Thomas Harper,Chris Smith II,2520,1
Thomas Harper,Darien Porter,2520,1
Thomas Harper,Darnay Holmes,2520,1
Thomas Harper,Eric Stokes,2520,1
Thomas Harper,Isaiah Pola-Mao,2520,1
Thomas Harper,Jonah Laulu,2520,1
Thomas Harper,Malcolm Koonce,2520,1
Thomas Harper,Tommy Eichenberg,2520,1
Thomas Harper,Tyree Wilson,2520,1
Thomas Incoom,Akayleb Evans,0750,26
Thomas Incoom,Bam Martin-Scott,0750,43
Thomas Incoom,Bobby Brown III,0750,11
Thomas Incoom,Cam Jackson,0750,32
Thomas Incoom,Carlos Basham,0750,27
Thomas Incoom,Claudin Cherelus,0750,7
Thomas Incoom,Corey Thornton,0750,37
Thomas Incoom,DJ Johnson,0750,13
Thomas Incoom,Demani Richardson,0750,52
Thomas Incoom,Isaac Gifford,0750,37
Thomas Incoom,J.J. Weaver,0750,4
Thomas Incoom,JaTravis Broughton,0750,19
Thomas Incoom,Jack Henderson,0750,22
Thomas Incoom,Jacoby Windmon,0750,24
Thomas Incoom,Jaden Crumedy,0750,53
Thomas Incoom,Jared Harrison-Hunte,0750,39
Thomas Incoom,Jon Rhattigan,0750,20
Thomas Incoom,Krys Barnes,0750,58
Thomas Incoom,Lathan Ransom,0750,51
Thomas Incoom,Mapalo Mwansa,0750,2
Thomas Incoom,Mello Dotson,0750,25
Thomas Incoom,Michael Reid,0750,28
Thomas Incoom,Nick Scott,0750,20
Thomas Incoom,Princely Umanmielen,0750,40
Thomas Incoom,Sam Roberts,0750,46
Thomas Incoom,Shemar Bartholomew,0750,37
Thomas Incoom,Shy Tuttle,0750,14
Thomas Incoom,Tre Swilling,0750,35
Thomas Incoom,Trevian Thomas,0750,18
Thomas Odukoya,Andrew Rupcich,2100,29
Thomas Odukoya,Blake Hance,2100,2
Thomas Odukoya,Brandon Allen,2100,12
Thomas Odukoya,Brandon Crenshaw-Dickson,2100,14
Thomas Odukoya,Brenden Jaimes,2100,15
Thomas Odukoya,Bryce Oliver,2100,13
Thomas Odukoya,David Martin-Robinson,2100,8
Thomas Odukoya,Drake Dabney,2100,6
Thomas Odukoya,Jackson Slater,2100,27
Thomas Odukoya,Jaelyn Duncan,2100,17
Thomas Odukoya,James Proche,2100,15
Thomas Odukoya,Jermar Jefferson,2100,12
Thomas Odukoya,Jha'Quan Jackson,2100,9
Thomas Odukoya,John Ojukwu,2100,15
Thomas Odukoya,Jordan Mims,2100,11
Thomas Odukoya,Josh Whyle,2100,8
Thomas Odukoya,Kalel Mullings,2100,6
Thomas Odukoya,Mason Kinsey,2100,14
Thomas Odukoya,Olisaemeka Udoh,2100,12
Thomas Odukoya,Sam Mustipher,2100,14
Thomas Odukoya,T.J. Sheffield,2100,6
Thomas Odukoya,Tim Boyle,2100,3
Thomas Odukoya,Trevor Siemian,2100,14
Thomas Odukoya,Xavier Restrepo,2100,8
Thomas Yassmin,Andre James,4400,5
Thomas Yassmin,Branson Taylor,4400,2
Thomas Yassmin,Brenden Rice,4400,12
Thomas Yassmin,Corey Stewart,4400,13
Thomas Yassmin,DJ Uiagalelei,4400,7
Thomas Yassmin,Dalevon Campbell,4400,10
Thomas Yassmin,David Sharpe,4400,1
Thomas Yassmin,Hassan Haskins,4400,3
Thomas Yassmin,Josh Kaltenberger,4400,13
Thomas Yassmin,Karsen Barnhart,4400,7
Thomas Yassmin,Luke Grimm,4400,3
Thomas Yassmin,Nash Jones,4400,13
Thomas Yassmin,Nyheim Hines,4400,3
Thomas Yassmin,Raheim Sanders,4400,7
Thomas Yassmin,Ryan Nelson,4400,11
Thomas Yassmin,Stevo Klotz,4400,11
Thomas Yassmin,Trey Lance,4400,6
Thomas Yassmin,Tucker Fisk,4400,3
Tim Boyle,Andrew Rupcich,2100,10
Tim Boyle,Arlington Hambright,2100,8
Tim Boyle,Brandon Crenshaw-Dickson,2100,9
Tim Boyle,Brenden Jaimes,2100,8
Tim Boyle,David Martin-Robinson,2100,3
Tim Boyle,Drake Dabney,2100,7
Tim Boyle,Jackson Slater,2100,18
Tim Boyle,Jaelyn Duncan,2100,9
Tim Boyle,James Proche,2100,8
Tim Boyle,Jermar Jefferson,2100,5
Tim Boyle,Jha'Quan Jackson,2100,6
Tim Boyle,John Ojukwu,2100,9
Tim Boyle,Jordan Mims,2100,9
Tim Boyle,Josh Whyle,2100,7
Tim Boyle,Kalel Mullings,2100,4
Tim Boyle,Mason Kinsey,2100,10
Tim Boyle,Matt Landers,2100,8
Tim Boyle,Olisaemeka Udoh,2100,9
Tim Boyle,Sam Mustipher,2100,10
Tim Boyle,T.J. Sheffield,2100,10
Tim Boyle,Thomas Odukoya,2100,3
Tim Boyle,Xavier Restrepo,2100,10
Tim Jones,Ben Yurosek,3000,7
Tim Jones,Brett Rypien,3000,15
Tim Jones,Bryson Nesbit,3000,29
Tim Jones,Giovanni Ricci,3000,16
Tim Jones,Henry Byrd,3000,13
Tim Jones,Jeshaun Jones,3000,40
Tim Jones,Joe Huber,3000,49
Tim Jones,Leroy Watson IV,3000,49
Tim Jones,Logan Brown,3000,34
Tim Jones,Lucky Jackson,3000,10
Tim Jones,Max Brosmer,3000,34
Tim Jones,Michael Gonzalez,3000,34
Tim Jones,Michael Jurgens,3000,13
Tim Jones,Myles Price,3000,24
Tim Jones,Nick Vannett,3000,4
Tim Jones,Tai Felton,3000,4
Tim Jones,Thayer Thomas,3000,13
Tim Jones,Tre Stewart,3000,23
Tim Jones,Vershon Lee,3000,47
Tim Jones,Walter Rouse,3000,4
Tim Jones,Xazavian Valladay,3000,5
Tim Jones,Zavier Scott,3000,21
Tim Jones,Zeke Correll,3000,2
Tim Settle,Arthur Maulet,2120,9
Tim Settle,Azeez Al-Shaair,2120,8
Tim Settle,Calen Bullock,2120,8
Tim Settle,Casey Toohill,2120,7
Tim Settle,Christian Harris,2120,7
Tim Settle,D'Angelo Ross,2120,24
Tim Settle,Damon Arnette,2120,3
Tim Settle,Danielle Hunter,2120,8
Tim Settle,Darrell Taylor,2120,20
Tim Settle,Derek Barnett,2120,11
Tim Settle,Derek Stingley Jr.,2120,7
Tim Settle,Dylan Horton,2120,2
Tim Settle,E.J. Speed,2120,23
Tim Settle,Foley Fatukasi,2120,9
Tim Settle,Henry To'oTo'o,2120,8
Tim Settle,Jake Hansen,2120,20
Tim Settle,Jalen Mills,2120,3
Tim Settle,Jalen Pitre,2120,8
Tim Settle,Jamal Hill,2120,3
Tim Settle,Jaylin Smith,2120,25
Tim Settle,Junior Tafuna,2120,1
Tim Settle,K.C. Ossai,2120,1
Tim Settle,Kamari Lassiter,2120,8
Tim Settle,M.J. Stewart,2120,31
Tim Settle,Mario Edwards,2120,2
Tim Settle,Marlon Davidson,2120,6
Tim Settle,Myles Bryant,2120,10
Tim Settle,Nick Niemann,2120,10
Tim Settle,Russ Yeast,2120,26
Tim Settle,Sheldon Rankins,2120,8
Tim Settle,Solomon Byrd,2120,13
Tim Settle,Tommy Togiai,2120,10
Tim Settle,Tremon Smith,2120,3
Tim Settle,Will Anderson Jr.,2120,8
Tim Smith,Adetomiwa Adebawore,2200,6
Tim Smith,Alex Johnson,2200,44
Tim Smith,Austin Ajiake,2200,23
Tim Smith,BJ Mayes,2200,31
Tim Smith,Cameron McGrone,2200,8
Tim Smith,Chris Lammons,2200,13
Tim Smith,Daniel Scott,2200,66
Tim Smith,Desmond Little,2200,35
Tim Smith,Devonta Davis,2200,31
Tim Smith,Duke Shelley,2200,35
Tim Smith,Durell Nchami,2200,38
Tim Smith,Eric Johnson,2200,26
Tim Smith,Hunter Wohler,2200,8
Tim Smith,Isaiah Land,2200,26
Tim Smith,JT Tuimoloau,2200,33
Tim Smith,Jacob Phillips,2200,16
Tim Smith,Jake Chaney,2200,8
Tim Smith,Joe Bachie,2200,7
Tim Smith,Johnathan Edwards,2200,25
Tim Smith,Joseph Vaughn,2200,8
Tim Smith,Josh Tupou,2200,23
Tim Smith,Julius Brents,2200,1
Tim Smith,Ladarius Tennison,2200,20
Tim Smith,Marcus Haynes,2200,17
Tim Smith,Neville Gallimore,2200,14
Tim Smith,Rodney Thomas,2200,20
Tim Smith,Samuel Womack,2200,18
Tim Smith,Segun Olubi,2200,47
Tim Smith,Solomon DeShields,2200,33
Tim Smith,Tre Herndon,2200,11
Tim Smith,Trey Washington,2200,55
Timmy Horne,Ali Gaye,2100,60
Timmy Horne,Amani Hooker,2100,10
Timmy Horne,Amani Oruwariye,2100,24
Timmy Horne,Amari Burney,2100,34
Timmy Horne,Arden Key,2100,3
Timmy Horne,Blake Lynch,2100,19
Timmy Horne,Brian Asamoah II,2100,12
Timmy Horne,Cam Horsley,2100,55
Timmy Horne,Carlos Watkins,2100,12
Timmy Horne,Cedric Gray,2100,39
Timmy Horne,Clarence Lewis,2100,24
Timmy Horne,Cody Barton,2100,10
Timmy Horne,Curtis Jacobs,2100,36
Timmy Horne,Darrell Baker Jr.,2100,10
Timmy Horne,David Gbenda,2100,5
Timmy Horne,Davion Ross,2100,32
Timmy Horne,Desmond Evans,2100,16
Timmy Horne,Dre'Mont Jones,2100,5
Timmy Horne,Gabe Jeudy-Lally,2100,55
Timmy Horne,Isaiah Raikes,2100,17
Timmy Horne,Jalen Kimber,2100,37
Timmy Horne,James Lynch,2100,24
Timmy Horne,James Williams,2100,43
Timmy Horne,Jarvis Brownlee Jr.,2100,10
Timmy Horne,Jaylen Harrell,2100,36
Timmy Horne,Jeffery Simmons,2100,2
Timmy Horne,Jermari Harris,2100,20
Timmy Horne,Jihad Ward,2100,26
Timmy Horne,Joe Gaziano,2100,35
Timmy Horne,Joshuah Bledsoe,2100,44
Timmy Horne,Josiah Bronson,2100,3
Timmy Horne,Julius Wood,2100,45
Timmy Horne,Kendell Brooks,2100,35
Timmy Horne,Marcus Harris,2100,55
Timmy Horne,Mike Brown,2100,50
Timmy Horne,Oluwafemi Oladejo,2100,25
Timmy Horne,Quandre Diggs,2100,2
Timmy Horne,Sebastian Joseph-Day,2100,7
Timmy Horne,T.J. Smith,2100,1
Timmy Horne,Xavier Woods,2100,12
Timothy McKay,Bobby Hart,5110,33
Timothy McKay,Braylon Sanders,5110,3
Timothy McKay,Chris Paul,5110,4
Timothy McKay,Cole Turner,5110,21
Timothy McKay,Colson Yankoff,5110,7
Timothy McKay,Demetric Felton,5110,10
Timothy McKay,Foster Sarell,5110,40
Timothy McKay,George Fant,5110,8
Timothy McKay,Ja'Corey Brooks,5110,30
Timothy McKay,Jacoby Jones,5110,22
Timothy McKay,Jacory Croskey-Merritt,5110,7
Timothy McKay,Jeremy McNichols,5110,8
Timothy McKay,Josh Johnson,5110,26
Timothy McKay,K.J. Osborn,5110,10
Timothy McKay,Kazmeir Allen,5110,19
Timothy McKay,Lawrence Cager,5110,23
Timothy McKay,Luke McCaffrey,5110,10
Timothy McKay,Michael Deiter,5110,26
Timothy McKay,Michael Gallup,5110,27
Timothy McKay,Nick Harris,5110,18
Timothy McKay,River Cracraft,5110,8
Timothy McKay,Sam Hartman,5110,18
Timothy McKay,Tay Martin,5110,15
Timothy McKay,Trent Scott,5110,15
Timothy McKay,Tyre Phillips,5110,32
Tip Reiman,Christian Jones,3800,2
Tip Reiman,Elijah Higgins,3800,7
Tip Reiman,Evan Brown,3800,11
Tip Reiman,Greg Dortch,3800,3
Tip Reiman,Hayden Conner,3800,2
Tip Reiman,Hjalte Froholdt,3800,11
Tip Reiman,Isaiah Adams,3800,11
Tip Reiman,Jacoby Brissett,3800,2
Tip Reiman,James Conner,3800,5
Tip Reiman,Jonah Williams,3800,11
Tip Reiman,Josh Fryar,3800,2
Tip Reiman,Kyler Murray,3800,11
Tip Reiman,Marvin Harrison Jr.,3800,11
Tip Reiman,Michael Wilson,3800,4
Tip Reiman,Nick Leverett,3800,2
Tip Reiman,Paris Johnson Jr.,3800,11
Tip Reiman,Royce Newman,3800,2
Tip Reiman,Tejhaun Palmer,3800,1
Tip Reiman,Trey Benson,3800,8
Tip Reiman,Trey McBride,3800,5
Tip Reiman,Xavier Weaver,3800,2
Tip Reiman,Zay Jones,3800,6
Titus Leo,Adin Huntington,1050,24
Titus Leo,Charlie Thomas,1050,18
Titus Leo,Chris Edmonds,1050,32
Titus Leo,Christian Holmes,1050,12
Titus Leo,Damontae Kazee,1050,1
Titus Leo,Darius Rush,1050,15
Titus Leo,Dom Jones,1050,5
Titus Leo,Donovan McMillon,1050,32
Titus Leo,Easton Mascarenas-Arnold,1050,31
Titus Leo,Jowon Briggs,1050,7
Titus Leo,Julian Okwara,1050,3
Titus Leo,KJ Henry,1050,29
Titus Leo,Keenan Isaac,1050,22
Titus Leo,LaMareon James,1050,10
Titus Leo,Marvin Moody,1050,5
Titus Leo,Myles Harden,1050,4
Titus Leo,Nathaniel Watson,1050,12
Titus Leo,Nik Needham,1050,23
Titus Leo,Ralph Holley,1050,28
Titus Leo,Sam Kamara,1050,7
Toa Taua,Brenden Bates,1050,3
Toa Taua,Bucky Williams,1050,20
Toa Taua,Cade McDonald,1050,20
Toa Taua,Chase Cota,1050,8
Toa Taua,Dartanyan Tinsley,1050,20
Toa Taua,Gage Larvadain,1050,6
Toa Taua,Jason Ivey,1050,12
Toa Taua,Javion Cohen,1050,5
Toa Taua,Kilian Zierer,1050,17
Toa Taua,Kisean Johnson,1050,20
Toa Taua,Lorenzo Thompson,1050,15
Toa Taua,Mitchell Van Vooren,1050,3
Toa Taua,Roy Mbaeteka,1050,3
Toa Taua,Sal Cannella,1050,20
Toa Taua,Sebastian Gutierrez,1050,8
Toa Taua,Tyler Huntley,1050,20
Tom Kennedy,Colby Sorsdal,1540,5
Tom Kennedy,Craig Reynolds,1540,50
Tom Kennedy,Dan Skipper,1540,70
Tom Kennedy,Dominic Lovett,1540,26
Tom Kennedy,Giovanni Manu,1540,43
Tom Kennedy,Hendon Hooker,1540,26
Tom Kennedy,Isaac TeSlaa,1540,93
Tom Kennedy,Jabari Small,1540,18
Tom Kennedy,Jackson Meeks,1540,42
Tom Kennedy,Jacob Saylors,1540,11
Tom Kennedy,Jamarco Jones,1540,54
Tom Kennedy,Kayode Awosika,1540,84
Tom Kennedy,Kenny Yeboah,1540,23
Tom Kennedy,Kingsley Eguakun,1540,77
Tom Kennedy,Kyle Allen,1540,71
Tom Kennedy,Mason Miller,1540,27
Tom Kennedy,Michael Niese,1540,8
Tom Kennedy,Netane Muti,1540,75
Tom Kennedy,Ronnie Bell,1540,4
Tom Kennedy,Shane Zylstra,1540,61
Tom Kennedy,Sione Vaki,1540,18
Tom Kennedy,Steven Stilianos,1540,3
Tom Kennedy,Tate Ratledge,1540,22
Tom Kennedy,Trystan Colon,1540,20
Tom Kennedy,Zach Horton,1540,39
Tommy Akingbesote,Alijah Clark,1200,21
Tommy Akingbesote,Andrew Booth,1200,20
Tommy Akingbesote,Bruce Harmon,1200,7
Tommy Akingbesote,Buddy Johnson,1200,12
Tommy Akingbesote,Christian Matthew,1200,12
Tommy Akingbesote,Darius Harris,1200,60
Tommy Akingbesote,Denzel Daxon,1200,31
Tommy Akingbesote,Earnest Brown IV,1200,19
Tommy Akingbesote,Israel Mukuamu,1200,58
Tommy Akingbesote,James Houston,1200,48
Tommy Akingbesote,Jay Toia,1200,23
Tommy Akingbesote,Justin Barron,1200,48
Tommy Akingbesote,Kemon Hall,1200,15
Tommy Akingbesote,Michael Ojemudia,1200,28
Tommy Akingbesote,Mike Smith Jr.,1200,63
Tommy Akingbesote,Payton Turner,1200,4
Tommy Akingbesote,Perrion Winfrey,1200,22
Tommy Akingbesote,Robert Rochell,1200,17
Tommy Akingbesote,Shemar James,1200,39
Tommy Akingbesote,Troy Pride,1200,42
Tommy Akingbesote,Tyrus Wheat,1200,54
Tommy Akingbesote,Zion Childress,1200,27
Tommy DeVito,Aaron Stinnie,3410,10
Tommy DeVito,Antwane Wells Jr.,3410,23
Tommy DeVito,Bryan Hudson,3410,52
Tommy DeVito,Da'Quan Felton,3410,9
Tommy DeVito,Dalen Cambre,3410,9
Tommy DeVito,Dante Miller,3410,23
Tommy DeVito,Greg Dulcich,3410,24
Tommy DeVito,Gunner Olszewski,3410,12
Tommy DeVito,Jaison Williams,3410,42
Tommy DeVito,Jake Kubas,3410,31
Tommy DeVito,Jermaine Terry,3410,12
Tommy DeVito,Jimmy Morrissey,3410,52
Tommy DeVito,Jonathan Ward,3410,29
Tommy DeVito,Jordan Bly,3410,30
Tommy DeVito,Joshua Ezeudu,3410,18
Tommy DeVito,Lil'Jordan Humphrey,3410,20
Tommy DeVito,Marcus Mbow,3410,3
Tommy DeVito,Montrell Washington,3410,19
Tommy DeVito,Stone Forsythe,3410,52
Tommy DeVito,Thomas Fidone II,3410,28
Tommy DeVito,Zach Pascal,3410,22
Tommy Eichenberg,Amari Gainer,2520,2
Tommy Eichenberg,Andre Carter II,2520,11
Tommy Eichenberg,Charles Snowden,2520,30
Tommy Eichenberg,Chris Smith II,2520,33
Tommy Eichenberg,Cody Lindenberg,2520,9
Tommy Eichenberg,Darien Porter,2520,53
Tommy Eichenberg,Darnay Holmes,2520,6
Tommy Eichenberg,Decamerion Richardson,2520,35
Tommy Eichenberg,Eric Stokes,2520,10
Tommy Eichenberg,Greedy Vance,2520,7
Tommy Eichenberg,Hudson Clark,2520,11
Tommy Eichenberg,Isaiah Pola-Mao,2520,39
Tommy Eichenberg,JJ Pegues,2520,10
Tommy Eichenberg,JT Woods,2520,4
Tommy Eichenberg,Jah Joyner,2520,2
Tommy Eichenberg,Jahfari Harvey,2520,4
Tommy Eichenberg,Jamal Adams,2520,46
Tommy Eichenberg,John Humphrey,2520,2
Tommy Eichenberg,Jonah Laulu,2520,28
Tommy Eichenberg,Keondre Coburn,2520,2
Tommy Eichenberg,Kyu Kelly,2520,8
Tommy Eichenberg,Leki Fotu,2520,10
Tommy Eichenberg,Malcolm Koonce,2520,25
Tommy Eichenberg,Matt Jones,2520,27
Tommy Eichenberg,Michael Barrett,2520,2
Tommy Eichenberg,Ovie Oghoufo,2520,6
Tommy Eichenberg,Sam Webb,2520,6
Tommy Eichenberg,Terrell Edmunds,2520,24
Tommy Eichenberg,Thomas Booker,2520,16
Tommy Eichenberg,Thomas Harper,2520,1
Tommy Eichenberg,Tonka Hemingway,2520,44
Tommy Eichenberg,Treven Ma'ae,2520,4
Tommy Eichenberg,Trey Taylor,2520,12
Tommy Eichenberg,Tyree Wilson,2520,44
Tommy Eichenberg,Zachary Carter,2520,17
Tommy Mellott,Albert Okwuegbunam,2520,15
Tommy Mellott,Atonio Mafi,2520,20
Tommy Mellott,Cam Miller,2520,24
Tommy Mellott,Carter Runyon,2520,5
Tommy Mellott,Chris Collier,2520,18
Tommy Mellott,Collin Johnson,2520,3
Tommy Mellott,Dalton Wagner,2520,24
Tommy Mellott,Dylan Laube,2520,6
Tommy Mellott,Gottlieb Ayedze,2520,17
Tommy Mellott,Jarrod Hufford,2520,24
Tommy Mellott,Justin Shorter,2520,4
Tommy Mellott,Ketron Jackson Jr.,2520,24
Tommy Mellott,Laki Tasi,2520,11
Tommy Mellott,Marquez Callaway,2520,17
Tommy Mellott,Parker Clements,2520,24
Tommy Mellott,Qadir Ismail,2520,4
Tommy Togiai,Arthur Maulet,2120,9
Tommy Togiai,Azeez Al-Shaair,2120,2
Tommy Togiai,Calen Bullock,2120,2
Tommy Togiai,Casey Toohill,2120,23
Tommy Togiai,Christian Harris,2120,6
Tommy Togiai,D'Angelo Ross,2120,25
Tommy Togiai,Damon Arnette,2120,17
Tommy Togiai,Darrell Taylor,2120,30
Tommy Togiai,Derek Barnett,2120,2
Tommy Togiai,Derek Stingley Jr.,2120,2
Tommy Togiai,Dylan Horton,2120,25
Tommy Togiai,E.J. Speed,2120,26
Tommy Togiai,Foley Fatukasi,2120,3
Tommy Togiai,Haggai Ndubuisi,2120,1
Tommy Togiai,Henry To'oTo'o,2120,9
Tommy Togiai,Jackson Woodard,2120,8
Tommy Togiai,Jake Hansen,2120,27
Tommy Togiai,Jalen Mills,2120,14
Tommy Togiai,Jalen Pitre,2120,2
Tommy Togiai,Jamal Hill,2120,19
Tommy Togiai,Jaylin Smith,2120,36
Tommy Togiai,Junior Tafuna,2120,27
Tommy Togiai,K.C. Ossai,2120,8
Tommy Togiai,Kamari Lassiter,2120,2
Tommy Togiai,M.J. Stewart,2120,46
Tommy Togiai,Mario Edwards,2120,6
Tommy Togiai,Marlon Davidson,2120,16
Tommy Togiai,Myles Bryant,2120,26
Tommy Togiai,Nick Niemann,2120,28
Tommy Togiai,Russ Yeast,2120,43
Tommy Togiai,Solomon Byrd,2120,22
Tommy Togiai,Tim Settle,2120,10
Tommy Togiai,Tremon Smith,2120,28
Tomon Fox,Abdul Carter,3410,2
Tomon Fox,Andru Phillips,3410,4
Tomon Fox,Art Green,3410,35
Tomon Fox,Chauncey Golston,3410,21
Tomon Fox,Chris Board,3410,31
Tomon Fox,Cordale Flott,3410,6
Tomon Fox,Cory Durden,3410,40
Tomon Fox,DJ Davidson,3410,40
Tomon Fox,Dane Belton,3410,23
Tomon Fox,Darius Alexander,3410,48
Tomon Fox,Darius Muasau,3410,21
Tomon Fox,Dee Williams,3410,71
Tomon Fox,Deonte Banks,3410,8
Tomon Fox,Dyontae Johnson,3410,97
Tomon Fox,Elijah Chatman,3410,29
Tomon Fox,Elijah Garcia,3410,50
Tomon Fox,Jeremiah Ledbetter,3410,47
Tomon Fox,Jordon Riley,3410,35
Tomon Fox,K'Von Wallace,3410,29
Tomon Fox,K.J. Cloyd,3410,87
Tomon Fox,Korie Black,3410,3
Tomon Fox,Makari Paige,3410,95
Tomon Fox,Nic Jones,3410,88
Tomon Fox,O'Donnell Fortune,3410,57
Tomon Fox,Raheem Layne,3410,49
Tomon Fox,TJ Moore,3410,76
Tomon Fox,Trace Ford,3410,88
Tonka Hemingway,Adam Butler,2520,3
Tonka Hemingway,Amari Gainer,2520,4
Tonka Hemingway,Andre Carter II,2520,25
Tonka Hemingway,Charles Snowden,2520,46
Tonka Hemingway,Chris Smith II,2520,54
Tonka Hemingway,Cody Lindenberg,2520,20
Tonka Hemingway,Darien Porter,2520,43
Tonka Hemingway,Darnay Holmes,2520,15
Tonka Hemingway,Decamerion Richardson,2520,50
Tonka Hemingway,Devin White,2520,3
Tonka Hemingway,Elandon Roberts,2520,3
Tonka Hemingway,Eric Stokes,2520,12
Tonka Hemingway,Germaine Pratt,2520,3
Tonka Hemingway,Greedy Vance,2520,11
Tonka Hemingway,Hudson Clark,2520,11
Tonka Hemingway,Isaiah Pola-Mao,2520,47
Tonka Hemingway,JJ Pegues,2520,18
Tonka Hemingway,JT Woods,2520,26
Tonka Hemingway,Jah Joyner,2520,2
Tonka Hemingway,Jahfari Harvey,2520,6
Tonka Hemingway,Jamal Adams,2520,36
Tonka Hemingway,Jaylon Smith,2520,21
Tonka Hemingway,Jeremy Chinn,2520,3
Tonka Hemingway,Jonah Laulu,2520,27
Tonka Hemingway,Keondre Coburn,2520,1
Tonka Hemingway,Kyu Kelly,2520,23
Tonka Hemingway,Leki Fotu,2520,11
Tonka Hemingway,Malcolm Koonce,2520,20
Tonka Hemingway,Matt Jones,2520,46
Tonka Hemingway,Maxx Crosby,2520,3
Tonka Hemingway,Michael Barrett,2520,5
Tonka Hemingway,Ovie Oghoufo,2520,14
Tonka Hemingway,Sam Webb,2520,8
Tonka Hemingway,Terrell Edmunds,2520,33
Tonka Hemingway,Thomas Booker,2520,16
Tonka Hemingway,Tommy Eichenberg,2520,44
Tonka Hemingway,Treven Ma'ae,2520,5
Tonka Hemingway,Trey Taylor,2520,16
Tonka Hemingway,Tyree Wilson,2520,44
Tonka Hemingway,Zachary Carter,2520,32
Tony Adams,Andre Cisco,3430,22
Tony Adams,Braiden McGregor,3430,9
Tony Adams,Brandon Stephens,3430,22
Tony Adams,Derrick Nnadi,3430,17
Tony Adams,Eric Watts,3430,6
Tony Adams,Francisco Mauigoa,3430,3
Tony Adams,Isaiah Oliver,3430,3
Tony Adams,Jamien Sherwood,3430,22
Tony Adams,Jamin Davis,3430,15
Tony Adams,Jay Tufele,3430,19
Tony Adams,Leonard Taylor III,3430,8
Tony Adams,Marcelino McCrary-Ball,3430,2
Tony Adams,Michael Carter II,3430,10
Tony Adams,Micheal Clemons,3430,20
Tony Adams,Phidarian Mathis,3430,6
Tony Adams,Quincy Williams,3430,22
Tony Adams,Qwan'tez Stiggers,3430,15
Tony Adams,Rashad Weaver,3430,4
Tony Adams,Ryan Cooper Jr.,3430,3
Tony Adams,Sauce Gardner,3430,10
Tony Adams,Tyler Baron,3430,3
Tony Adams,Will McDonald IV,3430,8
Tony Adams,Zaire Barnes,3430,1
Tony Brown,Adin Huntington,1050,19
Tony Brown,Alex Wright,1050,7
Tony Brown,Cameron Mitchell,1050,26
Tony Brown,Cameron Thomas,1050,48
Tony Brown,Charlie Thomas,1050,6
Tony Brown,Chigozie Anusiem,1050,17
Tony Brown,Chris Edmonds,1050,41
Tony Brown,Damontae Kazee,1050,35
Tony Brown,Devin Bush,1050,14
Tony Brown,Dom Jones,1050,33
Tony Brown,Donovan McMillon,1050,22
Tony Brown,Easton Mascarenas-Arnold,1050,28
Tony Brown,Isaiah McGuire,1050,5
Tony Brown,Jerome Baker,1050,28
Tony Brown,Joe Tryon-Shoyinka,1050,21
Tony Brown,Jowon Briggs,1050,21
Tony Brown,Julian Okwara,1050,30
Tony Brown,KJ Henry,1050,10
Tony Brown,Myles Harden,1050,22
Tony Brown,Nathaniel Watson,1050,32
Tony Brown,Nik Needham,1050,12
Tony Brown,Ralph Holley,1050,24
Tony Brown,Rayshawn Jenkins,1050,10
Tony Brown,Ronnie Hickman Jr.,1050,13
Tony Brown,Sam Kamara,1050,38
Tony Brown,Shelby Harris,1050,17
Tony Brown,Winston Reid,1050,21
Tony Fields II,A.J. Green,2510,31
Tony Fields II,Bill Norton,2510,42
Tony Fields II,Brennan Jackson,2510,57
Tony Fields II,Cam Lampkin,2510,58
Tony Fields II,Charles Woods,2510,49
Tony Fields II,Da'Jon Terry,2510,38
Tony Fields II,Decarius Hawthorne,2510,27
Tony Fields II,Derion Kendrick,2510,55
Tony Fields II,Desjuan Johnson,2510,47
Tony Fields II,Elias Neal,2510,35
Tony Fields II,Jack Heflin,2510,47
Tony Fields II,Jamil Muhammad,2510,41
Tony Fields II,Josh Pearcy,2510,37
Tony Fields II,Josh Wallace,2510,3
Tony Fields II,Larrell Murchison,2510,12
Tony Fields II,Malik Dixon-Williams,2510,65
Tony Fields II,Nate Valcarcel,2510,78
Tony Fields II,Nick Hampton,2510,18
Tony Fields II,Pooh Paul Jr.,2510,15
Tony Fields II,Shaun Dolac,2510,37
Tony Fields II,Shaun Jolly,2510,52
Tony Fields II,Tanner Ingle,2510,34
Tony Fields II,Ty Hamilton,2510,12
Tony Jefferson,Benjamin St-Juste,4400,9
Tony Jefferson,Caleb Murphy,4400,33
Tony Jefferson,Cam Hart,4400,6
Tony Jefferson,Christopher Hinton,4400,12
Tony Jefferson,Da'Shawn Hand,4400,14
Tony Jefferson,Daiyan Henley,4400,1
Tony Jefferson,Deane Leonard,4400,16
Tony Jefferson,Del'Shawn Phillips,4400,6
Tony Jefferson,Denzel Perryman,4400,1
Tony Jefferson,Donte Jackson,4400,1
Tony Jefferson,Elijah Molden,4400,1
Tony Jefferson,Emany Johnson,4400,8
Tony Jefferson,Garmon Randolph,4400,11
Tony Jefferson,Harrison Hand,4400,1
Tony Jefferson,Ja'Sir Taylor,4400,40
Tony Jefferson,Jamaree Caldwell,4400,28
Tony Jefferson,Jordan Oladokun,4400,3
Tony Jefferson,Junior Colson,4400,29
Tony Jefferson,Justin Eboigbe,4400,19
Tony Jefferson,Kendall Williamson,4400,15
Tony Jefferson,Kylan Guidry,4400,24
Tony Jefferson,Kyle Kennard,4400,13
Tony Jefferson,Marlowe Wax,4400,30
Tony Jefferson,Myles Purchase,4400,8
Tony Jefferson,Naquan Jones,4400,29
Tony Jefferson,Nehemiah Shelton,4400,2
Tony Jefferson,Nesta Jade Silvera,4400,3
Tony Jefferson,Nikko Reed,4400,27
Tony Jefferson,Otito Ogbonnia,4400,10
Tony Jefferson,R.J. Mickens,4400,41
Tony Jefferson,Scott Matlock,4400,12
Tony Jefferson,Tarheeb Still,4400,9
Tony Jefferson,TeRah Edwards,4400,5
Tony Jefferson,Tre'Mon Morris-Brash,4400,33
Tony Jefferson,Trikweze Bridges,4400,31
Tony Jefferson,Troy Dye,4400,39
Tony Pollard,Andrew Rupcich,2100,11
Tony Pollard,Calvin Ridley,2100,7
Tony Pollard,Cameron Ward,2100,11
Tony Pollard,Chig Okonkwo,2100,11
Tony Pollard,Chimere Dike,2100,1
Tony Pollard,Corey Levin,2100,11
Tony Pollard,Dan Moore Jr.,2100,11
Tony Pollard,David Martin-Robinson,2100,2
Tony Pollard,Elic Ayomanor,2100,4
Tony Pollard,Gunnar Helm,2100,4
Tony Pollard,JC Latham,2100,11
Tony Pollard,Peter Skoronski,2100,11
Tony Pollard,Tyler Lockett,2100,6
Tony Pollard,Van Jefferson,2100,9
Torricelli Simpkins III,Barry Wesley,3300,88
Torricelli Simpkins III,Brandin Cooks,3300,5
Torricelli Simpkins III,Bub Means,3300,8
Torricelli Simpkins III,Cam Akers,3300,42
Torricelli Simpkins III,Cedrick Wilson Jr.,3300,83
Torricelli Simpkins III,Cesar Ruiz,3300,24
Torricelli Simpkins III,Chris Olave,3300,16
Torricelli Simpkins III,Clyde Edwards-Helaire,3300,24
Torricelli Simpkins III,Dante Pettis,3300,49
Torricelli Simpkins III,Devin Neal,3300,18
Torricelli Simpkins III,Dillon Radunz,3300,64
Torricelli Simpkins III,Donovan Peoples-Jones,3300,8
Torricelli Simpkins III,Easton Kilty,3300,105
Torricelli Simpkins III,Jack Stoll,3300,29
Torricelli Simpkins III,Jake Haener,3300,13
Torricelli Simpkins III,Jonathan Mendoza,3300,43
Torricelli Simpkins III,Josiah Ezirim,3300,10
Torricelli Simpkins III,Juwan Johnson,3300,6
Torricelli Simpkins III,Kelvin Banks Jr.,3300,31
Torricelli Simpkins III,Kendre Miller,3300,24
Torricelli Simpkins III,Kevin Austin Jr.,3300,97
Torricelli Simpkins III,Kyle Hergel,3300,38
Torricelli Simpkins III,Landon Young,3300,36
Torricelli Simpkins III,Marcus Yarns,3300,12
Torricelli Simpkins III,Mason Tipton,3300,97
Torricelli Simpkins III,Michael Jacobson,3300,27
Torricelli Simpkins III,Moliki Matavao,3300,58
Torricelli Simpkins III,Rashid Shaheed,3300,16
Torricelli Simpkins III,Shane Lemieux,3300,76
Torricelli Simpkins III,Spencer Rattler,3300,52
Torricelli Simpkins III,Taliese Fuaga,3300,22
Torricelli Simpkins III,Trevor Penning,3300,15
Torricelli Simpkins III,Treyton Welch,3300,43
Torricelli Simpkins III,Tyler Shough,3300,73
Torricelli Simpkins III,Velus Jones Jr.,3300,28
Tory Horton,AJ Barner,4600,3
Tory Horton,Abraham Lucas,4600,24
Tory Horton,Amari Kight,4600,21
Tory Horton,Anthony Bradford,4600,24
Tory Horton,Brady Russell,4600,16
Tory Horton,Bryce Cabeldue,4600,6
Tory Horton,Christian Haynes,4600,21
Tory Horton,Cody White,4600,3
Tory Horton,Damien Martinez,4600,21
Tory Horton,Dareke Young,4600,18
Tory Horton,Drew Lock,4600,44
Tory Horton,Elijah Arroyo,4600,28
Tory Horton,Eric Saubert,4600,24
Tory Horton,Federico Maranges,4600,1
Tory Horton,George Holani,4600,21
Tory Horton,Grey Zabel,4600,24
Tory Horton,Jacardia Wright,4600,1
Tory Horton,Jake Bobo,4600,27
Tory Horton,Jalen Sundell,4600,44
Tory Horton,Josh Jones,4600,44
Tory Horton,Marquez Valdes-Scantling,4600,8
Tory Horton,Michael Jerrell,4600,1
Tory Horton,Nick Kallerup,4600,5
Tory Horton,Robbie Ouzts,4600,4
Tory Horton,Sam Darnold,4600,1
Tory Horton,Sataoa Laumea,4600,15
Tory Horton,Zach Charbonnet,4600,1
Trace Ford,Abdul Carter,3410,1
Trace Ford,Andru Phillips,3410,3
Trace Ford,Art Green,3410,24
Trace Ford,Chauncey Golston,3410,13
Trace Ford,Chris Board,3410,25
Trace Ford,Cory Durden,3410,50
Trace Ford,DJ Davidson,3410,24
Trace Ford,Dane Belton,3410,17
Trace Ford,Darius Alexander,3410,40
Trace Ford,Darius Muasau,3410,17
Trace Ford,Dee Williams,3410,68
Trace Ford,Deonte Banks,3410,12
Trace Ford,Dyontae Johnson,3410,95
Trace Ford,Elijah Chatman,3410,31
Trace Ford,Elijah Garcia,3410,50
Trace Ford,Jeremiah Ledbetter,3410,50
Trace Ford,Jordon Riley,3410,34
Trace Ford,K'Von Wallace,3410,23
Trace Ford,K.J. Cloyd,3410,87
Trace Ford,Makari Paige,3410,95
Trace Ford,Nic Jones,3410,84
Trace Ford,O'Donnell Fortune,3410,67
Trace Ford,Raheem Layne,3410,50
Trace Ford,TJ Moore,3410,72
Trace Ford,Tomon Fox,3410,88
Traeshon Holden,Ajani Cornelius,1200,42
Traeshon Holden,Asim Richards,1200,43
Traeshon Holden,Brock Hoffman,1200,66
Traeshon Holden,Deuce Vaughn,1200,11
Traeshon Holden,Geron Christian,1200,65
Traeshon Holden,Jalen Brooks,1200,46
Traeshon Holden,Jalen Cropper,1200,10
Traeshon Holden,Jaydon Blue,1200,14
Traeshon Holden,Joe Milton III,1200,37
Traeshon Holden,John Stephens Jr.,1200,1
Traeshon Holden,Josh Kelly,1200,43
Traeshon Holden,La'el Collins,1200,24
Traeshon Holden,Malik Davis,1200,24
Traeshon Holden,Nick Broeker,1200,43
Traeshon Holden,Phil Mafah,1200,17
Traeshon Holden,Princeton Fant,1200,15
Traeshon Holden,Rivaldo Fairweather,1200,32
Traeshon Holden,Ryan Flournoy,1200,23
Traeshon Holden,Saahdiq Charles,1200,3
Traeshon Holden,TJ Bass,1200,44
Traeshon Holden,Tyler Neville,1200,28
Traeshon Holden,Will Grier,1200,29
Travis Bell,Ambry Thomas,3000,32
Travis Bell,Austin Keys,3000,30
Travis Bell,Bo Richter,3000,13
Travis Bell,Cam Gill,3000,33
Travis Bell,Chaz Chambliss,3000,48
Travis Bell,Dorian Mausi,3000,32
Travis Bell,Dwight McGlothern,3000,19
Travis Bell,Elijah Williams,3000,31
Travis Bell,Gabriel Murphy,3000,13
Travis Bell,Gervarrius Owens,3000,14
Travis Bell,Jay Ward,3000,25
Travis Bell,Jonathan Harris,3000,34
Travis Bell,Kahlef Hailassie,3000,20
Travis Bell,Keenan Garber,3000,7
Travis Bell,Kobe King,3000,44
Travis Bell,Levi Drake Rodriguez,3000,10
Travis Bell,Mekhi Blackmon,3000,27
Travis Bell,Mishael Powell,3000,32
Travis Bell,Reddy Steward,3000,24
Travis Bell,Taki Taimani,3000,10
Travis Bell,Tavierre Thomas,3000,27
Travis Bell,Tyler Batty,3000,19
Travis Bell,Tyrion Ingram-Dawkins,3000,17
Travis Bell,Zemaiah Vaughn,3000,29
Travis Clayton,Chase Lundt,0610,20
Travis Clayton,Darrynton Evans,0610,4
Travis Clayton,Deon Cain,0610,17
Travis Clayton,Frank Gore Jr.,0610,16
Travis Clayton,Jacob Bayer,0610,20
Travis Clayton,Jalen Virgil,0610,14
Travis Clayton,Kaden Prather,0610,2
Travis Clayton,Keleki Latu,0610,7
Travis Clayton,Laviska Shenault Jr.,0610,7
Travis Clayton,Matt Sokol,0610,15
Travis Clayton,Mike Edwards,0610,20
Travis Clayton,Richard Gouraige,0610,20
Travis Clayton,Shane Buechele,0610,20
Travis Clayton,Stephen Gosnell,0610,18
Travis Etienne,Anton Harrison,2250,11
Travis Etienne,Austin Trammell,2250,6
Travis Etienne,Brenton Strange,2250,17
Travis Etienne,Brian Thomas Jr.,2250,19
Travis Etienne,Chuma Edoga,2250,11
Travis Etienne,Dyami Brown,2250,9
Travis Etienne,Ezra Cleveland,2250,19
Travis Etienne,Fred Johnson,2250,8
Travis Etienne,Hunter Long,2250,3
Travis Etienne,Johnny Mundt,2250,2
Travis Etienne,Parker Washington,2250,10
Travis Etienne,Patrick Mekari,2250,8
Travis Etienne,Robert Hainsey,2250,19
Travis Etienne,Travis Hunter,2250,10
Travis Etienne,Trevor Lawrence,2250,19
Travis Etienne,Walker Little,2250,19
Travis Homer,Braxton Jones,0810,1
Travis Homer,Durham Smythe,0810,1
Travis Homer,Jordan McFadden,0810,5
Travis Homer,Luke Newman,0810,5
Travis Homer,Luther Burden III,0810,5
Travis Homer,Maurice Alexander,0810,4
Travis Homer,Ozzy Trapilo,0810,4
Travis Homer,Ryan Bates,0810,5
Travis Homer,Samori Toure,0810,1
Travis Homer,Stephen Carlson,0810,5
Travis Homer,Theo Benedet,0810,5
Travis Homer,Tyler Scott,0810,4
Travis Homer,Tyson Bagent,0810,5
Travis Hunter,Andrew Wingard,2250,4
Travis Hunter,Anton Harrison,2250,10
Travis Hunter,Antonio Johnson,2250,6
Travis Hunter,Austin Johnson,2250,5
Travis Hunter,Brenton Strange,2250,8
Travis Hunter,Brian Thomas Jr.,2250,10
Travis Hunter,Chad Muma,2250,7
Travis Hunter,Christian Braswell,2250,3
Travis Hunter,Chuma Edoga,2250,10
Travis Hunter,Daniel Thomas,2250,4
Travis Hunter,Danny Striggow,2250,2
Travis Hunter,Darnell Savage,2250,7
Travis Hunter,Dawuane Smoot,2250,7
Travis Hunter,Devin Lloyd,2250,3
Travis Hunter,Dyami Brown,2250,8
Travis Hunter,Emmanuel Ogbah,2250,7
Travis Hunter,Ezra Cleveland,2250,10
Travis Hunter,Hunter Long,2250,2
Travis Hunter,Jarrian Jones,2250,4
Travis Hunter,Jordan Jefferson,2250,4
Travis Hunter,Parker Washington,2250,2
Travis Hunter,Rayuan Lane III,2250,1
Travis Hunter,Robert Hainsey,2250,10
Travis Hunter,Travis Etienne,2250,10
Travis Hunter,Trevor Lawrence,2250,10
Travis Hunter,Tyler Lacy,2250,3
Travis Hunter,Ventrell Miller,2250,2
Travis Hunter,Walker Little,2250,10
Travis Hunter,Yasir Abdullah,2250,1
Travis Kelce,Brashard Smith,2310,1
Travis Kelce,Creed Humphrey,2310,15
Travis Kelce,Isiah Pacheco,2310,8
Travis Kelce,Jason Brownlee,2310,1
Travis Kelce,Jawaan Taylor,2310,15
Travis Kelce,Josh Simmons,2310,15
Travis Kelce,JuJu Smith-Schuster,2310,9
Travis Kelce,Kareem Hunt,2310,6
Travis Kelce,Kingsley Suamataia,2310,15
Travis Kelce,Noah Gray,2310,4
Travis Kelce,Patrick Mahomes,2310,15
Travis Kelce,Rashee Rice,2310,12
Travis Kelce,Robert Tonyan,2310,2
Travis Kelce,Trey Smith,2310,15
Travis Kelce,Tyquan Thornton,2310,4
Travis Kelce,Xavier Worthy,2310,13
Travis Vokolek,Andre Baccellia,3800,14
Travis Vokolek,Bam Knight,3800,11
Travis Vokolek,Bryson Green,3800,9
Travis Vokolek,Christian Jones,3800,6
Travis Vokolek,Clayton Tune,3800,36
Travis Vokolek,DeeJay Dallas,3800,1
Travis Vokolek,Elijah Higgins,3800,15
Travis Vokolek,Emari Demercado,3800,18
Travis Vokolek,Greg Dortch,3800,2
Travis Vokolek,Hayden Conner,3800,27
Travis Vokolek,Jacoby Brissett,3800,17
Travis Vokolek,Jake Curhan,3800,21
Travis Vokolek,Jeremiah Byers,3800,37
Travis Vokolek,Jon Gaines II,3800,19
Travis Vokolek,Josh Fryar,3800,42
Travis Vokolek,Josiah Deguara,3800,25
Travis Vokolek,McClendon Curtis,3800,10
Travis Vokolek,Michael Carter,3800,21
Travis Vokolek,Nate McCollum,3800,2
Travis Vokolek,Nick Leverett,3800,43
Travis Vokolek,Oscar Cardenas,3800,7
Travis Vokolek,Royce Newman,3800,24
Travis Vokolek,Simi Fehoko,3800,18
Travis Vokolek,Sincere Haynesworth,3800,36
Travis Vokolek,Tejhaun Palmer,3800,24
Travis Vokolek,Trey Benson,3800,2
Travis Vokolek,Trishton Jackson,3800,4
Travis Vokolek,Xavier Weaver,3800,39
Travon Walker,Andrew Wingard,2250,12
Travon Walker,Christian Braswell,2250,5
Travon Walker,DaVon Hamilton,2250,14
Travon Walker,Darnell Savage,2250,4
Travon Walker,Dawuane Smoot,2250,4
Travon Walker,Devin Lloyd,2250,10
Travon Walker,Eric Murray,2250,14
Travon Walker,Foye Oluokun,2250,14
Travon Walker,Jarrian Jones,2250,11
Travon Walker,Josh Hines-Allen,2250,13
Travon Walker,Jourdan Lewis,2250,14
Travon Walker,Tyler Lacy,2250,11
Travon Walker,Tyson Campbell,2250,7
Travon Walker,Ventrell Miller,2250,2
Travon Walker,Yasir Abdullah,2250,5
Trayveon Williams,Brenden Bates,1050,11
Trayveon Williams,Bucky Williams,1050,27
Trayveon Williams,Cade McDonald,1050,20
Trayveon Williams,Chase Cota,1050,11
Trayveon Williams,Cornelius Lucas,1050,3
Trayveon Williams,Dartanyan Tinsley,1050,13
Trayveon Williams,Dillon Gabriel,1050,13
Trayveon Williams,Diontae Johnson,1050,12
Trayveon Williams,Gage Larvadain,1050,24
Trayveon Williams,Jackson Barton,1050,19
Trayveon Williams,Jamari Thrash,1050,15
Trayveon Williams,Jason Ivey,1050,23
Trayveon Williams,Javion Cohen,1050,13
Trayveon Williams,Kaden Davis,1050,13
Trayveon Williams,Kilian Zierer,1050,15
Trayveon Williams,Kisean Johnson,1050,9
Trayveon Williams,Lorenzo Thompson,1050,16
Trayveon Williams,Luke Floriea,1050,2
Trayveon Williams,Luke Wypler,1050,8
Trayveon Williams,Mitch Van Vooren,1050,1
Trayveon Williams,Sal Cannella,1050,22
Trayveon Williams,Sebastian Gutierrez,1050,10
Trayveon Williams,Shedeur Sanders,1050,14
Trayveon Williams,Teven Jenkins,1050,15
Trayveon Williams,Tyler Huntley,1050,8
Trayveon Williams,Zak Zinter,1050,13
Tre Avery,Adam Gotsis,4900,7
Tre Avery,Anfernee Jennings,3200,12
Tre Avery,Bradyn Swinson,3200,22
Tre Avery,Brandon Crossley,3200,24
Tre Avery,Bryce Ganious,3200,8
Tre Avery,Bryce Hall,4900,4
Tre Avery,Cam Riley,3200,13
Tre Avery,David Olajiga,3200,13
Tre Avery,Deion Jones,4900,23
Tre Avery,Dell Pettus,3200,24
Tre Avery,Dvon J-Thomas,4900,20
Tre Avery,Elijah Ponder,3200,10
Tre Avery,Elijah Roberts,4900,17
Tre Avery,Eric Banks,4900,13
Tre Avery,Isaiah Bolden,3200,4
Tre Avery,Isaiah Iton,3200,1
Tre Avery,Jahvaree Ritzie,3200,13
Tre Avery,Jeremiah Pharms Jr.,3200,13
Tre Avery,John Bullock,4900,26
Tre Avery,Jordan Polk,3200,24
Tre Avery,Jose Ramirez,4900,29
Tre Avery,Josh Minkins,3200,14
Tre Avery,Kaevon Merriweather,4900,35
Tre Avery,Kyle Dugger,3200,10
Tre Avery,Kyle Peko,3200,12
Tre Avery,Marcus Epps,3200,18
Tre Avery,Markees Watts,4900,23
Tre Avery,Marte Mapu,3200,1
Tre Avery,Mike Greene,4900,13
Tre Avery,Monty Rice,3200,15
Tre Avery,Nash Hutmacher,4900,20
Tre Avery,Nick Jackson,4900,21
Tre Avery,R.J. Moten,3200,17
Tre Avery,Rashad Wisdom,4900,15
Tre Avery,Roman Parodie,4900,31
Tre Avery,Truman Jones,3200,12
Tre Avery,Warren Peeples,4900,18
Tre Avery,Will Brooks,4900,35
Tre Brown,Bradlee Anae,4500,12
Tre Brown,Bruce Hector,4500,16
Tre Brown,Chase Lucas,4500,18
Tre Brown,Derrick Canteen,4500,19
Tre Brown,Jakob Robinson,4500,19
Tre Brown,Jalen Graham,4500,10
Tre Brown,Jaylen Mahoney,4500,19
Tre Brown,Jaylon Allen,4500,17
Tre Brown,Jonathan Garvin,4500,2
Tre Brown,Michael Dwumfour,4500,12
Tre Brown,Nick Martin,4500,10
Tre Brown,Robert Beal Jr.,4500,7
Tre Brown,Sebastian Valdez,4500,10
Tre Brown,Stone Blanton,4500,19
Tre Flowers,Alex Cook,0810,72
Tre Flowers,Amen Ogbongbemiga,0810,10
Tre Flowers,Andrew Billings,0810,25
Tre Flowers,Austin Booker,0810,30
Tre Flowers,Carl Jones,0810,32
Tre Flowers,Chris Williams,0810,29
Tre Flowers,Daniel Hardy,0810,46
Tre Flowers,Dominique Robinson,0810,35
Tre Flowers,Elijah Hicks,0810,8
Tre Flowers,Jamree Kromah,0810,37
Tre Flowers,Jeremiah Walker,0810,42
Tre Flowers,Jonathan Ford,0810,51
Tre Flowers,Jonathan Owens,0810,56
Tre Flowers,Josh Blackwell,0810,21
Tre Flowers,Major Burns,0810,9
Tre Flowers,Mark Perry,0810,6
Tre Flowers,Mekhi Garner,0810,26
Tre Flowers,Nick McCloud,0810,31
Tre Flowers,Noah Sewell,0810,38
Tre Flowers,Power Echols,0810,36
Tre Flowers,Ruben Hyppolite II,0810,55
Tre Flowers,Swayze Bozeman,0810,28
Tre Flowers,Tanoh Kpassagnon,0810,24
Tre Flowers,Terell Smith,0810,37
Tre Flowers,Tysheem Johnson,0810,27
Tre Flowers,Xavier Carlton,0810,24
Tre Flowers,Zacch Pickens,0810,55
Tre Harris,Andre James,4400,62
Tre Harris,Branson Taylor,4400,39
Tre Harris,Corey Stewart,4400,79
Tre Harris,Dalevon Campbell,4400,3
Tre Harris,David Sharpe,4400,35
Tre Harris,Derius Davis,4400,13
Tre Harris,Hassan Haskins,4400,7
Tre Harris,JaQuae Jackson,4400,12
Tre Harris,Jamaree Salyer,4400,18
Tre Harris,Jaret Patterson,4400,5
Tre Harris,Jaylen Johnson,4400,39
Tre Harris,Josh Kaltenberger,4400,8
Tre Harris,Karsen Barnhart,4400,71
Tre Harris,KeAndre Lambert-Smith,4400,63
Tre Harris,Kimani Vidal,4400,32
Tre Harris,Nash Jones,4400,22
Tre Harris,Nyheim Hines,4400,23
Tre Harris,Omarion Hampton,4400,3
Tre Harris,Oronde Gadsden II,4400,57
Tre Harris,Raheim Sanders,4400,9
Tre Harris,Ryan Nelson,4400,34
Tre Harris,Scott Matlock,4400,19
Tre Harris,Stevo Klotz,4400,4
Tre Harris,Taylor Heinicke,4400,30
Tre Harris,Trey Lance,4400,49
Tre Harris,Trey Pipkins,4400,9
Tre Harris,Tucker Fisk,4400,24
Tre Harris,Tyler Conklin,4400,1
Tre Harris,Will Dissly,4400,2
Tre Harris,Zion Johnson,4400,18
Tre Herndon,Adetomiwa Adebawore,2200,5
Tre Herndon,Austin Ajiake,2200,7
Tre Herndon,Brandon Codrington,0610,23
Tre Herndon,Casey Rogers,0610,15
Tre Herndon,Chris Lammons,2200,5
Tre Herndon,Daequan Hardy,0610,51
Tre Herndon,Dane Jackson,0610,42
Tre Herndon,Daniel Scott,2200,19
Tre Herndon,Darrick Forrest,0610,51
Tre Herndon,DeWayne Carter,0610,28
Tre Herndon,Deone Walker,0610,25
Tre Herndon,Desmond Little,2200,9
Tre Herndon,Devonta Davis,2200,7
Tre Herndon,Dorian Strong,0610,33
Tre Herndon,Dorian Williams,0610,33
Tre Herndon,Duke Shelley,2200,19
Tre Herndon,Durell Nchami,2200,19
Tre Herndon,Edefuan Ulofoshio,0610,30
Tre Herndon,Eric Johnson,2200,10
Tre Herndon,Garnett Hollis Jr.,0610,18
Tre Herndon,Isaiah Land,2200,9
Tre Herndon,JT Tuimoloau,2200,3
Tre Herndon,Ja'Marcus Ingram,0610,25
Tre Herndon,Jacob Phillips,2200,12
Tre Herndon,Javon Solomon,0610,27
Tre Herndon,Jimmy Ciarlo,0610,39
Tre Herndon,Joe Andreessen,0610,44
Tre Herndon,Jordan Hancock,0610,25
Tre Herndon,Josh Tupou,2200,11
Tre Herndon,Keonta Jenkins,0610,8
Tre Herndon,Ladarius Tennison,2200,5
Tre Herndon,Landon Jackson,0610,34
Tre Herndon,Larry Ogunjobi,0610,15
Tre Herndon,Marcus Harris,0610,25
Tre Herndon,Michael Hoecht,0610,46
Tre Herndon,Nelson Ceaser,0610,11
Tre Herndon,Paris Shand,0610,30
Tre Herndon,Segun Olubi,2200,14
Tre Herndon,Solomon DeShields,2200,5
Tre Herndon,T.J. Sanders,0610,18
Tre Herndon,Tim Smith,2200,11
Tre Herndon,Trey Washington,2200,19
Tre Herndon,Zion Logue,0610,22
Tre Herndon,Zy Alexander,0610,22
Tre Stewart,Ben Yurosek,3000,11
Tre Stewart,Brett Rypien,3000,12
Tre Stewart,Bryson Nesbit,3000,26
Tre Stewart,Dontae Fleming,3000,26
Tre Stewart,Giovanni Ricci,3000,13
Tre Stewart,Henry Byrd,3000,1
Tre Stewart,Jeshaun Jones,3000,25
Tre Stewart,Joe Huber,3000,52
Tre Stewart,Leroy Watson IV,3000,43
Tre Stewart,Logan Brown,3000,49
Tre Stewart,Lucky Jackson,3000,4
Tre Stewart,Max Brosmer,3000,40
Tre Stewart,Michael Gonzalez,3000,34
Tre Stewart,Michael Jurgens,3000,9
Tre Stewart,Myles Price,3000,30
Tre Stewart,Nick Vannett,3000,18
Tre Stewart,Robert Lewis,3000,4
Tre Stewart,Silas Bolden,3000,15
Tre Stewart,Thayer Thomas,3000,13
Tre Stewart,Tim Jones,3000,23
Tre Stewart,Vershon Lee,3000,52
Tre Stewart,Walter Rouse,3000,2
Tre Stewart,Zack Bailey,3000,9
Tre Stewart,Zeke Correll,3000,9
Tre Swilling,Akayleb Evans,0750,21
Tre Swilling,Bam Martin-Scott,0750,32
Tre Swilling,Cam Jackson,0750,27
Tre Swilling,Carlos Basham,0750,30
Tre Swilling,DJ Johnson,0750,10
Tre Swilling,Demani Richardson,0750,26
Tre Swilling,Isaac Gifford,0750,35
Tre Swilling,J.J. Weaver,0750,14
Tre Swilling,JaTravis Broughton,0750,16
Tre Swilling,Jack Henderson,0750,24
Tre Swilling,Jacoby Windmon,0750,37
Tre Swilling,Jaden Crumedy,0750,32
Tre Swilling,Jared Harrison-Hunte,0750,42
Tre Swilling,Jon Rhattigan,0750,25
Tre Swilling,Krys Barnes,0750,23
Tre Swilling,Lathan Ransom,0750,38
Tre Swilling,Mapalo Mwansa,0750,3
Tre Swilling,Mello Dotson,0750,18
Tre Swilling,Michael Reid,0750,12
Tre Swilling,Princely Umanmielen,0750,28
Tre Swilling,Sam Roberts,0750,42
Tre Swilling,Shemar Bartholomew,0750,5
Tre Swilling,Thomas Incoom,0750,35
Tre Swilling,Trevian Thomas,0750,25
Tre Tucker,Ashton Jeanty,2520,19
Tre Tucker,Brock Bowers,2520,9
Tre Tucker,DJ Glaze,2520,26
Tre Tucker,Dont'e Thornton Jr.,2520,26
Tre Tucker,Dylan Parham,2520,26
Tre Tucker,Geno Smith,2520,26
Tre Tucker,Jackson Powers-Johnson,2520,26
Tre Tucker,Jakobi Meyers,2520,26
Tre Tucker,Jordan Meredith,2520,26
Tre Tucker,Kolton Miller,2520,26
Tre Tucker,Michael Mayer,2520,17
Tre Tucker,Raheem Mostert,2520,1
Tre Tucker,Zamir White,2520,6
Tre Watson,Bailey Zappe,2310,16
Tre Watson,Brashard Smith,2310,17
Tre Watson,C.J. Hanson,2310,39
Tre Watson,Carson Steele,2310,13
Tre Watson,Chris Oladokun,2310,19
Tre Watson,Chukwuebuka Godrick,2310,26
Tre Watson,Dalton Cooper,2310,18
Tre Watson,Elijah Mitchell,2310,7
Tre Watson,Elijah Young,2310,3
Tre Watson,Elijhah Badger,2310,7
Tre Watson,Esa Pole,2310,29
Tre Watson,Gardner Minshew,2310,4
Tre Watson,Geor'Quarius Spivey,2310,6
Tre Watson,Hal Presley,2310,12
Tre Watson,Hunter Nourzad,2310,21
Tre Watson,Jared Wiley,2310,12
Tre Watson,Jason Brownlee,2310,17
Tre Watson,Jaylon Moore,2310,7
Tre Watson,Jimmy Holiday,2310,13
Tre Watson,Joey Lombard,2310,18
Tre Watson,Key'Shawn Smith,2310,11
Tre Watson,Mac Dalena,2310,10
Tre Watson,Michael Wiley,2310,1
Tre Watson,Mike Caliendo,2310,21
Tre Watson,Nikko Remigio,2310,12
Tre Watson,Robert Tonyan,2310,4
Tre Watson,Skyy Moore,2310,9
Tre Watson,Tyquan Thornton,2310,2
Tre Watson,Wanya Morris,2310,16
Tre' McKitty,Austin Deculus,2120,9
Tre' McKitty,British Brooks,2120,4
Tre' McKitty,Conor McDermott,2120,6
Tre' McKitty,Daniel Jackson,2120,3
Tre' McKitty,Eli Cox,2120,6
Tre' McKitty,Graham Mertz,2120,9
Tre' McKitty,J.J. Taylor,2120,5
Tre' McKitty,Jakob Johnson,2120,4
Tre' McKitty,Jarrett Patterson,2120,3
Tre' McKitty,Jaylon Thomas,2120,9
Tre' McKitty,Juice Scruggs,2120,3
Tre' McKitty,LaDarius Henderson,2120,6
Tre' McKitty,Luke Lachey,2120,6
Tre' McKitty,Quintez Cephus,2120,6
Tre' McKitty,Xavier Johnson,2120,8
Tre' McKitty,Zach Thomas,2120,3
Tre'Davious White,A.J. Epenesa,0610,7
Tre'Davious White,Cam Lewis,0610,17
Tre'Davious White,Christian Benford,0610,17
Tre'Davious White,DaQuan Jones,0610,11
Tre'Davious White,Damar Hamlin,0610,17
Tre'Davious White,DeWayne Carter,0610,6
Tre'Davious White,Ed Oliver,0610,11
Tre'Davious White,Greg Rousseau,0610,10
Tre'Davious White,Joe Andreessen,0610,17
Tre'Davious White,Joey Bosa,0610,10
Tre'Davious White,Larry Ogunjobi,0610,6
Tre'Davious White,Matt Milano,0610,17
Tre'Davious White,Michael Hoecht,0610,7
Tre'Davious White,Taron Johnson,0610,16
Tre'Davious White,Te'Cory Couch,0610,1
Tre'Mon Morris-Brash,Alohi Gilman,4400,2
Tre'Mon Morris-Brash,Benjamin St-Juste,4400,8
Tre'Mon Morris-Brash,Caleb Murphy,4400,71
Tre'Mon Morris-Brash,Cam Hart,4400,3
Tre'Mon Morris-Brash,Christopher Hinton,4400,55
Tre'Mon Morris-Brash,Da'Shawn Hand,4400,11
Tre'Mon Morris-Brash,Daiyan Henley,4400,3
Tre'Mon Morris-Brash,Deane Leonard,4400,17
Tre'Mon Morris-Brash,Del'Shawn Phillips,4400,7
Tre'Mon Morris-Brash,Denzel Perryman,4400,3
Tre'Mon Morris-Brash,Donte Jackson,4400,3
Tre'Mon Morris-Brash,Elijah Molden,4400,3
Tre'Mon Morris-Brash,Emany Johnson,4400,80
Tre'Mon Morris-Brash,Eric Rogers,4400,24
Tre'Mon Morris-Brash,Garmon Randolph,4400,19
Tre'Mon Morris-Brash,Harrison Hand,4400,9
Tre'Mon Morris-Brash,Ja'Sir Taylor,4400,73
Tre'Mon Morris-Brash,Jamaree Caldwell,4400,45
Tre'Mon Morris-Brash,Jaylen Jones,4400,9
Tre'Mon Morris-Brash,Jordan Oladokun,4400,18
Tre'Mon Morris-Brash,Josh Fuga,4400,5
Tre'Mon Morris-Brash,Junior Colson,4400,35
Tre'Mon Morris-Brash,Justin Eboigbe,4400,34
Tre'Mon Morris-Brash,Kana'i Mauga,4400,28
Tre'Mon Morris-Brash,Kendall Williamson,4400,91
Tre'Mon Morris-Brash,Kylan Guidry,4400,8
Tre'Mon Morris-Brash,Kyle Kennard,4400,31
Tre'Mon Morris-Brash,Marlowe Wax,4400,76
Tre'Mon Morris-Brash,Myles Purchase,4400,53
Tre'Mon Morris-Brash,Naquan Jones,4400,41
Tre'Mon Morris-Brash,Nehemiah Shelton,4400,1
Tre'Mon Morris-Brash,Nesta Jade Silvera,4400,28
Tre'Mon Morris-Brash,Nikko Reed,4400,58
Tre'Mon Morris-Brash,Otito Ogbonnia,4400,8
Tre'Mon Morris-Brash,R.J. Mickens,4400,95
Tre'Mon Morris-Brash,Scott Matlock,4400,15
Tre'Mon Morris-Brash,Tarheeb Still,4400,8
Tre'Mon Morris-Brash,TeRah Edwards,4400,42
Tre'Mon Morris-Brash,Tony Jefferson,4400,33
Tre'Mon Morris-Brash,Trikweze Bridges,4400,103
Tre'Mon Morris-Brash,Troy Dye,4400,24
Tre'von Moehrig,A'Shawn Robinson,0750,18
Tre'von Moehrig,Bobby Brown III,0750,2
Tre'von Moehrig,Chau Smith-Wade,0750,18
Tre'von Moehrig,Christian Rozeboom,0750,24
Tre'von Moehrig,Corey Thornton,0750,11
Tre'von Moehrig,D.J. Wonnum,0750,24
Tre'von Moehrig,Demani Richardson,0750,2
Tre'von Moehrig,Derrick Brown,0750,3
Tre'von Moehrig,Mike Jackson,0750,24
Tre'von Moehrig,Nick Scott,0750,24
Tre'von Moehrig,Patrick Jones II,0750,24
Tre'von Moehrig,Princely Umanmielen,0750,2
Tre'von Moehrig,Shemar Bartholomew,0750,13
Tre'von Moehrig,Shy Tuttle,0750,7
Tre'von Moehrig,Tershawn Wharton,0750,22
Tre'von Moehrig,Trevin Wallace,0750,22
TreVeyon Henderson,Austin Hooper,3200,13
TreVeyon Henderson,Ben Brown,3200,13
TreVeyon Henderson,DeMario Douglas,3200,9
TreVeyon Henderson,Drake Maye,3200,15
TreVeyon Henderson,Garrett Bradbury,3200,11
TreVeyon Henderson,Hunter Henry,3200,2
TreVeyon Henderson,Jack Westover,3200,6
TreVeyon Henderson,Jared Wilson,3200,6
TreVeyon Henderson,Kayshon Boutte,3200,11
TreVeyon Henderson,Kyle Williams,3200,7
TreVeyon Henderson,Mack Hollins,3200,11
TreVeyon Henderson,Marcus Bryant,3200,15
TreVeyon Henderson,Mike Onwenu,3200,15
TreVeyon Henderson,Rhamondre Stevenson,3200,1
TreVeyon Henderson,Will Campbell,3200,15
Tremaine Edmunds,Chris Williams,0810,3
Tremaine Edmunds,Dayo Odeyingbo,0810,3
Tremaine Edmunds,Gervon Dexter Sr.,0810,3
Tremaine Edmunds,Jaquan Brisker,0810,3
Tremaine Edmunds,Kevin Byard,0810,3
Tremaine Edmunds,Montez Sweat,0810,3
Tremaine Edmunds,Nahshon Wright,0810,3
Tremaine Edmunds,Nick McCloud,0810,3
Tremaine Edmunds,T.J. Edwards,0810,3
Tremaine Edmunds,Tyrique Stevenson,0810,3
Tremayne Anchrum,Austin Trammell,2250,31
Tremayne Anchrum,Bhayshul Tuten,2250,6
Tremayne Anchrum,Cam Camper,2250,41
Tremayne Anchrum,Chandler Brayboy,2250,39
Tremayne Anchrum,Darius Lassiter,2250,18
Tremayne Anchrum,Dorian Singer,2250,63
Tremayne Anchrum,Eli Pancol,2250,9
Tremayne Anchrum,Fred Johnson,2250,10
Tremayne Anchrum,Hunter Long,2250,1
Tremayne Anchrum,Ja'Quinden Jackson,2250,39
Tremayne Anchrum,Javon Foster,2250,78
Tremayne Anchrum,Jerome Carvin,2250,49
Tremayne Anchrum,John Copenhaver,2250,21
Tremayne Anchrum,John Wolford,2250,26
Tremayne Anchrum,Jonah Monheim,2250,39
Tremayne Anchrum,Joshua Cephus,2250,9
Tremayne Anchrum,Kevin Harris,2250,21
Tremayne Anchrum,LeQuint Allen Jr.,2250,22
Tremayne Anchrum,Nick Mullens,2250,10
Tremayne Anchrum,Patrick Herbert,2250,31
Tremayne Anchrum,Quintin Morris,2250,34
Tremayne Anchrum,Ricky Lee,2250,88
Tremayne Anchrum,Sal Wormley,2250,88
Tremayne Anchrum,Seth Henigan,2250,52
Tremayne Anchrum,Shawn Bowman,2250,26
Tremayne Anchrum,Trenton Irwin,2250,29
Tremon Smith,Arthur Maulet,2120,39
Tremon Smith,Casey Toohill,2120,51
Tremon Smith,Christian Harris,2120,4
Tremon Smith,D'Angelo Ross,2120,12
Tremon Smith,Damon Arnette,2120,48
Tremon Smith,Darrell Taylor,2120,12
Tremon Smith,Derek Barnett,2120,1
Tremon Smith,Dylan Horton,2120,15
Tremon Smith,E.J. Speed,2120,4
Tremon Smith,Foley Fatukasi,2120,3
Tremon Smith,Haggai Ndubuisi,2120,39
Tremon Smith,Jackson Woodard,2120,39
Tremon Smith,Jake Hansen,2120,12
Tremon Smith,Jalen Mills,2120,29
Tremon Smith,Jamal Hill,2120,48
Tremon Smith,Jaylin Smith,2120,16
Tremon Smith,Junior Tafuna,2120,56
Tremon Smith,K.C. Ossai,2120,39
Tremon Smith,M.J. Stewart,2120,21
Tremon Smith,Marlon Davidson,2120,24
Tremon Smith,Myles Bryant,2120,54
Tremon Smith,Nick Niemann,2120,34
Tremon Smith,Russ Yeast,2120,48
Tremon Smith,Solomon Byrd,2120,51
Tremon Smith,Tim Settle,2120,3
Tremon Smith,Tommy Togiai,2120,28
Trent McDuffie,Ashton Gillotte,2310,4
Trent McDuffie,Bryan Cook,2310,26
Trent McDuffie,Cam Jones,2310,1
Trent McDuffie,Chamarri Conner,2310,26
Trent McDuffie,Charles Omenihu,2310,13
Trent McDuffie,Chris Jones,2310,17
Trent McDuffie,George Karlaftis,2310,23
Trent McDuffie,Jack Cochrane,2310,5
Trent McDuffie,Jaden Hicks,2310,16
Trent McDuffie,Jaylen Watson,2310,15
Trent McDuffie,Jeffrey Bassa,2310,4
Trent McDuffie,Jerry Tillery,2310,16
Trent McDuffie,Kristian Fulton,2310,13
Trent McDuffie,Leo Chenal,2310,25
Trent McDuffie,Michael Danna,2310,16
Trent McDuffie,Mike Pennel,2310,13
Trent McDuffie,Nick Bolton,2310,26
Trent McDuffie,Omarr Norman-Lott,2310,1
Trent Scott,Ben Sinnott,5110,51
Trent Scott,Bobby Hart,5110,62
Trent Scott,Brandon Coleman,5110,10
Trent Scott,Chris Moore,5110,27
Trent Scott,Chris Paul,5110,72
Trent Scott,Chris Rodriguez Jr.,5110,25
Trent Scott,Cole Turner,5110,23
Trent Scott,Colson Yankoff,5110,21
Trent Scott,Demetric Felton,5110,4
Trent Scott,Foster Sarell,5110,28
Trent Scott,Ja'Corey Brooks,5110,31
Trent Scott,Jacoby Jones,5110,8
Trent Scott,Jacory Croskey-Merritt,5110,31
Trent Scott,Jaylin Lane,5110,33
Trent Scott,Jeremy McNichols,5110,33
Trent Scott,Josh Conerly Jr.,5110,32
Trent Scott,Josh Johnson,5110,34
Trent Scott,Julian Good-Jones,5110,49
Trent Scott,K.J. Osborn,5110,56
Trent Scott,Kazmeir Allen,5110,4
Trent Scott,Lawrence Cager,5110,17
Trent Scott,Luke McCaffrey,5110,44
Trent Scott,Michael Deiter,5110,77
Trent Scott,Michael Gallup,5110,27
Trent Scott,Mike Strachan,5110,2
Trent Scott,Nick Harris,5110,3
Trent Scott,Noah Brown,5110,6
Trent Scott,Sam Hartman,5110,63
Trent Scott,Tay Martin,5110,42
Trent Scott,Timothy McKay,5110,15
Trent Scott,Tyre Phillips,5110,40
Trent Sherfield,Adam Trautman,1400,4
Trent Sherfield,Alex Forsyth,1400,38
Trent Sherfield,Alex Palczewski,1400,28
Trent Sherfield,Audric EstimÃ©,1400,5
Trent Sherfield,Ben Powers,1400,3
Trent Sherfield,Blake Watson,1400,10
Trent Sherfield,Bo Nix,1400,3
Trent Sherfield,Caden Prieskorn,1400,4
Trent Sherfield,Caleb Lohner,1400,5
Trent Sherfield,Calvin Throckmorton,1400,26
Trent Sherfield,Courtland Sutton,1400,3
Trent Sherfield,Evan Engram,1400,8
Trent Sherfield,Frank Crum,1400,19
Trent Sherfield,Garett Bolles,1400,3
Trent Sherfield,Jaleel McLaughlin,1400,2
Trent Sherfield,Jarrett Stidham,1400,38
Trent Sherfield,Lucas Krull,1400,23
Trent Sherfield,Luke Wattenberg,1400,3
Trent Sherfield,Marvin Mims Jr.,1400,3
Trent Sherfield,Matt Peart,1400,38
Trent Sherfield,Michael Bandy,1400,15
Trent Sherfield,Mike McGlinchey,1400,3
Trent Sherfield,Nick Gargiulo,1400,17
Trent Sherfield,Pat Bryant,1400,35
Trent Sherfield,Quinn Meinerz,1400,3
Trent Sherfield,RJ Harvey,1400,10
Trent Sherfield,Troy Franklin,1400,23
Trent Sherfield,Tyler Badie,1400,14
Trent Sherfield,Will Sherman,1400,24
Trenton Irwin,Austin Trammell,2250,47
Trenton Irwin,Bhayshul Tuten,2250,20
Trenton Irwin,Dorian Singer,2250,16
Trenton Irwin,Ezra Cleveland,2250,1
Trenton Irwin,Fred Johnson,2250,53
Trenton Irwin,Hunter Long,2250,38
Trenton Irwin,Ja'Quinden Jackson,2250,13
Trenton Irwin,Javon Foster,2250,19
Trenton Irwin,Jerome Carvin,2250,19
Trenton Irwin,John Wolford,2250,14
Trenton Irwin,Johnny Mundt,2250,8
Trenton Irwin,Jonah Monheim,2250,52
Trenton Irwin,Joshua Cephus,2250,44
Trenton Irwin,Kevin Harris,2250,6
Trenton Irwin,LeQuint Allen Jr.,2250,17
Trenton Irwin,Luke Fortner,2250,42
Trenton Irwin,Nick Mullens,2250,52
Trenton Irwin,Parker Washington,2250,20
Trenton Irwin,Patrick Herbert,2250,6
Trenton Irwin,Patrick Mekari,2250,13
Trenton Irwin,Quintin Morris,2250,15
Trenton Irwin,Ricky Lee,2250,37
Trenton Irwin,Robert Hainsey,2250,1
Trenton Irwin,Sal Wormley,2250,66
Trenton Irwin,Seth Henigan,2250,5
Trenton Irwin,Shawn Bowman,2250,22
Trenton Irwin,Tank Bigsby,2250,16
Trenton Irwin,Tremayne Anchrum,2250,29
Trenton Irwin,Trevor Lawrence,2250,1
Trenton Irwin,Walker Little,2250,1
Trenton Irwin,Wyatt Milum,2250,27
Trenton Simpson,Adedayo Odeleye,0325,8
Trenton Simpson,Adisa Isaac,0325,20
Trenton Simpson,Aeneas Peebles,0325,35
Trenton Simpson,Basil Okoye,0325,29
Trenton Simpson,Beau Brade,0325,25
Trenton Simpson,Bilhal Kone,0325,12
Trenton Simpson,Brent Urban,0325,12
Trenton Simpson,C.J. Ravenell,0325,39
Trenton Simpson,David Ojabo,0325,48
Trenton Simpson,Jacob Hummel,0325,6
Trenton Simpson,Jalyn Armour-Davis,0325,50
Trenton Simpson,Jayson Jones,0325,18
Trenton Simpson,John Jenkins,0325,8
Trenton Simpson,Kaimon Rucker,0325,11
Trenton Simpson,Keyon Martin,0325,53
Trenton Simpson,Malaki Starks,0325,11
Trenton Simpson,Malik Hamm,0325,10
Trenton Simpson,Marquise Robinson,0325,4
Trenton Simpson,Mike Green,0325,45
Trenton Simpson,Reuben Lowery,0325,31
Trenton Simpson,Sanoussi Kane,0325,67
Trenton Simpson,T.J. Tampa,0325,67
Trenton Simpson,Teddye Buchanan,0325,61
Treven Ma'ae,Amari Gainer,2520,6
Treven Ma'ae,Andre Carter II,2520,16
Treven Ma'ae,Anthony Booker,2520,12
Treven Ma'ae,Charles Snowden,2520,14
Treven Ma'ae,Chris Smith II,2520,8
Treven Ma'ae,Cody Lindenberg,2520,38
Treven Ma'ae,Darnay Holmes,2520,8
Treven Ma'ae,Decamerion Richardson,2520,7
Treven Ma'ae,Greedy Vance,2520,16
Treven Ma'ae,Hudson Clark,2520,40
Treven Ma'ae,JJ Pegues,2520,30
Treven Ma'ae,JT Woods,2520,18
Treven Ma'ae,Jah Joyner,2520,28
Treven Ma'ae,Jahfari Harvey,2520,14
Treven Ma'ae,Jaylon Smith,2520,4
Treven Ma'ae,John Humphrey,2520,35
Treven Ma'ae,Keondre Coburn,2520,11
Treven Ma'ae,Leki Fotu,2520,2
Treven Ma'ae,Matt Jones,2520,20
Treven Ma'ae,Michael Barrett,2520,27
Treven Ma'ae,Ovie Oghoufo,2520,20
Treven Ma'ae,Sam Webb,2520,34
Treven Ma'ae,Terrell Edmunds,2520,4
Treven Ma'ae,Thomas Booker,2520,3
Treven Ma'ae,Tommy Eichenberg,2520,4
Treven Ma'ae,Tonka Hemingway,2520,5
Treven Ma'ae,Trey Taylor,2520,43
Treven Ma'ae,Zachary Carter,2520,3
Trevian Thomas,Akayleb Evans,0750,6
Trevian Thomas,Bam Martin-Scott,0750,18
Trevian Thomas,Bobby Brown III,0750,5
Trevian Thomas,Cam Jackson,0750,10
Trevian Thomas,Carlos Basham,0750,16
Trevian Thomas,Corey Thornton,0750,5
Trevian Thomas,DJ Johnson,0750,4
Trevian Thomas,Demani Richardson,0750,11
Trevian Thomas,Isaac Gifford,0750,24
Trevian Thomas,J.J. Weaver,0750,9
Trevian Thomas,JaTravis Broughton,0750,13
Trevian Thomas,Jack Henderson,0750,16
Trevian Thomas,Jacoby Windmon,0750,24
Trevian Thomas,Jaden Crumedy,0750,14
Trevian Thomas,Jared Harrison-Hunte,0750,18
Trevian Thomas,Jon Rhattigan,0750,13
Trevian Thomas,Krys Barnes,0750,11
Trevian Thomas,Lathan Ransom,0750,21
Trevian Thomas,Mapalo Mwansa,0750,5
Trevian Thomas,Mello Dotson,0750,16
Trevian Thomas,Nic Scourton,0750,5
Trevian Thomas,Princely Umanmielen,0750,15
Trevian Thomas,Sam Roberts,0750,18
Trevian Thomas,Shemar Bartholomew,0750,5
Trevian Thomas,Shy Tuttle,0750,5
Trevian Thomas,Thomas Incoom,0750,18
Trevian Thomas,Tre Swilling,0750,25
Trevin Wallace,A'Shawn Robinson,0750,18
Trevin Wallace,Bobby Brown III,0750,2
Trevin Wallace,Chau Smith-Wade,0750,16
Trevin Wallace,Christian Rozeboom,0750,22
Trevin Wallace,Corey Thornton,0750,9
Trevin Wallace,D.J. Wonnum,0750,22
Trevin Wallace,Derrick Brown,0750,3
Trevin Wallace,Mike Jackson,0750,22
Trevin Wallace,Nick Scott,0750,22
Trevin Wallace,Patrick Jones II,0750,22
Trevin Wallace,Shemar Bartholomew,0750,13
Trevin Wallace,Shy Tuttle,0750,7
Trevin Wallace,Tershawn Wharton,0750,20
Trevin Wallace,Tre'von Moehrig,0750,22
Trevis Gipson,Alfred Collins,4500,20
Trevis Gipson,Bruce Hector,4500,14
Trevis Gipson,Bryce Huff,4500,8
Trevis Gipson,Chase Lucas,4500,34
Trevis Gipson,Chazz Surratt,4500,27
Trevis Gipson,Curtis Robinson,4500,10
Trevis Gipson,Dallis Flowers,4500,38
Trevis Gipson,Darrell Luter Jr.,4500,28
Trevis Gipson,Dee Winters,4500,8
Trevis Gipson,Demone Harris,4500,8
Trevis Gipson,Deommodore Lenoir,4500,6
Trevis Gipson,Derrick Canteen,4500,33
Trevis Gipson,Evan Anderson,4500,29
Trevis Gipson,Jakob Robinson,4500,10
Trevis Gipson,Jalen Graham,4500,28
Trevis Gipson,Jaylen Mahoney,4500,20
Trevis Gipson,Jaylon Allen,4500,3
Trevis Gipson,Ji'Ayir Brown,4500,38
Trevis Gipson,Jonathan Garvin,4500,18
Trevis Gipson,Jordan Elliott,4500,6
Trevis Gipson,Kalia Davis,4500,7
Trevis Gipson,Luke Gifford,4500,10
Trevis Gipson,Marques Sigle,4500,38
Trevis Gipson,Nick Martin,4500,31
Trevis Gipson,Renardo Green,4500,6
Trevis Gipson,Robert Beal Jr.,4500,15
Trevis Gipson,Sam Okuayinonu,4500,6
Trevis Gipson,Sebastian Valdez,4500,38
Trevis Gipson,Shakel Brown,4500,4
Trevis Gipson,Siran Neal,4500,20
Trevis Gipson,Tatum Bethune,4500,19
Trevor Etienne,Andy Dalton,0750,10
Trevor Etienne,Brady Christensen,0750,40
Trevor Etienne,Brandon Walton,0750,23
Trevor Etienne,Brycen Tremayne,0750,24
Trevor Etienne,Cade Mays,0750,24
Trevor Etienne,Chandler Zavala,0750,8
Trevor Etienne,David Moore,0750,37
Trevor Etienne,Dominique Dafney,0750,14
Trevor Etienne,Hunter Renfrow,0750,18
Trevor Etienne,Ja'Tyre Carter,0750,27
Trevor Etienne,Jack Plummer,0750,30
Trevor Etienne,Jalen Coker,0750,15
Trevor Etienne,James Mitchell,0750,24
Trevor Etienne,Jarrett Kingston,0750,38
Trevor Etienne,Jimmy Horn Jr.,0750,10
Trevor Etienne,Kobe Hudson,0750,1
Trevor Etienne,Mitchell Evans,0750,12
Trevor Etienne,Rico Dowdle,0750,1
Trevor Etienne,Tetairoa McMillan,0750,3
Trevor Etienne,Xavier Legette,0750,1
Trevor Etienne,Yosh Nijman,0750,40
Trevor Keegan,Ainias Smith,3700,39
Trevor Keegan,Ben VanSumeren,3700,5
Trevor Keegan,Brett Toth,3700,54
Trevor Keegan,Cameron Latu,3700,35
Trevor Keegan,Cameron Williams,3700,85
Trevor Keegan,Darian Kinnard,3700,39
Trevor Keegan,Darius Cooper,3700,57
Trevor Keegan,Dorian Thompson-Robinson,3700,21
Trevor Keegan,Drew Kendall,3700,57
Trevor Keegan,E.J. Jenkins,3700,52
Trevor Keegan,Elijah Cooks,3700,33
Trevor Keegan,Giles Jackson,3700,23
Trevor Keegan,Hollin Pierce,3700,36
Trevor Keegan,Ife Adeyi,3700,21
Trevor Keegan,John Metchie III,3700,15
Trevor Keegan,Johnny Wilson,3700,15
Trevor Keegan,Keilan Robinson,3700,44
Trevor Keegan,Kendall Lamm,3700,16
Trevor Keegan,Kenyon Green,3700,56
Trevor Keegan,Kyle McCord,3700,92
Trevor Keegan,Kylen Granson,3700,22
Trevor Keegan,Laekin Vakalahi,3700,12
Trevor Keegan,Montrell Johnson Jr.,3700,44
Trevor Keegan,Myles Hinton,3700,97
Trevor Keegan,Nick Muse,3700,45
Trevor Keegan,ShunDerrick Powell,3700,25
Trevor Keegan,Taylor Morin,3700,36
Trevor Keegan,Terrace Marshall Jr.,3700,54
Trevor Lawrence,Anton Harrison,2250,11
Trevor Lawrence,Austin Trammell,2250,10
Trevor Lawrence,Brenton Strange,2250,23
Trevor Lawrence,Brian Thomas Jr.,2250,27
Trevor Lawrence,Chuma Edoga,2250,11
Trevor Lawrence,Dyami Brown,2250,9
Trevor Lawrence,Ezra Cleveland,2250,28
Trevor Lawrence,Fred Johnson,2250,17
Trevor Lawrence,Hunter Long,2250,4
Trevor Lawrence,Johnny Mundt,2250,9
Trevor Lawrence,Parker Washington,2250,19
Trevor Lawrence,Patrick Mekari,2250,17
Trevor Lawrence,Robert Hainsey,2250,28
Trevor Lawrence,Tank Bigsby,2250,9
Trevor Lawrence,Travis Etienne,2250,19
Trevor Lawrence,Travis Hunter,2250,10
Trevor Lawrence,Trenton Irwin,2250,1
Trevor Lawrence,Walker Little,2250,28
Trevor Nowaske,Ahmed Hassanein,1540,20
Trevor Nowaske,Al-Quadin Muhammad,1540,32
Trevor Nowaske,Allan George,1540,27
Trevor Nowaske,Anthony Pittman,1540,47
Trevor Nowaske,Avonte Maddox,1540,34
Trevor Nowaske,Brodric Martin,1540,56
Trevor Nowaske,Chris Smith,1540,49
Trevor Nowaske,D.J. Miller,1540,30
Trevor Nowaske,DaRon Gilbert,1540,22
Trevor Nowaske,Dan Jackson,1540,19
Trevor Nowaske,Dicaprio Bootle,1540,24
Trevor Nowaske,Ennis Rakestraw Jr.,1540,7
Trevor Nowaske,Erick Hallett,1540,56
Trevor Nowaske,Ezekiel Turner,1540,52
Trevor Nowaske,Grant Stuard,1540,46
Trevor Nowaske,Ian Kennelly,1540,77
Trevor Nowaske,Isaac Ukwu,1540,56
Trevor Nowaske,Keith Cooper,1540,67
Trevor Nowaske,Loren Strickland,1540,42
Trevor Nowaske,Luq Barcoo,1540,1
Trevor Nowaske,Mitchell Agude,1540,41
Trevor Nowaske,Morice Norris Jr.,1540,12
Trevor Nowaske,Myles Adams,1540,82
Trevor Nowaske,Nate Lynn,1540,21
Trevor Nowaske,Nick Whiteside,1540,65
Trevor Nowaske,Pat O'Connor,1540,25
Trevor Nowaske,Raequan Williams,1540,17
Trevor Nowaske,Rock Ya-Sin,1540,60
Trevor Nowaske,Tyleik Williams,1540,2
Trevor Nowaske,Tyson Russell,1540,59
Trevor Nowaske,Zach Cunningham,1540,22
Trevor Penning,Brandin Cooks,3300,7
Trevor Penning,Cam Akers,3300,3
Trevor Penning,Cedrick Wilson Jr.,3300,14
Trevor Penning,Cesar Ruiz,3300,8
Trevor Penning,Dillon Radunz,3300,9
Trevor Penning,Jack Stoll,3300,11
Trevor Penning,Juwan Johnson,3300,8
Trevor Penning,Kelvin Banks Jr.,3300,17
Trevor Penning,Kendre Miller,3300,14
Trevor Penning,Kevin Austin Jr.,3300,5
Trevor Penning,Kyle Hergel,3300,9
Trevor Penning,Mason Tipton,3300,16
Trevor Penning,Spencer Rattler,3300,17
Trevor Penning,Taliese Fuaga,3300,8
Trevor Penning,Torricelli Simpkins III,3300,15
Trevor Penning,Treyton Welch,3300,3
Trevor Penning,Velus Jones Jr.,3300,4
Trevor Penning,Will Clapp,3300,2
Trevor Siemian,Andrew Rupcich,2100,32
Trevor Siemian,Brandon Crenshaw-Dickson,2100,32
Trevor Siemian,Bryce Oliver,2100,15
Trevor Siemian,David Martin-Robinson,2100,7
Trevor Siemian,Drake Dabney,2100,14
Trevor Siemian,Jackson Slater,2100,32
Trevor Siemian,Jaelyn Duncan,2100,19
Trevor Siemian,James Proche,2100,15
Trevor Siemian,Jermar Jefferson,2100,9
Trevor Siemian,Jha'Quan Jackson,2100,6
Trevor Siemian,Jordan Mims,2100,21
Trevor Siemian,Josh Whyle,2100,10
Trevor Siemian,Kalel Mullings,2100,2
Trevor Siemian,Mason Kinsey,2100,21
Trevor Siemian,Olisaemeka Udoh,2100,13
Trevor Siemian,Sam Mustipher,2100,32
Trevor Siemian,T.J. Sheffield,2100,12
Trevor Siemian,Thomas Odukoya,2100,14
Trevor Siemian,Xavier Restrepo,2100,14
Trey Amos,Andre Jones Jr.,5110,8
Trey Amos,Antonio Hamilton,5110,8
Trey Amos,Ben Nikkel,5110,3
Trey Amos,Car'lin Vigers,5110,9
Trey Amos,Carl Davis,5110,11
Trey Amos,Clelin Ferrell,5110,14
Trey Amos,Daryl Worley,5110,14
Trey Amos,Dominique Hampton,5110,12
Trey Amos,Duke Riley,5110,3
Trey Amos,Eddie Goldman,5110,15
Trey Amos,Jacob Martin,5110,6
Trey Amos,Jalyn Holmes,5110,15
Trey Amos,Javontae Jean-Baptiste,5110,7
Trey Amos,Jer'Zhan Newton,5110,14
Trey Amos,Jeremy Reaves,5110,5
Trey Amos,Jordan Magee,5110,14
Trey Amos,Kain Medrano,5110,26
Trey Amos,Noah Igbinoghene,5110,23
Trey Amos,Percy Butler,5110,9
Trey Amos,Robert McDaniel,5110,14
Trey Amos,Sheldon Day,5110,13
Trey Amos,Tyler Owens,5110,14
Trey Amos,Viliami Fehoko Jr.,5110,3
Trey Benson,Christian Jones,3800,7
Trey Benson,Elijah Higgins,3800,13
Trey Benson,Evan Brown,3800,9
Trey Benson,Greg Dortch,3800,10
Trey Benson,Hayden Conner,3800,7
Trey Benson,Hjalte Froholdt,3800,9
Trey Benson,Isaiah Adams,3800,9
Trey Benson,Jacoby Brissett,3800,7
Trey Benson,Jonah Williams,3800,9
Trey Benson,Josh Fryar,3800,7
Trey Benson,Josiah Deguara,3800,1
Trey Benson,Kyler Murray,3800,9
Trey Benson,Marvin Harrison Jr.,3800,9
Trey Benson,Michael Wilson,3800,4
Trey Benson,Nick Leverett,3800,7
Trey Benson,Paris Johnson Jr.,3800,9
Trey Benson,Royce Newman,3800,7
Trey Benson,Tejhaun Palmer,3800,4
Trey Benson,Tip Reiman,3800,8
Trey Benson,Travis Vokolek,3800,2
Trey Benson,Trey McBride,3800,1
Trey Benson,Xavier Weaver,3800,7
Trey Benson,Zay Jones,3800,5
Trey Hill,Amar Johnson,1800,28
Trey Hill,Anthony Belton,1800,70
Trey Hill,Ben Sims,1800,26
Trey Hill,Brant Banks,1800,17
Trey Hill,Cornelius Johnson,1800,39
Trey Hill,Donovan Jennings,1800,53
Trey Hill,Emanuel Wilson,1800,12
Trey Hill,Isaiah Neyor,1800,37
Trey Hill,Israel Abanikanda,1800,25
Trey Hill,J.J. Lippe,1800,17
Trey Hill,Jacob Monk,1800,15
Trey Hill,Johnny Lumpkin,1800,27
Trey Hill,Julian Hicks,1800,45
Trey Hill,Kadeem Telfort,1800,53
Trey Hill,Kawaan Baker,1800,9
Trey Hill,Lecitus Smith,1800,29
Trey Hill,Malik Heath,1800,10
Trey Hill,Mecole Hardman,1800,11
Trey Hill,Messiah Swinson,1800,48
Trey Hill,Sean Clifford,1800,11
Trey Hill,Taylor Elgersma,1800,59
Trey Hill,Tyler Cooper,1800,26
Trey Hill,Tyrion Davis-Price,1800,5
Trey Hill,Will Sheppard,1800,28
Trey Lance,Andre James,4400,36
Trey Lance,Branson Taylor,4400,32
Trey Lance,Brenden Rice,4400,29
Trey Lance,Corey Stewart,4400,115
Trey Lance,Dalevon Campbell,4400,47
Trey Lance,David Sharpe,4400,39
Trey Lance,Derius Davis,4400,24
Trey Lance,Dez Fitzpatrick,4400,8
Trey Lance,Hassan Haskins,4400,23
Trey Lance,JaQuae Jackson,4400,26
Trey Lance,Jalen Reagor,4400,9
Trey Lance,Jamaree Salyer,4400,11
Trey Lance,Jaret Patterson,4400,8
Trey Lance,Jaylen Johnson,4400,40
Trey Lance,Josh Kaltenberger,4400,74
Trey Lance,Karsen Barnhart,4400,89
Trey Lance,KeAndre Lambert-Smith,4400,57
Trey Lance,Kimani Vidal,4400,22
Trey Lance,Luke Grimm,4400,22
Trey Lance,Nash Jones,4400,90
Trey Lance,Nyheim Hines,4400,37
Trey Lance,Omarion Hampton,4400,5
Trey Lance,Oronde Gadsden II,4400,72
Trey Lance,Raheim Sanders,4400,26
Trey Lance,Ryan Nelson,4400,97
Trey Lance,Scott Matlock,4400,21
Trey Lance,Stevo Klotz,4400,31
Trey Lance,Thomas Yassmin,4400,6
Trey Lance,Tre Harris,4400,49
Trey Lance,Trey Pipkins,4400,11
Trey Lance,Tucker Fisk,4400,39
Trey Lance,Will Dissly,4400,4
Trey Lance,Zion Johnson,4400,11
Trey McBride,Elijah Higgins,3800,2
Trey McBride,Evan Brown,3800,8
Trey McBride,Hjalte Froholdt,3800,8
Trey McBride,Isaiah Adams,3800,8
Trey McBride,James Conner,3800,7
Trey McBride,Jonah Williams,3800,8
Trey McBride,Kyler Murray,3800,8
Trey McBride,Marvin Harrison Jr.,3800,8
Trey McBride,Michael Wilson,3800,4
Trey McBride,Paris Johnson Jr.,3800,8
Trey McBride,Tip Reiman,3800,5
Trey McBride,Trey Benson,3800,1
Trey McBride,Zay Jones,3800,5
Trey Palmer,Ben Scott,4900,14
Trey Palmer,Benjamin Chukwuma,4900,27
Trey Palmer,Connor Bazelak,4900,6
Trey Palmer,Devin Culp,4900,11
Trey Palmer,Elijah Klein,4900,24
Trey Palmer,Garrett Greene,4900,3
Trey Palmer,Josh Williams,4900,15
Trey Palmer,Kameron Johnson,4900,6
Trey Palmer,Ko Kieft,4900,8
Trey Palmer,Kyle Trask,4900,21
Trey Palmer,Lorenz Metz,4900,3
Trey Palmer,Luke Haggard,4900,21
Trey Palmer,Mike Jordan,4900,16
Trey Palmer,Owen Wright,4900,8
Trey Palmer,Payne Durham,4900,9
Trey Palmer,Rakim Jarrett,4900,2
Trey Palmer,Ryan Miller,4900,22
Trey Palmer,Sean Tucker,4900,4
Trey Palmer,Sua Opeta,4900,6
Trey Palmer,Tanner Taula,4900,1
Trey Palmer,Tez Johnson,4900,19
Trey Palmer,Tyler McLellan,4900,24
Trey Pipkins,Bradley Bozeman,4400,7
Trey Pipkins,Corey Stewart,4400,11
Trey Pipkins,Derius Davis,4400,7
Trey Pipkins,JaQuae Jackson,4400,1
Trey Pipkins,Jamaree Salyer,4400,18
Trey Pipkins,Jaret Patterson,4400,4
Trey Pipkins,Joe Alt,4400,7
Trey Pipkins,Justin Herbert,4400,7
Trey Pipkins,Karsen Barnhart,4400,11
Trey Pipkins,KeAndre Lambert-Smith,4400,14
Trey Pipkins,Keenan Allen,4400,5
Trey Pipkins,Kimani Vidal,4400,2
Trey Pipkins,Ladd McConkey,4400,7
Trey Pipkins,Omarion Hampton,4400,12
Trey Pipkins,Oronde Gadsden II,4400,8
Trey Pipkins,Quentin Johnston,4400,3
Trey Pipkins,Scott Matlock,4400,5
Trey Pipkins,Tre Harris,4400,9
Trey Pipkins,Trey Lance,4400,11
Trey Pipkins,Tucker Fisk,4400,2
Trey Pipkins,Tyler Conklin,4400,4
Trey Pipkins,Will Dissly,4400,7
Trey Pipkins,Zion Johnson,4400,18
Trey Sermon,Aiden Williams,3900,13
Trey Sermon,Andrus Peat,3900,24
Trey Sermon,Brandon Johnson,3900,1
Trey Sermon,Broderick Jones,3900,1
Trey Sermon,Connor Heyward,3900,9
Trey Sermon,Darnell Washington,3900,1
Trey Sermon,Doug Nester,3900,24
Trey Sermon,Dylan Cook,3900,22
Trey Sermon,Gareth Warren,3900,13
Trey Sermon,JJ Galbreath,3900,27
Trey Sermon,Julian Pearl,3900,2
Trey Sermon,Ke'Shawn Williams,3900,18
Trey Sermon,Kevin Foelsch,3900,11
Trey Sermon,Lance McCutcheon,3900,21
Trey Sermon,Logan Woodside,3900,5
Trey Sermon,Mason McCormick,3900,1
Trey Sermon,Mason Rudolph,3900,1
Trey Sermon,Max Hurleman,3900,16
Trey Sermon,Max Scharping,3900,33
Trey Sermon,Robert Woods,3900,14
Trey Sermon,Roc Taylor,3900,10
Trey Sermon,Roman Wilson,3900,4
Trey Sermon,Ryan McCollum,3900,11
Trey Sermon,Scott Miller,3900,4
Trey Sermon,Skylar Thompson,3900,28
Trey Sermon,Spencer Anderson,3900,1
Trey Sermon,Steven Jones,3900,23
Trey Sermon,Troy Fautanu,3900,1
Trey Sermon,Zach Frazier,3900,1
Trey Smith,Brashard Smith,2310,2
Trey Smith,Carson Steele,2310,5
Trey Smith,Creed Humphrey,2310,40
Trey Smith,Elijah Mitchell,2310,5
Trey Smith,Gardner Minshew,2310,18
Trey Smith,Isiah Pacheco,2310,16
Trey Smith,Jalen Royals,2310,14
Trey Smith,Jared Wiley,2310,5
Trey Smith,Jason Brownlee,2310,1
Trey Smith,Jawaan Taylor,2310,22
Trey Smith,Jaylon Moore,2310,18
Trey Smith,Josh Simmons,2310,40
Trey Smith,JuJu Smith-Schuster,2310,20
Trey Smith,Kareem Hunt,2310,13
Trey Smith,Kingsley Suamataia,2310,40
Trey Smith,Nikko Remigio,2310,1
Trey Smith,Noah Gray,2310,26
Trey Smith,Patrick Mahomes,2310,22
Trey Smith,Rashee Rice,2310,20
Trey Smith,Robert Tonyan,2310,10
Trey Smith,Skyy Moore,2310,6
Trey Smith,Travis Kelce,2310,15
Trey Smith,Tyquan Thornton,2310,16
Trey Smith,Xavier Worthy,2310,25
Trey Taylor,Amari Gainer,2520,8
Trey Taylor,Andre Carter II,2520,29
Trey Taylor,Anthony Booker,2520,18
Trey Taylor,Charles Snowden,2520,21
Trey Taylor,Chris Smith II,2520,11
Trey Taylor,Cody Lindenberg,2520,58
Trey Taylor,Darien Porter,2520,6
Trey Taylor,Darnay Holmes,2520,16
Trey Taylor,Decamerion Richardson,2520,10
Trey Taylor,Greedy Vance,2520,20
Trey Taylor,Hudson Clark,2520,60
Trey Taylor,Isaiah Pola-Mao,2520,1
Trey Taylor,JJ Pegues,2520,43
Trey Taylor,JT Woods,2520,27
Trey Taylor,Jah Joyner,2520,31
Trey Taylor,Jahfari Harvey,2520,19
Trey Taylor,John Humphrey,2520,45
Trey Taylor,Keondre Coburn,2520,16
Trey Taylor,Kyu Kelly,2520,4
Trey Taylor,Leki Fotu,2520,6
Trey Taylor,Matt Jones,2520,32
Trey Taylor,Michael Barrett,2520,35
Trey Taylor,Ovie Oghoufo,2520,34
Trey Taylor,Sam Webb,2520,46
Trey Taylor,Thomas Booker,2520,4
Trey Taylor,Tommy Eichenberg,2520,12
Trey Taylor,Tonka Hemingway,2520,16
Trey Taylor,Treven Ma'ae,2520,43
Trey Taylor,Tyree Wilson,2520,1
Trey Taylor,Zachary Carter,2520,18
Trey Washington,Adetomiwa Adebawore,2200,9
Trey Washington,Alex Johnson,2200,75
Trey Washington,Austin Ajiake,2200,28
Trey Washington,BJ Mayes,2200,49
Trey Washington,Cameron McGrone,2200,2
Trey Washington,Chris Lammons,2200,14
Trey Washington,Daniel Scott,2200,95
Trey Washington,Desmond Little,2200,58
Trey Washington,Devonta Davis,2200,46
Trey Washington,Duke Shelley,2200,43
Trey Washington,Durell Nchami,2200,40
Trey Washington,Eric Johnson,2200,47
Trey Washington,Isaiah Land,2200,45
Trey Washington,JT Tuimoloau,2200,32
Trey Washington,Jacob Phillips,2200,24
Trey Washington,Jake Chaney,2200,12
Trey Washington,Johnathan Edwards,2200,21
Trey Washington,Joseph Vaughn,2200,12
Trey Washington,Josh Tupou,2200,53
Trey Washington,Julius Brents,2200,2
Trey Washington,Ladarius Tennison,2200,34
Trey Washington,Marcus Haynes,2200,26
Trey Washington,Neville Gallimore,2200,1
Trey Washington,Rodney Thomas,2200,2
Trey Washington,Samuel Womack,2200,14
Trey Washington,Segun Olubi,2200,70
Trey Washington,Solomon DeShields,2200,47
Trey Washington,Tim Smith,2200,55
Trey Washington,Tre Herndon,2200,19
Trey Wedig,A.J. Arcuri,2510,54
Trey Wedig,Anthony Torres,2510,5
Trey Wedig,Ben Dooley,2510,88
Trey Wedig,Brennan Presley,2510,72
Trey Wedig,Britain Covey,2510,77
Trey Wedig,Cody Schrader,2510,62
Trey Wedig,Drake Stoops,2510,31
Trey Wedig,Dresser Winn,2510,57
Trey Wedig,Jarquez Hunter,2510,10
Trey Wedig,John Leglue,2510,23
Trey Wedig,Jordan Waters,2510,16
Trey Wedig,KT Leveston,2510,88
Trey Wedig,Mario Williams,2510,22
Trey Wedig,Mark Redman,2510,47
Trey Wedig,McCallan Castles,2510,19
Trey Wedig,Mike Mcallister,2510,13
Trey Wedig,Stetson Bennett,2510,31
Trey Wedig,Terrance Ferguson,2510,20
Trey Wedig,Tru Edwards,2510,59
Trey Wedig,Willie Lampkin,2510,11
Trey Wedig,Wyatt Bowles,2510,75
Treyton Welch,Barry Wesley,3300,31
Treyton Welch,Bub Means,3300,5
Treyton Welch,Cam Akers,3300,14
Treyton Welch,Cedrick Wilson Jr.,3300,25
Treyton Welch,Cesar Ruiz,3300,11
Treyton Welch,Chris Olave,3300,9
Treyton Welch,Clyde Edwards-Helaire,3300,13
Treyton Welch,Dante Pettis,3300,7
Treyton Welch,Devin Neal,3300,6
Treyton Welch,Dillon Radunz,3300,34
Treyton Welch,Easton Kilty,3300,29
Treyton Welch,Jack Stoll,3300,7
Treyton Welch,Jonathan Mendoza,3300,7
Treyton Welch,Kelvin Banks Jr.,3300,12
Treyton Welch,Kendre Miller,3300,9
Treyton Welch,Kevin Austin Jr.,3300,27
Treyton Welch,Kyle Hergel,3300,15
Treyton Welch,Landon Young,3300,4
Treyton Welch,Mason Tipton,3300,31
Treyton Welch,Moliki Matavao,3300,9
Treyton Welch,Rashid Shaheed,3300,9
Treyton Welch,Shane Lemieux,3300,17
Treyton Welch,Spencer Rattler,3300,5
Treyton Welch,Taliese Fuaga,3300,9
Treyton Welch,Torricelli Simpkins III,3300,43
Treyton Welch,Trevor Penning,3300,3
Treyton Welch,Tyler Shough,3300,38
Treyton Welch,Velus Jones Jr.,3300,1
Trikweze Bridges,Caleb Murphy,4400,72
Trikweze Bridges,Christopher Hinton,4400,78
Trikweze Bridges,Da'Shawn Hand,4400,3
Trikweze Bridges,Deane Leonard,4400,16
Trikweze Bridges,Del'Shawn Phillips,4400,11
Trikweze Bridges,Emany Johnson,4400,125
Trikweze Bridges,Eric Rogers,4400,37
Trikweze Bridges,Garmon Randolph,4400,73
Trikweze Bridges,Harrison Hand,4400,18
Trikweze Bridges,Ja'Sir Taylor,4400,101
Trikweze Bridges,Jamaree Caldwell,4400,54
Trikweze Bridges,Jaylen Jones,4400,26
Trikweze Bridges,Jordan Oladokun,4400,24
Trikweze Bridges,Josh Fuga,4400,8
Trikweze Bridges,Junior Colson,4400,46
Trikweze Bridges,Justin Eboigbe,4400,54
Trikweze Bridges,Kana'i Mauga,4400,40
Trikweze Bridges,Kendall Williamson,4400,143
Trikweze Bridges,Kylan Guidry,4400,76
Trikweze Bridges,Kyle Kennard,4400,37
Trikweze Bridges,Marlowe Wax,4400,117
Trikweze Bridges,Myles Purchase,4400,90
Trikweze Bridges,Naquan Jones,4400,59
Trikweze Bridges,Nehemiah Shelton,4400,2
Trikweze Bridges,Nesta Jade Silvera,4400,55
Trikweze Bridges,Nikko Reed,4400,75
Trikweze Bridges,R.J. Mickens,4400,128
Trikweze Bridges,Scott Matlock,4400,17
Trikweze Bridges,TeRah Edwards,4400,60
Trikweze Bridges,Tony Jefferson,4400,31
Trikweze Bridges,Tre'Mon Morris-Brash,4400,103
Trikweze Bridges,Troy Dye,4400,21
Trishton Jackson,Andre Baccellia,3800,3
Trishton Jackson,Bam Knight,3800,5
Trishton Jackson,Bryson Green,3800,5
Trishton Jackson,Clayton Tune,3800,5
Trishton Jackson,Hayden Conner,3800,5
Trishton Jackson,Jake Curhan,3800,5
Trishton Jackson,Jeremiah Byers,3800,5
Trishton Jackson,Josiah Deguara,3800,3
Trishton Jackson,McClendon Curtis,3800,5
Trishton Jackson,Sincere Haynesworth,3800,5
Trishton Jackson,Travis Vokolek,3800,4
Tristin McCollum,Adoree' Jackson,3700,15
Tristin McCollum,Andre' Sam,3700,78
Tristin McCollum,Andrew Mukuba,3700,1
Tristin McCollum,Antwaun Powell-Ryland,3700,15
Tristin McCollum,Azeez Ojulari,3700,33
Tristin McCollum,Brandon Johnson,3700,13
Tristin McCollum,Byron Young,3700,36
Tristin McCollum,Dallas Gant,3700,28
Tristin McCollum,Eli Ricks,3700,38
Tristin McCollum,Gabe Hall,3700,64
Tristin McCollum,Jacob Sykes,3700,31
Tristin McCollum,Jakorian Bennett,3700,49
Tristin McCollum,Jeremiah Trotter Jr.,3700,46
Tristin McCollum,Jihaad Campbell,3700,11
Tristin McCollum,Joe Evans,3700,17
Tristin McCollum,Joshua Uche,3700,12
Tristin McCollum,Justin Rogers,3700,4
Tristin McCollum,Kelee Ringo,3700,24
Tristin McCollum,Lance Dixon,3700,33
Tristin McCollum,Mac McWilliams,3700,80
Tristin McCollum,Ochaun Mathis,3700,40
Tristin McCollum,Ogbo Okoronkwo,3700,49
Tristin McCollum,Parry Nickerson,3700,36
Tristin McCollum,Patrick Johnson,3700,45
Tristin McCollum,Smael Mondon Jr.,3700,76
Tristin McCollum,Sydney Brown,3700,18
Tristin McCollum,Tariq Castro-Fields,3700,7
Tristin McCollum,Ty Robinson,3700,71
Troy Dye,Benjamin St-Juste,4400,8
Troy Dye,Caleb Murphy,4400,25
Troy Dye,Christopher Hinton,4400,7
Troy Dye,Da'Shawn Hand,4400,13
Troy Dye,Deane Leonard,4400,15
Troy Dye,Garmon Randolph,4400,11
Troy Dye,Ja'Sir Taylor,4400,34
Troy Dye,Jamaree Caldwell,4400,19
Troy Dye,Junior Colson,4400,26
Troy Dye,Justin Eboigbe,4400,11
Troy Dye,Kendall Williamson,4400,4
Troy Dye,Kylan Guidry,4400,15
Troy Dye,Kyle Kennard,4400,3
Troy Dye,Marlowe Wax,4400,13
Troy Dye,Myles Purchase,4400,3
Troy Dye,Naquan Jones,4400,19
Troy Dye,Nikko Reed,4400,18
Troy Dye,Otito Ogbonnia,4400,10
Troy Dye,R.J. Mickens,4400,35
Troy Dye,Scott Matlock,4400,9
Troy Dye,Tarheeb Still,4400,8
Troy Dye,Tony Jefferson,4400,39
Troy Dye,Tre'Mon Morris-Brash,4400,24
Troy Dye,Trikweze Bridges,4400,21
Troy Fautanu,Ben Skowronek,3900,3
Troy Fautanu,Brandon Johnson,3900,17
Troy Fautanu,Broderick Jones,3900,35
Troy Fautanu,Connor Heyward,3900,15
Troy Fautanu,Darnell Washington,3900,21
Troy Fautanu,Jaylen Warren,3900,7
Troy Fautanu,Kaleb Johnson,3900,15
Troy Fautanu,Ke'Shawn Williams,3900,1
Troy Fautanu,Kenneth Gainwell,3900,12
Troy Fautanu,Lance McCutcheon,3900,13
Troy Fautanu,Mason McCormick,3900,35
Troy Fautanu,Mason Rudolph,3900,34
Troy Fautanu,Max Hurleman,3900,8
Troy Fautanu,Pat Freiermuth,3900,11
Troy Fautanu,Robert Woods,3900,10
Troy Fautanu,Roman Wilson,3900,25
Troy Fautanu,Scott Miller,3900,16
Troy Fautanu,Skylar Thompson,3900,1
Troy Fautanu,Spencer Anderson,3900,35
Troy Fautanu,Trey Sermon,3900,1
Troy Fautanu,Zach Frazier,3900,35
Troy Franklin,Adam Trautman,1400,12
Troy Franklin,Alex Forsyth,1400,47
Troy Franklin,Alex Palczewski,1400,36
Troy Franklin,Ben Powers,1400,20
Troy Franklin,Blake Watson,1400,7
Troy Franklin,Bo Nix,1400,20
Troy Franklin,Caden Prieskorn,1400,10
Troy Franklin,Caleb Lohner,1400,1
Troy Franklin,Calvin Throckmorton,1400,36
Troy Franklin,Courtland Sutton,1400,19
Troy Franklin,Devaughn Vele,1400,12
Troy Franklin,Evan Engram,1400,23
Troy Franklin,Frank Crum,1400,12
Troy Franklin,Garett Bolles,1400,20
Troy Franklin,J.K. Dobbins,1400,5
Troy Franklin,Jaleel McLaughlin,1400,10
Troy Franklin,Jarrett Stidham,1400,46
Troy Franklin,Jerjuan Newton,1400,2
Troy Franklin,Kyrese Rowan,1400,2
Troy Franklin,Lucas Krull,1400,33
Troy Franklin,Luke Wattenberg,1400,20
Troy Franklin,Marvin Mims Jr.,1400,18
Troy Franklin,Matt Peart,1400,47
Troy Franklin,Michael Bandy,1400,3
Troy Franklin,Mike McGlinchey,1400,20
Troy Franklin,Nick Gargiulo,1400,26
Troy Franklin,Pat Bryant,1400,43
Troy Franklin,Quinn Meinerz,1400,20
Troy Franklin,RJ Harvey,1400,18
Troy Franklin,Sam Ehlinger,1400,1
Troy Franklin,Trent Sherfield,1400,23
Troy Franklin,Tyler Badie,1400,27
Troy Franklin,Will Sherman,1400,31
Troy Pride,Alijah Clark,1200,44
Troy Pride,Andrew Booth,1200,46
Troy Pride,Bruce Harmon,1200,17
Troy Pride,Buddy Johnson,1200,43
Troy Pride,Christian Matthew,1200,23
Troy Pride,Damone Clark,1200,26
Troy Pride,Darius Harris,1200,65
Troy Pride,Denzel Daxon,1200,26
Troy Pride,Donovan Ezeiruaku,1200,32
Troy Pride,Earnest Brown IV,1200,46
Troy Pride,Israel Mukuamu,1200,88
Troy Pride,Jack Sanborn,1200,2
Troy Pride,James Houston,1200,76
Troy Pride,Jay Toia,1200,51
Troy Pride,Juanyeh Thomas,1200,10
Troy Pride,Justin Barron,1200,55
Troy Pride,Kemon Hall,1200,56
Troy Pride,Marist Liufau,1200,17
Troy Pride,Markquese Bell,1200,12
Troy Pride,Marshawn Kneeland,1200,4
Troy Pride,Mazi Smith,1200,39
Troy Pride,Michael Ojemudia,1200,22
Troy Pride,Mike Smith Jr.,1200,98
Troy Pride,Payton Turner,1200,38
Troy Pride,Perrion Winfrey,1200,63
Troy Pride,Robert Rochell,1200,18
Troy Pride,Sam Williams,1200,1
Troy Pride,Shemar James,1200,84
Troy Pride,Tommy Akingbesote,1200,42
Troy Pride,Tyrus Wheat,1200,85
Troy Pride,Zion Childress,1200,30
Tru Edwards,A.J. Arcuri,2510,54
Tru Edwards,Beaux Limmer,2510,9
Tru Edwards,Ben Dooley,2510,61
Tru Edwards,Brennan Presley,2510,50
Tru Edwards,Britain Covey,2510,59
Tru Edwards,Cody Schrader,2510,56
Tru Edwards,Drake Stoops,2510,13
Tru Edwards,Dresser Winn,2510,33
Tru Edwards,Jarquez Hunter,2510,10
Tru Edwards,John Leglue,2510,22
Tru Edwards,Jordan Waters,2510,10
Tru Edwards,Justin Dedich,2510,15
Tru Edwards,KT Leveston,2510,76
Tru Edwards,Mario Williams,2510,28
Tru Edwards,Mark Redman,2510,53
Tru Edwards,McCallan Castles,2510,18
Tru Edwards,Mike Mcallister,2510,13
Tru Edwards,Stetson Bennett,2510,43
Tru Edwards,Terrance Ferguson,2510,7
Tru Edwards,Trey Wedig,2510,59
Tru Edwards,Willie Lampkin,2510,17
Tru Edwards,Wyatt Bowles,2510,54
Truman Jones,Alex Austin,3200,26
Truman Jones,Anfernee Jennings,3200,20
Truman Jones,Bradyn Swinson,3200,24
Truman Jones,Brandon Crossley,3200,36
Truman Jones,Brenden Schooler,3200,2
Truman Jones,Cam Riley,3200,30
Truman Jones,Christian Elliss,3200,17
Truman Jones,Craig Woodson,3200,30
Truman Jones,DJ James,3200,22
Truman Jones,David Olajiga,3200,17
Truman Jones,Dell Pettus,3200,44
Truman Jones,Elijah Ponder,3200,20
Truman Jones,Isaiah Bolden,3200,10
Truman Jones,Isaiah Iton,3200,25
Truman Jones,Jabrill Peppers,3200,24
Truman Jones,Jack Gibbens,3200,26
Truman Jones,Jahvaree Ritzie,3200,19
Truman Jones,Jaylinn Hawkins,3200,18
Truman Jones,Jeremiah Pharms Jr.,3200,41
Truman Jones,Jordan Polk,3200,37
Truman Jones,Josh Minkins,3200,5
Truman Jones,Joshua Farmer,3200,33
Truman Jones,K'Lavon Chaisson,3200,2
Truman Jones,Keion White,3200,28
Truman Jones,Khyiris Tonga,3200,13
Truman Jones,Kobee Minor,3200,50
Truman Jones,Kyle Dugger,3200,48
Truman Jones,Kyle Peko,3200,33
Truman Jones,Marcus Epps,3200,53
Truman Jones,Marcus Jones,3200,17
Truman Jones,Marte Mapu,3200,24
Truman Jones,Miles Battle,3200,36
Truman Jones,Milton Williams,3200,13
Truman Jones,Monty Rice,3200,45
Truman Jones,Philip Blidi,3200,10
Truman Jones,R.J. Moten,3200,12
Truman Jones,Robert Spillane,3200,18
Truman Jones,Tre Avery,3200,12
Trystan Colon,Colby Sorsdal,1540,17
Trystan Colon,Craig Reynolds,1540,13
Trystan Colon,Dominic Lovett,1540,15
Trystan Colon,Giovanni Manu,1540,37
Trystan Colon,Hendon Hooker,1540,37
Trystan Colon,Isaac TeSlaa,1540,20
Trystan Colon,Jabari Small,1540,20
Trystan Colon,Jackson Meeks,1540,27
Trystan Colon,Jacob Saylors,1540,4
Trystan Colon,Jakobie Keeney-James,1540,10
Trystan Colon,Kayode Awosika,1540,20
Trystan Colon,Kenny Yeboah,1540,15
Trystan Colon,Malik Taylor,1540,7
Trystan Colon,Mason Miller,1540,37
Trystan Colon,Michael Niese,1540,17
Trystan Colon,Ronnie Bell,1540,4
Trystan Colon,Shane Zylstra,1540,16
Trystan Colon,Tate Ratledge,1540,20
Trystan Colon,Tom Kennedy,1540,20
Trystan Colon,Zach Horton,1540,14
Tua Tagovailoa,Aaron Brewer,2700,28
Tua Tagovailoa,De'Von Achane,2700,8
Tua Tagovailoa,Dee Eskridge,2700,21
Tua Tagovailoa,James Daniels,2700,28
Tua Tagovailoa,Jaylen Waddle,2700,5
Tua Tagovailoa,Jaylen Wright,2700,7
Tua Tagovailoa,Jonah Savaiinaea,2700,28
Tua Tagovailoa,Julian Hill,2700,11
Tua Tagovailoa,Larry Borom,2700,28
Tua Tagovailoa,Malik Washington,2700,17
Tua Tagovailoa,Nick Westbrook-Ikhine,2700,25
Tua Tagovailoa,Ollie Gordon II,2700,13
Tua Tagovailoa,Patrick Paul,2700,28
Tua Tagovailoa,Pharaoh Brown,2700,17
Tua Tagovailoa,Tahj Washington,2700,1
Tua Tagovailoa,Tanner Conner,2700,15
Tucker Fisk,Andre James,4400,27
Tucker Fisk,Branson Taylor,4400,37
Tucker Fisk,Brenden Rice,4400,19
Tucker Fisk,Corey Stewart,4400,70
Tucker Fisk,DJ Uiagalelei,4400,22
Tucker Fisk,Dalevon Campbell,4400,34
Tucker Fisk,David Sharpe,4400,22
Tucker Fisk,Derius Davis,4400,4
Tucker Fisk,Dez Fitzpatrick,4400,5
Tucker Fisk,Hassan Haskins,4400,13
Tucker Fisk,JaQuae Jackson,4400,17
Tucker Fisk,Jalen Reagor,4400,2
Tucker Fisk,Jamaree Salyer,4400,7
Tucker Fisk,Jaret Patterson,4400,4
Tucker Fisk,Jaylen Johnson,4400,9
Tucker Fisk,Jordan Petaia,4400,3
Tucker Fisk,Josh Kaltenberger,4400,47
Tucker Fisk,Karsen Barnhart,4400,54
Tucker Fisk,KeAndre Lambert-Smith,4400,26
Tucker Fisk,Kimani Vidal,4400,23
Tucker Fisk,Luke Grimm,4400,6
Tucker Fisk,Nash Jones,4400,51
Tucker Fisk,Nyheim Hines,4400,15
Tucker Fisk,Omarion Hampton,4400,2
Tucker Fisk,Oronde Gadsden II,4400,11
Tucker Fisk,Raheim Sanders,4400,18
Tucker Fisk,Ryan Nelson,4400,54
Tucker Fisk,Scott Matlock,4400,27
Tucker Fisk,Stevo Klotz,4400,29
Tucker Fisk,Taylor Heinicke,4400,14
Tucker Fisk,Thomas Yassmin,4400,3
Tucker Fisk,Tre Harris,4400,24
Tucker Fisk,Trey Lance,4400,39
Tucker Fisk,Trey Pipkins,4400,2
Tucker Fisk,Tyler Conklin,4400,1
Tucker Fisk,Will Dissly,4400,2
Tucker Fisk,Zion Johnson,4400,7
Tucker Kraft,Aaron Banks,1800,8
Tucker Kraft,Chris Brooks,1800,12
Tucker Kraft,Donovan Jennings,1800,7
Tucker Kraft,Elgton Jenkins,1800,8
Tucker Kraft,Jordan Love,1800,8
Tucker Kraft,Jordan Morgan,1800,15
Tucker Kraft,Josh Jacobs,1800,3
Tucker Kraft,Luke Musgrave,1800,9
Tucker Kraft,Malik Heath,1800,7
Tucker Kraft,Malik Willis,1800,7
Tucker Kraft,Matthew Golden,1800,14
Tucker Kraft,Rasheed Walker,1800,7
Tucker Kraft,Romeo Doubs,1800,15
Tucker Kraft,Sean Rhyan,1800,15
Tucker Kraft,Zach Tom,1800,15
Tuli Tuipulotu,Alohi Gilman,4400,6
Tuli Tuipulotu,Benjamin St-Juste,4400,6
Tuli Tuipulotu,Bud Dupree,4400,6
Tuli Tuipulotu,Daiyan Henley,4400,6
Tuli Tuipulotu,Denzel Perryman,4400,6
Tuli Tuipulotu,Donte Jackson,4400,6
Tuli Tuipulotu,Elijah Molden,4400,6
Tuli Tuipulotu,Otito Ogbonnia,4400,6
Tuli Tuipulotu,Tarheeb Still,4400,6
Tuli Tuipulotu,Teair Tart,4400,6
Ty Chandler,Ben Yurosek,3000,20
Ty Chandler,Blake Brandel,3000,22
Ty Chandler,Bryson Nesbit,3000,2
Ty Chandler,Giovanni Ricci,3000,9
Ty Chandler,Henry Byrd,3000,22
Ty Chandler,Jalen Nailor,3000,11
Ty Chandler,Jeshaun Jones,3000,1
Ty Chandler,Joe Huber,3000,22
Ty Chandler,Lucky Jackson,3000,21
Ty Chandler,Michael Jurgens,3000,22
Ty Chandler,Sam Howell,3000,22
Ty Chandler,Tai Felton,3000,18
Ty Chandler,Thayer Thomas,3000,6
Ty Chandler,Walter Rouse,3000,22
Ty Hamilton,A.J. Green,2510,21
Ty Hamilton,Brennan Jackson,2510,26
Ty Hamilton,Cam Lampkin,2510,29
Ty Hamilton,Charles Woods,2510,21
Ty Hamilton,Derion Kendrick,2510,19
Ty Hamilton,Desjuan Johnson,2510,11
Ty Hamilton,Elias Neal,2510,12
Ty Hamilton,Jack Heflin,2510,16
Ty Hamilton,Josaiah Stewart,2510,9
Ty Hamilton,Josh Pearcy,2510,13
Ty Hamilton,Josh Wallace,2510,19
Ty Hamilton,Keir Thomas,2510,16
Ty Hamilton,Larrell Murchison,2510,39
Ty Hamilton,Malik Dixon-Williams,2510,20
Ty Hamilton,Nate Valcarcel,2510,17
Ty Hamilton,Nick Hampton,2510,28
Ty Hamilton,Pooh Paul Jr.,2510,34
Ty Hamilton,Shaun Dolac,2510,33
Ty Hamilton,Shaun Jolly,2510,28
Ty Hamilton,Tanner Ingle,2510,37
Ty Hamilton,Tony Fields II,2510,12
Ty Johnson,Connor McGovern,0610,8
Ty Johnson,Dalton Kincaid,0610,2
Ty Johnson,David Edwards,0610,8
Ty Johnson,Dawson Knox,0610,3
Ty Johnson,Dion Dawkins,0610,8
Ty Johnson,Elijah Moore,0610,3
Ty Johnson,Jackson Hawes,0610,3
Ty Johnson,Josh Palmer,0610,8
Ty Johnson,Keon Coleman,0610,8
Ty Johnson,Mitchell Trubisky,0610,8
Ty Johnson,O'Cyrus Torrence,0610,8
Ty Johnson,Reggie Gilliam,0610,5
Ty Johnson,Ryan Van Demark,0610,8
Ty Okada,Alphonzo Tuputala,4600,18
Ty Okada,Anthony Campbell,4600,14
Ty Okada,Brandon Pili,4600,27
Ty Okada,Connor O'Toole,4600,77
Ty Okada,D'Anthony Bell,4600,104
Ty Okada,D'Eryk Jackson,4600,54
Ty Okada,Damarion Williams,4600,102
Ty Okada,Drake Thomas,4600,101
Ty Okada,Isas Waxter,4600,18
Ty Okada,J.R. Singleton,4600,54
Ty Okada,Jalan Gaines,4600,16
Ty Okada,Jamie Sheriff,4600,49
Ty Okada,Jared Ivey,4600,77
Ty Okada,Jerrick Reed II,4600,55
Ty Okada,Josh Jobe,4600,21
Ty Okada,Keydrain Calligan,4600,45
Ty Okada,Mike Morris,4600,42
Ty Okada,Nehemiah Pritchett,4600,49
Ty Okada,Nick Emmanwori,4600,15
Ty Okada,Patrick O'Connell,4600,63
Ty Okada,Quinton Bohanna,4600,51
Ty Okada,Seth Coleman,4600,31
Ty Okada,Shaquill Griffin,4600,24
Ty Okada,Tyler Hall,4600,51
Ty Okada,Tyreke Smith,4600,46
Ty Okada,Wy'Kevious Thomas,4600,56
Ty Robinson,A.J. Woods,3700,1
Ty Robinson,Adoree' Jackson,3700,30
Ty Robinson,Andre' Sam,3700,64
Ty Robinson,Andrew Mukuba,3700,13
Ty Robinson,Antwaun Powell-Ryland,3700,11
Ty Robinson,Azeez Ojulari,3700,45
Ty Robinson,Brandon Johnson,3700,27
Ty Robinson,Byron Young,3700,34
Ty Robinson,Dallas Gant,3700,22
Ty Robinson,Eli Ricks,3700,27
Ty Robinson,Gabe Hall,3700,66
Ty Robinson,Jacob Sykes,3700,22
Ty Robinson,Jakorian Bennett,3700,44
Ty Robinson,Jeremiah Trotter Jr.,3700,55
Ty Robinson,Jihaad Campbell,3700,25
Ty Robinson,Joe Evans,3700,14
Ty Robinson,Joshua Uche,3700,27
Ty Robinson,Justin Rogers,3700,1
Ty Robinson,Kelee Ringo,3700,37
Ty Robinson,Lance Dixon,3700,31
Ty Robinson,Lewis Cine,3700,10
Ty Robinson,Mac McWilliams,3700,62
Ty Robinson,Maxen Hook,3700,9
Ty Robinson,Ochaun Mathis,3700,29
Ty Robinson,Ogbo Okoronkwo,3700,48
Ty Robinson,Parry Nickerson,3700,26
Ty Robinson,Patrick Johnson,3700,44
Ty Robinson,Smael Mondon Jr.,3700,71
Ty Robinson,Sydney Brown,3700,37
Ty Robinson,Tariq Castro-Fields,3700,17
Ty Robinson,Tristin McCollum,3700,71
Ty'Ron Hopper,Arron Mosby,1800,29
Ty'Ron Hopper,Barryn Sorrell,1800,19
Ty'Ron Hopper,Bo Melton,1800,63
Ty'Ron Hopper,Brenton Cox Jr.,1800,50
Ty'Ron Hopper,Colby Wooden,1800,38
Ty'Ron Hopper,Corey Ballentine,1800,6
Ty'Ron Hopper,Deslin Alexandre,1800,21
Ty'Ron Hopper,Isaiah Dunn,1800,6
Ty'Ron Hopper,Isaiah Simmons,1800,85
Ty'Ron Hopper,James Ester,1800,9
Ty'Ron Hopper,Johnathan Baldwin,1800,43
Ty'Ron Hopper,Kalen King,1800,66
Ty'Ron Hopper,Kamal Hadden,1800,51
Ty'Ron Hopper,Karl Brooks,1800,37
Ty'Ron Hopper,Keith Randolph Jr.,1800,5
Ty'Ron Hopper,Kingsley Enagbare,1800,51
Ty'Ron Hopper,Kitan Oladapo,1800,79
Ty'Ron Hopper,Kristian Welch,1800,21
Ty'Ron Hopper,Micah Robinson,1800,36
Ty'Ron Hopper,Nazir Stackhouse,1800,38
Ty'Ron Hopper,Omar Brown,1800,48
Ty'Ron Hopper,Tyron Herring,1800,6
Ty'Ron Hopper,Warren Brinson,1800,43
Tycen Anderson,Barrett Carter,0920,53
Tycen Anderson,Bralyn Lux,0920,45
Tycen Anderson,Cam Taylor-Britt,0920,4
Tycen Anderson,Cameron Sample,0920,26
Tycen Anderson,D.J. Ivey,0920,53
Tycen Anderson,Daijahn Anthony,0920,40
Tycen Anderson,Daxton Hill,0920,4
Tycen Anderson,Demetrius Knight Jr.,0920,4
Tycen Anderson,Eric Gregory,0920,19
Tycen Anderson,Howard Cross III,0920,47
Tycen Anderson,Isaiah Thomas,0920,27
Tycen Anderson,Jalen Davis,0920,4
Tycen Anderson,Joe Giles-Harris,0920,4
Tycen Anderson,Jordan Battle,0920,4
Tycen Anderson,Joseph Ossai,0920,4
Tycen Anderson,Josh Newton,0920,3
Tycen Anderson,Kris Jenkins,0920,4
Tycen Anderson,Logan Wilson,0920,4
Tycen Anderson,Marco Wilson,0920,26
Tycen Anderson,McKinnley Jackson,0920,28
Tycen Anderson,McTelvin Agim,0920,1
Tycen Anderson,Nate Brooks,0920,27
Tycen Anderson,Oren Burks,0920,27
Tycen Anderson,PJ Jules,0920,13
Tycen Anderson,Raymond Johnson III,0920,26
Tycen Anderson,Shaka Heyward,0920,30
Tycen Anderson,Shemar Stewart,0920,20
Tycen Anderson,Taven Bryan,0920,19
Tycen Anderson,Tedarrell Slaton,0920,4
Tyjae Spears,Andrew Rupcich,2100,6
Tyjae Spears,Brandon Allen,2100,3
Tyjae Spears,Brenden Jaimes,2100,3
Tyjae Spears,Bryce Oliver,2100,2
Tyjae Spears,Calvin Ridley,2100,3
Tyjae Spears,Cameron Ward,2100,3
Tyjae Spears,Chig Okonkwo,2100,3
Tyjae Spears,Chimere Dike,2100,3
Tyjae Spears,Corey Levin,2100,3
Tyjae Spears,Dan Moore Jr.,2100,3
Tyjae Spears,David Martin-Robinson,2100,1
Tyjae Spears,Elic Ayomanor,2100,3
Tyjae Spears,Gunnar Helm,2100,3
Tyjae Spears,JC Latham,2100,3
Tyjae Spears,Jackson Slater,2100,3
Tyjae Spears,John Ojukwu,2100,3
Tyjae Spears,Olisaemeka Udoh,2100,3
Tyjae Spears,Peter Skoronski,2100,3
Tyjae Spears,Tyler Lockett,2100,3
Tyjae Spears,Van Jefferson,2100,3
Tykee Smith,Calijah Kancey,4900,7
Tykee Smith,Christian Izien,4900,7
Tykee Smith,Deion Jones,4900,7
Tykee Smith,Haason Reddick,4900,7
Tykee Smith,Jacob Parrish,4900,5
Tykee Smith,Jamel Dean,4900,7
Tykee Smith,Logan Hall,4900,2
Tykee Smith,SirVocea Dennis,4900,7
Tykee Smith,Vita Vea,4900,7
Tykee Smith,Yaya Diaby,4900,7
Tykee Smith,Zyon McCollum,4900,7
Tylan Wallace,Andrew Vorhees,0325,15
Tylan Wallace,Charlie Kolar,0325,14
Tylan Wallace,Cooper Rush,0325,15
Tylan Wallace,Corey Bullock,0325,15
Tylan Wallace,D'Ernest Johnson,0325,3
Tylan Wallace,Daniel Faalele,0325,15
Tylan Wallace,Dayton Wade,0325,3
Tylan Wallace,Devontez Walker,0325,15
Tylan Wallace,Joe Noteboom,0325,15
Tylan Wallace,Keaton Mitchell,0325,7
Tylan Wallace,LaJohntay Wester,0325,6
Tylan Wallace,Lucas Scott,0325,6
Tylan Wallace,Rasheen Ali,0325,5
Tylan Wallace,Roger Rosengarten,0325,15
Tylan Wallace,Scotty Washington,0325,1
Tyleik Williams,Al-Quadin Muhammad,1540,14
Tyleik Williams,Avonte Maddox,1540,12
Tyleik Williams,Chris Smith,1540,13
Tyleik Williams,Dicaprio Bootle,1540,8
Tyleik Williams,Erick Hallett,1540,8
Tyleik Williams,Grant Stuard,1540,14
Tyleik Williams,Ian Kennelly,1540,14
Tyleik Williams,Keith Cooper,1540,3
Tyleik Williams,Nate Lynn,1540,12
Tyleik Williams,Nick Whiteside,1540,6
Tyleik Williams,Rock Ya-Sin,1540,14
Tyleik Williams,Trevor Nowaske,1540,2
Tyleik Williams,Tyson Russell,1540,6
Tyleik Williams,Zach Cunningham,1540,14
Tyler Badie,A.T. Perry,1400,4
Tyler Badie,Adam Prentice,1400,5
Tyler Badie,Adam Trautman,1400,4
Tyler Badie,Alex Forsyth,1400,35
Tyler Badie,Alex Palczewski,1400,29
Tyler Badie,Ben Powers,1400,9
Tyler Badie,Bo Nix,1400,9
Tyler Badie,Caden Prieskorn,1400,14
Tyler Badie,Caleb Lohner,1400,4
Tyler Badie,Calvin Throckmorton,1400,29
Tyler Badie,Clay Webb,1400,3
Tyler Badie,Courtland Sutton,1400,9
Tyler Badie,Courtney Jackson,1400,3
Tyler Badie,Devaughn Vele,1400,5
Tyler Badie,Evan Engram,1400,7
Tyler Badie,Frank Crum,1400,16
Tyler Badie,Garett Bolles,1400,9
Tyler Badie,Jarrett Stidham,1400,25
Tyler Badie,Jerjuan Newton,1400,11
Tyler Badie,Joseph Michalski,1400,3
Tyler Badie,Kyrese Rowan,1400,4
Tyler Badie,Lucas Krull,1400,31
Tyler Badie,Luke Wattenberg,1400,9
Tyler Badie,Marques Cox,1400,3
Tyler Badie,Marvin Mims Jr.,1400,9
Tyler Badie,Matt Peart,1400,35
Tyler Badie,Michael Bandy,1400,7
Tyler Badie,Mike McGlinchey,1400,9
Tyler Badie,Nick Gargiulo,1400,18
Tyler Badie,Pat Bryant,1400,30
Tyler Badie,Quinn Meinerz,1400,9
Tyler Badie,Sam Ehlinger,1400,13
Tyler Badie,Trent Sherfield,1400,14
Tyler Badie,Troy Franklin,1400,27
Tyler Badie,Will Sherman,1400,16
Tyler Badie,Xavier Truss,1400,3
Tyler Baron,Aaron Smith,3430,33
Tyler Baron,Andre Cisco,3430,3
Tyler Baron,Braiden McGregor,3430,26
Tyler Baron,Brandon Stephens,3430,3
Tyler Baron,Dean Clark,3430,55
Tyler Baron,Derrick Nnadi,3430,15
Tyler Baron,Eric Watts,3430,17
Tyler Baron,Fatorma Mulbah,3430,16
Tyler Baron,Francisco Mauigoa,3430,24
Tyler Baron,Isaiah Oliver,3430,25
Tyler Baron,Ja'Markis Weston n,3430,9
Tyler Baron,Jackson Sirmon,3430,13
Tyler Baron,Jamien Sherwood,3430,3
Tyler Baron,Jamin Davis,3430,8
Tyler Baron,Jarius Monroe,3430,30
Tyler Baron,Jarrick Bernard-Converse,3430,34
Tyler Baron,Jay Tufele,3430,7
Tyler Baron,Jordan Clark,3430,29
Tyler Baron,Kingsley Jonathan,3430,13
Tyler Baron,Leonard Taylor III,3430,33
Tyler Baron,Malachi Moore,3430,38
Tyler Baron,Marcelino McCrary-Ball,3430,11
Tyler Baron,Mario Goodrich,3430,24
Tyler Baron,Michael Carter II,3430,3
Tyler Baron,Michael Fletcher,3430,4
Tyler Baron,Micheal Clemons,3430,3
Tyler Baron,Payton Page,3430,37
Tyler Baron,Phidarian Mathis,3430,19
Tyler Baron,Quincy Williams,3430,3
Tyler Baron,Qwan'tez Stiggers,3430,18
Tyler Baron,Rashad Weaver,3430,5
Tyler Baron,Ryan Cooper Jr.,3430,21
Tyler Baron,Tanner McCalister,3430,24
Tyler Baron,Tony Adams,3430,3
Tyler Baron,Zaire Barnes,3430,41
Tyler Batty,Ambry Thomas,3000,8
Tyler Batty,Austin Keys,3000,21
Tyler Batty,Bo Richter,3000,22
Tyler Batty,Brian Asamoah,3000,9
Tyler Batty,Cam Gill,3000,3
Tyler Batty,Chaz Chambliss,3000,30
Tyler Batty,Dallas Turner,3000,1
Tyler Batty,Dorian Mausi,3000,7
Tyler Batty,Dwight McGlothern,3000,24
Tyler Batty,Elijah Williams,3000,22
Tyler Batty,Eric Wilson,3000,1
Tyler Batty,Gabriel Murphy,3000,22
Tyler Batty,Isaiah Rodgers,3000,2
Tyler Batty,Ivan Pace Jr.,3000,2
Tyler Batty,Jalen Redmond,3000,6
Tyler Batty,Jay Ward,3000,34
Tyler Batty,Jeff Okudah,3000,2
Tyler Batty,Jonathan Harris,3000,12
Tyler Batty,Kahlef Hailassie,3000,19
Tyler Batty,Kobe King,3000,37
Tyler Batty,Levi Drake Rodriguez,3000,4
Tyler Batty,Mekhi Blackmon,3000,34
Tyler Batty,Mishael Powell,3000,8
Tyler Batty,Reddy Steward,3000,8
Tyler Batty,Taki Taimani,3000,15
Tyler Batty,Tavierre Thomas,3000,37
Tyler Batty,Theo Jackson,3000,2
Tyler Batty,Travis Bell,3000,19
Tyler Batty,Tyrion Ingram-Dawkins,3000,19
Tyler Batty,Zemaiah Vaughn,3000,40
Tyler Biadasz,Andrew Wylie,5110,7
Tyler Biadasz,Ben Sinnott,5110,1
Tyler Biadasz,Chris Paul,5110,7
Tyler Biadasz,Chris Rodriguez Jr.,5110,4
Tyler Biadasz,Deebo Samuel Sr.,5110,4
Tyler Biadasz,Jacory Croskey-Merritt,5110,3
Tyler Biadasz,Jayden Daniels,5110,4
Tyler Biadasz,Jaylin Lane,5110,6
Tyler Biadasz,John Bates,5110,7
Tyler Biadasz,Josh Conerly Jr.,5110,7
Tyler Biadasz,Josh Johnson,5110,3
Tyler Biadasz,K.J. Osborn,5110,3
Tyler Biadasz,Luke McCaffrey,5110,7
Tyler Biadasz,Nick Allegretti,5110,7
Tyler Booker,Brock Hoffman,1200,15
Tyler Booker,Cooper Beebe,1200,11
Tyler Booker,Deuce Vaughn,1200,16
Tyler Booker,Hakeem Adeniji,1200,26
Tyler Booker,Hunter Luepke,1200,5
Tyler Booker,Jalen Brooks,1200,3
Tyler Booker,Jalen Cropper,1200,18
Tyler Booker,Jalen Tolbert,1200,11
Tyler Booker,Joe Milton III,1200,26
Tyler Booker,John Stephens Jr.,1200,11
Tyler Booker,Jonathan Mingo,1200,22
Tyler Booker,Luke Schoonmaker,1200,11
Tyler Booker,Miles Sanders,1200,10
Tyler Booker,Nathan Thomas,1200,26
Tyler Booker,Princeton Fant,1200,6
Tyler Booker,Rivaldo Fairweather,1200,1
Tyler Booker,Ryan Flournoy,1200,15
Tyler Booker,TJ Bass,1200,26
Tyler Booker,Tyler Neville,1200,1
Tyler Conklin,Andre James,4400,2
Tyler Conklin,Bradley Bozeman,4400,4
Tyler Conklin,Corey Stewart,4400,2
Tyler Conklin,Jamaree Salyer,4400,6
Tyler Conklin,Joe Alt,4400,4
Tyler Conklin,Justin Herbert,4400,4
Tyler Conklin,Karsen Barnhart,4400,2
Tyler Conklin,KeAndre Lambert-Smith,4400,5
Tyler Conklin,Keenan Allen,4400,4
Tyler Conklin,Kimani Vidal,4400,2
Tyler Conklin,Ladd McConkey,4400,4
Tyler Conklin,Omarion Hampton,4400,4
Tyler Conklin,Quentin Johnston,4400,1
Tyler Conklin,Scott Matlock,4400,2
Tyler Conklin,Taylor Heinicke,4400,2
Tyler Conklin,Tre Harris,4400,1
Tyler Conklin,Trey Pipkins,4400,4
Tyler Conklin,Tucker Fisk,4400,1
Tyler Conklin,Zion Johnson,4400,6
Tyler Cooper,Amar Johnson,1800,23
Tyler Cooper,Anthony Belton,1800,41
Tyler Cooper,Ben Sims,1800,12
Tyler Cooper,Brant Banks,1800,27
Tyler Cooper,Cornelius Johnson,1800,42
Tyler Cooper,Donovan Jennings,1800,35
Tyler Cooper,Emanuel Wilson,1800,2
Tyler Cooper,Isaiah Neyor,1800,36
Tyler Cooper,Israel Abanikanda,1800,26
Tyler Cooper,J.J. Lippe,1800,27
Tyler Cooper,Johnny Lumpkin,1800,27
Tyler Cooper,Julian Hicks,1800,38
Tyler Cooper,Kadeem Telfort,1800,56
Tyler Cooper,Kawaan Baker,1800,8
Tyler Cooper,Lecitus Smith,1800,36
Tyler Cooper,Malik Heath,1800,2
Tyler Cooper,Mecole Hardman,1800,7
Tyler Cooper,Messiah Swinson,1800,49
Tyler Cooper,Sean Clifford,1800,30
Tyler Cooper,Taylor Elgersma,1800,32
Tyler Cooper,Trey Hill,1800,26
Tyler Cooper,Tyrion Davis-Price,1800,11
Tyler Cooper,Will Sheppard,1800,27
Tyler Goodson,Adonai Mitchell,2200,18
Tyler Goodson,Andrew Ogletree,2200,8
Tyler Goodson,Anthony Gould,2200,13
Tyler Goodson,Anthony Richardson,2200,8
Tyler Goodson,Ashton Dulin,2200,18
Tyler Goodson,Blake Freeland,2200,14
Tyler Goodson,Dalton Tucker,2200,18
Tyler Goodson,Daniel Jones,2200,10
Tyler Goodson,Jalen Travis,2200,18
Tyler Goodson,Luke Tenuta,2200,4
Tyler Goodson,Matt Goncalves,2200,18
Tyler Goodson,Tanor Bortolini,2200,18
Tyler Goodson,Tyler Warren,2200,4
Tyler Goodson,Will Mallory,2200,11
Tyler Hall,Alphonzo Tuputala,4600,4
Tyler Hall,Anthony Campbell,4600,8
Tyler Hall,Brandon Pili,4600,14
Tyler Hall,Connor O'Toole,4600,48
Tyler Hall,D'Anthony Bell,4600,42
Tyler Hall,D'Eryk Jackson,4600,53
Tyler Hall,Damarion Williams,4600,77
Tyler Hall,Drake Thomas,4600,57
Tyler Hall,Isas Waxter,4600,31
Tyler Hall,J.R. Singleton,4600,28
Tyler Hall,Jalan Gaines,4600,17
Tyler Hall,Jamie Sheriff,4600,19
Tyler Hall,Jared Ivey,4600,47
Tyler Hall,Jerrick Reed II,4600,42
Tyler Hall,Kam Alexander,4600,5
Tyler Hall,Keydrain Calligan,4600,24
Tyler Hall,Michael Dowell,4600,15
Tyler Hall,Mike Morris,4600,27
Tyler Hall,Nehemiah Pritchett,4600,34
Tyler Hall,Patrick O'Connell,4600,18
Tyler Hall,Quinton Bohanna,4600,21
Tyler Hall,Seth Coleman,4600,22
Tyler Hall,Shaquill Griffin,4600,2
Tyler Hall,Ty Okada,4600,51
Tyler Hall,Tyreke Smith,4600,30
Tyler Hall,Wy'Kevious Thomas,4600,34
Tyler Huntley,Ahmani Marshall,1050,11
Tyler Huntley,Brenden Bates,1050,9
Tyler Huntley,Bucky Williams,1050,52
Tyler Huntley,Cade McDonald,1050,46
Tyler Huntley,Chase Cota,1050,18
Tyler Huntley,Dartanyan Tinsley,1050,35
Tyler Huntley,Gage Larvadain,1050,28
Tyler Huntley,Jason Ivey,1050,34
Tyler Huntley,Javion Cohen,1050,27
Tyler Huntley,Kaden Davis,1050,13
Tyler Huntley,Kilian Zierer,1050,32
Tyler Huntley,Kisean Johnson,1050,37
Tyler Huntley,Lorenzo Thompson,1050,42
Tyler Huntley,Mitch Van Vooren,1050,6
Tyler Huntley,Mitchell Van Vooren,1050,4
Tyler Huntley,Pierre Strong,1050,13
Tyler Huntley,Roy Mbaeteka,1050,3
Tyler Huntley,Sal Cannella,1050,47
Tyler Huntley,Sebastian Gutierrez,1050,35
Tyler Huntley,Toa Taua,1050,20
Tyler Huntley,Trayveon Williams,1050,8
Tyler Johnson,Alijah Vera-Tucker,3430,13
Tyler Johnson,Allen Lazard,3430,8
Tyler Johnson,Andrew Beck,3430,6
Tyler Johnson,Arian Smith,3430,4
Tyler Johnson,Armand Membou,3430,25
Tyler Johnson,Brady Cook,3430,12
Tyler Johnson,Braelon Allen,3430,11
Tyler Johnson,Breece Hall,3430,6
Tyler Johnson,Garrett Wilson,3430,13
Tyler Johnson,Isaiah Davis,3430,8
Tyler Johnson,Jeremy Ruckert,3430,21
Tyler Johnson,Joe Tippmann,3430,13
Tyler Johnson,John Simpson,3430,9
Tyler Johnson,Josh Myers,3430,16
Tyler Johnson,Josh Reynolds,3430,13
Tyler Johnson,Justin Fields,3430,13
Tyler Johnson,Kohl Levao,3430,12
Tyler Johnson,Malachi Corley,3430,6
Tyler Johnson,Mason Taylor,3430,4
Tyler Johnson,Max Mitchell,3430,12
Tyler Johnson,Olumuyiwa Fashanu,3430,13
Tyler Johnson,Xavier Newman-Johnson,3430,12
Tyler Kahmann,Ajou Ajou,2200,2
Tyler Kahmann,Blake Freeland,2200,4
Tyler Kahmann,Blayne Taylor,2200,15
Tyler Kahmann,Coleman Owen,2200,25
Tyler Kahmann,Jason Bean,2200,27
Tyler Kahmann,Jelani Woods,2200,20
Tyler Kahmann,Josh Sills,2200,19
Tyler Kahmann,Khalil Herbert,2200,2
Tyler Kahmann,Landon Parker,2200,17
Tyler Kahmann,Luke Tenuta,2200,17
Tyler Kahmann,Marcellus Johnson,2200,28
Tyler Kahmann,Marshall Foerner,2200,28
Tyler Kahmann,Maximilian Mang,2200,5
Tyler Kahmann,Mose Vavao,2200,32
Tyler Kahmann,Nate Noel,2200,12
Tyler Kahmann,Nay'Quan Wright,2200,3
Tyler Kahmann,Riley Leonard,2200,5
Tyler Kahmann,Sean McKeon,2200,12
Tyler Kahmann,Ulysses Bentley IV,2200,15
Tyler Kahmann,Wesley French,2200,32
Tyler Lacy,Andrew Wingard,2250,18
Tyler Lacy,Antonio Johnson,2250,14
Tyler Lacy,Austin Johnson,2250,6
Tyler Lacy,BJ Green II,2250,7
Tyler Lacy,Branson Combs,2250,4
Tyler Lacy,Cam'Ron Silmon-Craig,2250,8
Tyler Lacy,Chad Muma,2250,17
Tyler Lacy,Christian Braswell,2250,17
Tyler Lacy,DaVon Hamilton,2250,11
Tyler Lacy,Daniel Thomas,2250,3
Tyler Lacy,Danny Striggow,2250,10
Tyler Lacy,Darnell Savage,2250,19
Tyler Lacy,Dawuane Smoot,2250,18
Tyler Lacy,Deantre Prince,2250,22
Tyler Lacy,Dennis Gardeck,2250,6
Tyler Lacy,Devin Lloyd,2250,16
Tyler Lacy,Doneiko Slaughter,2250,5
Tyler Lacy,Emmanuel Ogbah,2250,18
Tyler Lacy,Eric Murray,2250,12
Tyler Lacy,Foye Oluokun,2250,12
Tyler Lacy,Jabbar Muhammad,2250,15
Tyler Lacy,Jack Kiser,2250,12
Tyler Lacy,Jarrian Jones,2250,11
Tyler Lacy,Jordan Jefferson,2250,9
Tyler Lacy,Josh Hines-Allen,2250,11
Tyler Lacy,Jourdan Lewis,2250,12
Tyler Lacy,Maason Smith,2250,4
Tyler Lacy,Myles Cole,2250,3
Tyler Lacy,Rayuan Lane III,2250,9
Tyler Lacy,Travis Hunter,2250,3
Tyler Lacy,Travon Walker,2250,11
Tyler Lacy,Tyson Campbell,2250,8
Tyler Lacy,Ventrell Miller,2250,10
Tyler Lacy,Yasir Abdullah,2250,9
Tyler Lockett,Andrew Rupcich,2100,9
Tyler Lockett,Blake Hance,2100,8
Tyler Lockett,Calvin Ridley,2100,8
Tyler Lockett,Cam Ward,2100,8
Tyler Lockett,Cameron Ward,2100,9
Tyler Lockett,Chig Okonkwo,2100,15
Tyler Lockett,Chimere Dike,2100,1
Tyler Lockett,Corey Levin,2100,17
Tyler Lockett,Dan Moore Jr.,2100,17
Tyler Lockett,Elic Ayomanor,2100,9
Tyler Lockett,Gunnar Helm,2100,2
Tyler Lockett,JC Latham,2100,9
Tyler Lockett,Julius Chestnut,2100,5
Tyler Lockett,Kalel Mullings,2100,3
Tyler Lockett,Olisaemeka Udoh,2100,8
Tyler Lockett,Peter Skoronski,2100,17
Tyler Lockett,Tony Pollard,2100,6
Tyler Lockett,Tyjae Spears,2100,3
Tyler Lockett,Van Jefferson,2100,16
Tyler Mabry,Brady Christensen,0750,1
Tyler Mabry,Bryce Pierre,0750,2
Tyler Mabry,Brycen Tremayne,0750,1
Tyler Mabry,Cade Mays,0750,1
Tyler Mabry,Emani Bailey,0750,1
Tyler Mabry,Jack Plummer,0750,2
Tyler Mabry,Jacolby George,0750,1
Tyler Mabry,Jarrett Kingston,0750,2
Tyler Mabry,Luke Kandra,0750,2
Tyler Mabry,Michael Tarquin,0750,2
Tyler Mabry,Raheem Blackshear,0750,1
Tyler Mabry,Steven Losoya,0750,1
Tyler Mabry,T.J. Luther,0750,2
Tyler Mabry,Yosh Nijman,0750,1
Tyler McLellan,Ben Scott,4900,80
Tyler McLellan,Benjamin Chukwuma,4900,76
Tyler McLellan,Connor Bazelak,4900,52
Tyler McLellan,Devin Culp,4900,33
Tyler McLellan,Elijah Klein,4900,90
Tyler McLellan,Garrett Greene,4900,49
Tyler McLellan,Jacob Harris,4900,45
Tyler McLellan,Jaden Smith,4900,26
Tyler McLellan,Jake Majors,4900,35
Tyler McLellan,Jase McClellan,4900,7
Tyler McLellan,Josh Williams,4900,24
Tyler McLellan,Kameron Johnson,4900,24
Tyler McLellan,Ko Kieft,4900,32
Tyler McLellan,Kyle Trask,4900,48
Tyler McLellan,Lorenz Metz,4900,14
Tyler McLellan,Luke Haggard,4900,58
Tyler McLellan,Mike Jordan,4900,30
Tyler McLellan,Owen Wright,4900,46
Tyler McLellan,Payne Durham,4900,19
Tyler McLellan,Rakim Jarrett,4900,37
Tyler McLellan,Ryan Miller,4900,45
Tyler McLellan,Sean Tucker,4900,23
Tyler McLellan,Sua Opeta,4900,17
Tyler McLellan,Tanner Taula,4900,40
Tyler McLellan,Tez Johnson,4900,26
Tyler McLellan,Trey Palmer,4900,24
Tyler Neville,Ajani Cornelius,1200,18
Tyler Neville,Asim Richards,1200,34
Tyler Neville,Brock Hoffman,1200,40
Tyler Neville,Deuce Vaughn,1200,3
Tyler Neville,Geron Christian,1200,34
Tyler Neville,Hakeem Adeniji,1200,2
Tyler Neville,Jalen Brooks,1200,24
Tyler Neville,Jalen Cropper,1200,7
Tyler Neville,Jalen Tolbert,1200,1
Tyler Neville,Jaydon Blue,1200,4
Tyler Neville,Joe Milton III,1200,20
Tyler Neville,Jonathan Mingo,1200,1
Tyler Neville,Josh Kelly,1200,27
Tyler Neville,La'el Collins,1200,20
Tyler Neville,Luke Schoonmaker,1200,1
Tyler Neville,Malik Davis,1200,15
Tyler Neville,Nathan Thomas,1200,2
Tyler Neville,Nick Broeker,1200,17
Tyler Neville,Phil Mafah,1200,18
Tyler Neville,Princeton Fant,1200,8
Tyler Neville,Rivaldo Fairweather,1200,9
Tyler Neville,Ryan Flournoy,1200,14
Tyler Neville,Saahdiq Charles,1200,6
Tyler Neville,TJ Bass,1200,26
Tyler Neville,Traeshon Holden,1200,28
Tyler Neville,Tyler Booker,1200,1
Tyler Neville,Will Grier,1200,20
Tyler Nubin,Abdul Carter,3410,6
Tyler Nubin,Andru Phillips,3410,3
Tyler Nubin,Bobby Okereke,3410,8
Tyler Nubin,Brian Burns,3410,5
Tyler Nubin,Dane Belton,3410,1
Tyler Nubin,Deonte Banks,3410,8
Tyler Nubin,Elijah Chatman,3410,2
Tyler Nubin,Jevon Holland,3410,8
Tyler Nubin,Kayvon Thibodeaux,3410,6
Tyler Nubin,Micah McFadden,3410,7
Tyler Nubin,Nic Jones,3410,3
Tyler Nubin,Paulson Adebo,3410,8
Tyler Nubin,Rakeem Nunez-Roches,3410,7
Tyler Nubin,Roy Robertson-Harris,3410,8
Tyler Owens,Ale Kaho,5110,18
Tyler Owens,Allan George,5110,5
Tyler Owens,Andre Jones Jr.,5110,25
Tyler Owens,Antonio Hamilton,5110,4
Tyler Owens,Ben Nikkel,5110,10
Tyler Owens,Bobby Price,5110,16
Tyler Owens,Car'lin Vigers,5110,40
Tyler Owens,Carl Davis,5110,21
Tyler Owens,Clelin Ferrell,5110,23
Tyler Owens,Daron Payne,5110,3
Tyler Owens,Daryl Worley,5110,4
Tyler Owens,Deatrich Wise,5110,3
Tyler Owens,Dominique Hampton,5110,27
Tyler Owens,Dorance Armstrong,5110,3
Tyler Owens,Duke Riley,5110,11
Tyler Owens,Eddie Goldman,5110,20
Tyler Owens,Frankie Luvu,5110,3
Tyler Owens,Jacob Martin,5110,18
Tyler Owens,Jalyn Holmes,5110,30
Tyler Owens,Javon Kinlaw,5110,3
Tyler Owens,Jer'Zhan Newton,5110,20
Tyler Owens,Jeremy Reaves,5110,16
Tyler Owens,Jordan Magee,5110,2
Tyler Owens,Kain Medrano,5110,39
Tyler Owens,Marshon Lattimore,5110,3
Tyler Owens,Mike Sainristil,5110,3
Tyler Owens,Noah Igbinoghene,5110,41
Tyler Owens,Norell Pollard,5110,2
Tyler Owens,Percy Butler,5110,33
Tyler Owens,Quan Martin,5110,3
Tyler Owens,Ricky Barber,5110,5
Tyler Owens,Robert McDaniel,5110,10
Tyler Owens,Sheldon Day,5110,23
Tyler Owens,T.J. Maguranyanga,5110,1
Tyler Owens,Trey Amos,5110,14
Tyler Owens,Viliami Fehoko Jr.,5110,5
Tyler Owens,Will Harris,5110,3
Tyler Scott,Braxton Jones,0810,16
Tyler Scott,Brittain Brown,0810,37
Tyler Scott,Case Keenum,0810,5
Tyler Scott,Chris Glaser,0810,32
Tyler Scott,Colston Loveland,0810,5
Tyler Scott,Deion Hankins,0810,5
Tyler Scott,Devin Duvernay,0810,11
Tyler Scott,Durham Smythe,0810,43
Tyler Scott,Ian Wheeler,0810,21
Tyler Scott,JP Richardson,0810,3
Tyler Scott,Jahdae Walker,0810,7
Tyler Scott,Joel Wilson,0810,28
Tyler Scott,Jordan McFadden,0810,89
Tyler Scott,Joshua Miles,0810,15
Tyler Scott,Kiran Amegadjie,0810,10
Tyler Scott,Kyle Monangai,0810,19
Tyler Scott,Luke Newman,0810,67
Tyler Scott,Luther Burden III,0810,72
Tyler Scott,Maurice Alexander,0810,43
Tyler Scott,Miles Boykin,0810,2
Tyler Scott,Ozzy Trapilo,0810,68
Tyler Scott,Ricky Stromberg,0810,16
Tyler Scott,Royce Freeman,0810,8
Tyler Scott,Ryan Bates,0810,78
Tyler Scott,Samori Toure,0810,21
Tyler Scott,Stephen Carlson,0810,47
Tyler Scott,Theo Benedet,0810,79
Tyler Scott,Travis Homer,0810,4
Tyler Scott,Tyson Bagent,0810,89
Tyler Shough,Barry Wesley,3300,57
Tyler Shough,Bub Means,3300,3
Tyler Shough,Cam Akers,3300,21
Tyler Shough,Cedrick Wilson Jr.,3300,48
Tyler Shough,Cesar Ruiz,3300,18
Tyler Shough,Chris Olave,3300,16
Tyler Shough,Clyde Edwards-Helaire,3300,14
Tyler Shough,Dante Pettis,3300,14
Tyler Shough,Devin Neal,3300,18
Tyler Shough,Dillon Radunz,3300,44
Tyler Shough,Easton Kilty,3300,55
Tyler Shough,Jack Stoll,3300,13
Tyler Shough,Jonathan Mendoza,3300,24
Tyler Shough,Kelvin Banks Jr.,3300,16
Tyler Shough,Kendre Miller,3300,12
Tyler Shough,Kevin Austin Jr.,3300,53
Tyler Shough,Kyle Hergel,3300,16
Tyler Shough,Landon Young,3300,7
Tyler Shough,Mason Tipton,3300,51
Tyler Shough,Michael Jacobson,3300,5
Tyler Shough,Moliki Matavao,3300,32
Tyler Shough,Rashid Shaheed,3300,16
Tyler Shough,Shane Lemieux,3300,39
Tyler Shough,Taliese Fuaga,3300,16
Tyler Shough,Torricelli Simpkins III,3300,73
Tyler Shough,Treyton Welch,3300,38
Tyler Shough,Velus Jones Jr.,3300,11
Tyler Steen,Ainias Smith,3700,4
Tyler Steen,Brett Toth,3700,9
Tyler Steen,Drew Kendall,3700,9
Tyler Steen,Grant Calcaterra,3700,9
Tyler Steen,Harrison Bryant,3700,5
Tyler Steen,Jahan Dotson,3700,9
Tyler Steen,Johnny Wilson,3700,9
Tyler Steen,Kendall Lamm,3700,9
Tyler Steen,Matt Pryor,3700,9
Tyler Steen,Tanner McKee,3700,9
Tyler Steen,Will Shipley,3700,9
Tyler Warren,Adonai Mitchell,2200,29
Tyler Warren,Andrew Ogletree,2200,3
Tyler Warren,Anthony Gould,2200,23
Tyler Warren,Anthony Richardson,2200,5
Tyler Warren,Ashton Dulin,2200,17
Tyler Warren,Blake Freeland,2200,18
Tyler Warren,Braden Smith,2200,12
Tyler Warren,DJ Giddens,2200,17
Tyler Warren,Dalton Tucker,2200,17
Tyler Warren,Daniel Jones,2200,25
Tyler Warren,Jalen Travis,2200,30
Tyler Warren,Jonathan Taylor,2200,9
Tyler Warren,Laquon Treadwell,2200,1
Tyler Warren,Matt Goncalves,2200,30
Tyler Warren,Michael Pittman,2200,13
Tyler Warren,Mo Alie-Cox,2200,3
Tyler Warren,Quenton Nelson,2200,13
Tyler Warren,Tanor Bortolini,2200,30
Tyler Warren,Tyler Goodson,2200,4
Tyler Warren,Will Mallory,2200,1
Tyquan Lewis,Adetomiwa Adebawore,2200,10
Tyquan Lewis,Cameron McGrone,2200,11
Tyquan Lewis,Camryn Bynum,2200,9
Tyquan Lewis,Charvarius Ward,2200,9
Tyquan Lewis,Chris Lammons,2200,13
Tyquan Lewis,Daniel Scott,2200,6
Tyquan Lewis,DeForest Buckner,2200,8
Tyquan Lewis,Duke Shelley,2200,6
Tyquan Lewis,Eric Johnson,2200,2
Tyquan Lewis,Grover Stewart,2200,5
Tyquan Lewis,Hunter Wohler,2200,9
Tyquan Lewis,JT Tuimoloau,2200,2
Tyquan Lewis,Joe Bachie,2200,15
Tyquan Lewis,Johnathan Edwards,2200,9
Tyquan Lewis,Laiatu Latu,2200,15
Tyquan Lewis,Neville Gallimore,2200,5
Tyquan Lewis,Rodney Thomas,2200,10
Tyquan Lewis,Samuel Womack,2200,6
Tyquan Thornton,Bailey Zappe,2310,1
Tyquan Thornton,Brashard Smith,2310,11
Tyquan Thornton,C.J. Hanson,2310,12
Tyquan Thornton,Carson Steele,2310,3
Tyquan Thornton,Chukwuebuka Godrick,2310,1
Tyquan Thornton,Creed Humphrey,2310,16
Tyquan Thornton,Elijah Mitchell,2310,4
Tyquan Thornton,Gardner Minshew,2310,23
Tyquan Thornton,Hunter Nourzad,2310,12
Tyquan Thornton,Isiah Pacheco,2310,3
Tyquan Thornton,Jalen Royals,2310,11
Tyquan Thornton,Jared Wiley,2310,11
Tyquan Thornton,Jason Brownlee,2310,13
Tyquan Thornton,Jawaan Taylor,2310,4
Tyquan Thornton,Jaylon Moore,2310,23
Tyquan Thornton,Josh Simmons,2310,16
Tyquan Thornton,JuJu Smith-Schuster,2310,6
Tyquan Thornton,Kareem Hunt,2310,7
Tyquan Thornton,Kingsley Suamataia,2310,16
Tyquan Thornton,Mike Caliendo,2310,12
Tyquan Thornton,Nikko Remigio,2310,10
Tyquan Thornton,Noah Gray,2310,10
Tyquan Thornton,Patrick Mahomes,2310,4
Tyquan Thornton,Rashee Rice,2310,2
Tyquan Thornton,Robert Tonyan,2310,4
Tyquan Thornton,Skyy Moore,2310,5
Tyquan Thornton,Travis Kelce,2310,4
Tyquan Thornton,Tre Watson,2310,2
Tyquan Thornton,Trey Smith,2310,16
Tyquan Thornton,Wanya Morris,2310,12
Tyquan Thornton,Xavier Worthy,2310,6
Tyre Phillips,Ben Sinnott,5110,22
Tyre Phillips,Bobby Hart,5110,54
Tyre Phillips,Braylon Sanders,5110,17
Tyre Phillips,Chris Moore,5110,15
Tyre Phillips,Chris Paul,5110,47
Tyre Phillips,Chris Rodriguez Jr.,5110,17
Tyre Phillips,Cole Turner,5110,43
Tyre Phillips,Colson Yankoff,5110,13
Tyre Phillips,Demetric Felton,5110,27
Tyre Phillips,Foster Sarell,5110,58
Tyre Phillips,George Fant,5110,18
Tyre Phillips,Ja'Corey Brooks,5110,43
Tyre Phillips,Jacoby Jones,5110,24
Tyre Phillips,Jacory Croskey-Merritt,5110,15
Tyre Phillips,Jaylin Lane,5110,8
Tyre Phillips,Jeremy McNichols,5110,19
Tyre Phillips,Josh Conerly Jr.,5110,20
Tyre Phillips,Josh Johnson,5110,53
Tyre Phillips,Julian Good-Jones,5110,33
Tyre Phillips,K.J. Osborn,5110,39
Tyre Phillips,Kazmeir Allen,5110,17
Tyre Phillips,Lawrence Cager,5110,41
Tyre Phillips,Luke McCaffrey,5110,19
Tyre Phillips,Michael Deiter,5110,60
Tyre Phillips,Michael Gallup,5110,41
Tyre Phillips,Mike Strachan,5110,6
Tyre Phillips,Nick Harris,5110,18
Tyre Phillips,Noah Brown,5110,6
Tyre Phillips,River Cracraft,5110,8
Tyre Phillips,Sam Hartman,5110,42
Tyre Phillips,Tay Martin,5110,35
Tyre Phillips,Timothy McKay,5110,32
Tyre Phillips,Trent Scott,5110,40
Tyree Wilson,Adam Butler,2520,9
Tyree Wilson,Andre Carter II,2520,3
Tyree Wilson,Charles Snowden,2520,36
Tyree Wilson,Chris Smith II,2520,45
Tyree Wilson,Cody Lindenberg,2520,8
Tyree Wilson,Darien Porter,2520,52
Tyree Wilson,Darnay Holmes,2520,13
Tyree Wilson,Decamerion Richardson,2520,37
Tyree Wilson,Devin White,2520,10
Tyree Wilson,Elandon Roberts,2520,4
Tyree Wilson,Eric Stokes,2520,20
Tyree Wilson,Germaine Pratt,2520,6
Tyree Wilson,Greedy Vance,2520,5
Tyree Wilson,Isaiah Pola-Mao,2520,57
Tyree Wilson,JJ Pegues,2520,5
Tyree Wilson,JT Woods,2520,6
Tyree Wilson,Jamal Adams,2520,46
Tyree Wilson,Jaylon Smith,2520,12
Tyree Wilson,Jeremy Chinn,2520,9
Tyree Wilson,Jonah Laulu,2520,39
Tyree Wilson,Kyu Kelly,2520,19
Tyree Wilson,Leki Fotu,2520,9
Tyree Wilson,Malcolm Koonce,2520,33
Tyree Wilson,Matt Jones,2520,25
Tyree Wilson,Maxx Crosby,2520,7
Tyree Wilson,Michael Barrett,2520,1
Tyree Wilson,Ovie Oghoufo,2520,3
Tyree Wilson,Terrell Edmunds,2520,28
Tyree Wilson,Thomas Booker,2520,24
Tyree Wilson,Thomas Harper,2520,1
Tyree Wilson,Tommy Eichenberg,2520,44
Tyree Wilson,Tonka Hemingway,2520,44
Tyree Wilson,Trey Taylor,2520,1
Tyree Wilson,Zachary Carter,2520,9
Tyreem Powell,D'Marco Jackson,3300,11
Tyreem Powell,Dalys Beanum,3300,18
Tyreem Powell,Elliott Davison,3300,18
Tyreem Powell,Fadil Diggs,3300,8
Tyreem Powell,Isaiah Foskey,3300,14
Tyreem Powell,Isaiah Stalbird,3300,3
Tyreem Powell,Jasheen Davis,3300,9
Tyreem Powell,Jayden Peevy,3300,9
Tyreem Powell,Jayden Price,3300,8
Tyreem Powell,Jaylan Ford,3300,4
Tyreem Powell,Jeremiah Martin,3300,5
Tyreem Powell,John Ridgeway,3300,1
Tyreem Powell,Jonah Williams,3300,4
Tyreem Powell,Jonas Sanker,3300,18
Tyreem Powell,Khristian Boyd,3300,3
Tyreem Powell,Omari Thomas,3300,16
Tyreem Powell,Rejzohn Wright,3300,18
Tyreem Powell,Vernon Broughton,3300,13
Tyrek Funderburk,Antonio Grier Jr.,4900,7
Tyrek Funderburk,Bryce Hall,4900,5
Tyrek Funderburk,Dvon J-Thomas,4900,12
Tyrek Funderburk,Elijah Roberts,4900,8
Tyrek Funderburk,Eric Banks,4900,4
Tyrek Funderburk,JJ Roberts,4900,18
Tyrek Funderburk,John Bullock,4900,18
Tyrek Funderburk,Jose Ramirez,4900,18
Tyrek Funderburk,Markees Watts,4900,5
Tyrek Funderburk,Mike Greene,4900,3
Tyrek Funderburk,Nash Hutmacher,4900,11
Tyrek Funderburk,Nick Jackson,4900,11
Tyrek Funderburk,Rashad Wisdom,4900,18
Tyrek Funderburk,Roman Parodie,4900,13
Tyrek Funderburk,Shilo Sanders,4900,16
Tyrek Funderburk,Warren Peeples,4900,13
Tyreke Smith,Brandon Pili,4600,19
Tyreke Smith,Connor O'Toole,4600,15
Tyreke Smith,D'Anthony Bell,4600,53
Tyreke Smith,D'Eryk Jackson,4600,17
Tyreke Smith,Damarion Williams,4600,37
Tyreke Smith,Drake Thomas,4600,52
Tyreke Smith,Isas Waxter,4600,3
Tyreke Smith,J.R. Singleton,4600,18
Tyreke Smith,Jalan Gaines,4600,7
Tyreke Smith,Jamie Sheriff,4600,14
Tyreke Smith,Jared Ivey,4600,23
Tyreke Smith,Jerrick Reed II,4600,16
Tyreke Smith,Josh Jobe,4600,10
Tyreke Smith,Keydrain Calligan,4600,10
Tyreke Smith,Mike Morris,4600,27
Tyreke Smith,Nehemiah Pritchett,4600,37
Tyreke Smith,Nick Emmanwori,4600,9
Tyreke Smith,Patrick O'Connell,4600,36
Tyreke Smith,Quinton Bohanna,4600,30
Tyreke Smith,Shaquill Griffin,4600,12
Tyreke Smith,Ty Okada,4600,46
Tyreke Smith,Tyler Hall,4600,30
Tyreke Smith,Wy'Kevious Thomas,4600,9
Tyrel Dodson,Benito Jones,2700,5
Tyrel Dodson,Bradley Chubb,2700,8
Tyrel Dodson,Chop Robinson,2700,2
Tyrel Dodson,Elijah Campbell,2700,2
Tyrel Dodson,Ifeatu Melifonwu,2700,7
Tyrel Dodson,Jack Jones,2700,6
Tyrel Dodson,Jaelan Phillips,2700,6
Tyrel Dodson,Jason Marshall Jr.,2700,4
Tyrel Dodson,Jordan Phillips,2700,4
Tyrel Dodson,Jordyn Brooks,2700,2
Tyrel Dodson,Kendall Sheffield,2700,2
Tyrel Dodson,Kenneth Grant,2700,1
Tyrel Dodson,Mike Hilton,2700,1
Tyrel Dodson,Minkah Fitzpatrick,2700,8
Tyrel Dodson,Storm Duck,2700,8
Tyrel Dodson,Willie Gay Jr.,2700,6
Tyrel Dodson,Zach Sieler,2700,8
Tyrell Shavers,Chase Lundt,0610,61
Tyrell Shavers,Dan Feeney,0610,53
Tyrell Shavers,Darrynton Evans,0610,8
Tyrell Shavers,Deon Cain,0610,3
Tyrell Shavers,Elijah Moore,0610,37
Tyrell Shavers,Elijah Young,0610,8
Tyrell Shavers,Frank Gore Jr.,0610,28
Tyrell Shavers,Jackson Hawes,0610,26
Tyrell Shavers,Jacob Bayer,0610,8
Tyrell Shavers,Josh Palmer,0610,8
Tyrell Shavers,KJ Hamler,0610,34
Tyrell Shavers,Keleki Latu,0610,18
Tyrell Shavers,Kendrick Green,0610,53
Tyrell Shavers,Kristian Wilkerson,0610,31
Tyrell Shavers,Mike Edwards,0610,25
Tyrell Shavers,Mike White,0610,27
Tyrell Shavers,Mitchell Trubisky,0610,14
Tyrell Shavers,Ray Davis,0610,17
Tyrell Shavers,Richard Gouraige,0610,61
Tyrell Shavers,Ryan Van Demark,0610,44
Tyrell Shavers,Shane Buechele,0610,20
Tyrell Shavers,Zach Davidson,0610,26
Tyrese Robinson,Alec Lindstrom,3200,22
Tyrese Robinson,Antonio Gibson,3200,7
Tyrese Robinson,Ben Brown,3200,16
Tyrese Robinson,Ben Wooldridge,3200,28
Tyrese Robinson,CJ Dippre,3200,19
Tyrese Robinson,Caedan Wallace,3200,12
Tyrese Robinson,Cole Fotheringham,3200,13
Tyrese Robinson,Cole Strange,3200,22
Tyrese Robinson,Demontrey Jacobs,3200,44
Tyrese Robinson,Efton Chism III,3200,14
Tyrese Robinson,Gee Scott Jr.,3200,21
Tyrese Robinson,Ja'Lynn Polk,3200,7
Tyrese Robinson,JaMycal Hasty,3200,10
Tyrese Robinson,Jack Conley,3200,28
Tyrese Robinson,Jaheim Bell,3200,12
Tyrese Robinson,Javon Baker,3200,32
Tyrese Robinson,Jeremiah Webb,3200,20
Tyrese Robinson,John Jiles,3200,23
Tyrese Robinson,Joshua Dobbs,3200,16
Tyrese Robinson,Kyle Williams,3200,8
Tyrese Robinson,Lan Larison,3200,7
Tyrese Robinson,Marcus Bryant,3200,16
Tyrese Robinson,Mehki Butler,3200,16
Tyrese Robinson,Micah Bernard,3200,5
Tyrese Robinson,Phil Lutz,3200,7
Tyrese Robinson,Shane Watts,3200,13
Tyrese Robinson,Terrell Jennings,3200,2
Tyrion Davis-Price,Anthony Belton,1800,5
Tyrion Davis-Price,Brant Banks,1800,16
Tyrion Davis-Price,Cornelius Johnson,1800,5
Tyrion Davis-Price,Isaiah Neyor,1800,10
Tyrion Davis-Price,J.J. Lippe,1800,16
Tyrion Davis-Price,Johnny Lumpkin,1800,12
Tyrion Davis-Price,Julian Hicks,1800,3
Tyrion Davis-Price,Kadeem Telfort,1800,11
Tyrion Davis-Price,Kawaan Baker,1800,10
Tyrion Davis-Price,Lecitus Smith,1800,16
Tyrion Davis-Price,Messiah Swinson,1800,16
Tyrion Davis-Price,Sean Clifford,1800,11
Tyrion Davis-Price,Taylor Elgersma,1800,5
Tyrion Davis-Price,Trey Hill,1800,5
Tyrion Davis-Price,Tyler Cooper,1800,11
Tyrion Davis-Price,Will Sheppard,1800,8
Tyrion Ingram-Dawkins,Ambry Thomas,3000,17
Tyrion Ingram-Dawkins,Austin Keys,3000,34
Tyrion Ingram-Dawkins,Bo Richter,3000,37
Tyrion Ingram-Dawkins,Brian Asamoah,3000,5
Tyrion Ingram-Dawkins,Cam Gill,3000,23
Tyrion Ingram-Dawkins,Chaz Chambliss,3000,49
Tyrion Ingram-Dawkins,Dallas Turner,3000,5
Tyrion Ingram-Dawkins,Dorian Mausi,3000,28
Tyrion Ingram-Dawkins,Dwight McGlothern,3000,46
Tyrion Ingram-Dawkins,Elijah Williams,3000,26
Tyrion Ingram-Dawkins,Eric Wilson,3000,7
Tyrion Ingram-Dawkins,Gabriel Murphy,3000,33
Tyrion Ingram-Dawkins,Gervarrius Owens,3000,14
Tyrion Ingram-Dawkins,Isaiah Rodgers,3000,5
Tyrion Ingram-Dawkins,Ivan Pace Jr.,3000,5
Tyrion Ingram-Dawkins,Jalen Redmond,3000,6
Tyrion Ingram-Dawkins,Jay Ward,3000,56
Tyrion Ingram-Dawkins,Jeff Okudah,3000,7
Tyrion Ingram-Dawkins,Jonathan Harris,3000,29
Tyrion Ingram-Dawkins,Kahlef Hailassie,3000,25
Tyrion Ingram-Dawkins,Keenan Garber,3000,4
Tyrion Ingram-Dawkins,Kobe King,3000,58
Tyrion Ingram-Dawkins,Levi Drake Rodriguez,3000,27
Tyrion Ingram-Dawkins,Mekhi Blackmon,3000,57
Tyrion Ingram-Dawkins,Mishael Powell,3000,21
Tyrion Ingram-Dawkins,Reddy Steward,3000,18
Tyrion Ingram-Dawkins,Taki Taimani,3000,31
Tyrion Ingram-Dawkins,Tavierre Thomas,3000,54
Tyrion Ingram-Dawkins,Theo Jackson,3000,7
Tyrion Ingram-Dawkins,Travis Bell,3000,17
Tyrion Ingram-Dawkins,Tyler Batty,3000,19
Tyrion Ingram-Dawkins,Zemaiah Vaughn,3000,50
Tyrique Stevenson,Amen Ogbongbemiga,0810,10
Tyrique Stevenson,Andrew Billings,0810,11
Tyrique Stevenson,Austin Booker,0810,6
Tyrique Stevenson,Chris Williams,0810,26
Tyrique Stevenson,Dayo Odeyingbo,0810,22
Tyrique Stevenson,Dominique Robinson,0810,12
Tyrique Stevenson,Elijah Hicks,0810,15
Tyrique Stevenson,Gervon Dexter Sr.,0810,20
Tyrique Stevenson,Jaquan Brisker,0810,23
Tyrique Stevenson,Jonathan Ford,0810,7
Tyrique Stevenson,Jonathan Owens,0810,15
Tyrique Stevenson,Josh Blackwell,0810,5
Tyrique Stevenson,Kevin Byard,0810,23
Tyrique Stevenson,Montez Sweat,0810,18
Tyrique Stevenson,Nahshon Wright,0810,38
Tyrique Stevenson,Nick McCloud,0810,15
Tyrique Stevenson,Noah Sewell,0810,32
Tyrique Stevenson,Ruben Hyppolite II,0810,25
Tyrique Stevenson,Swayze Bozeman,0810,1
Tyrique Stevenson,T.J. Edwards,0810,23
Tyrique Stevenson,Tanoh Kpassagnon,0810,18
Tyrique Stevenson,Tremaine Edmunds,0810,3
Tyrique Stevenson,Zacch Pickens,0810,12
Tyron Herring,Arron Mosby,1800,41
Tyron Herring,Barryn Sorrell,1800,12
Tyron Herring,Colby Wooden,1800,3
Tyron Herring,Corey Ballentine,1800,33
Tyron Herring,Deslin Alexandre,1800,36
Tyron Herring,Devonte O'Malley,1800,4
Tyron Herring,Garnett Hollis Jr.,1800,23
Tyron Herring,Isaiah Dunn,1800,14
Tyron Herring,Isaiah Simmons,1800,16
Tyron Herring,James Ester,1800,24
Tyron Herring,Jamon Johnson,1800,40
Tyron Herring,Jared Bartlett,1800,5
Tyron Herring,Jaylin Simpson,1800,12
Tyron Herring,Johnathan Baldwin,1800,51
Tyron Herring,Kalen King,1800,12
Tyron Herring,Karl Brooks,1800,4
Tyron Herring,Keith Randolph Jr.,1800,16
Tyron Herring,Kingsley Enagbare,1800,5
Tyron Herring,Kitan Oladapo,1800,8
Tyron Herring,Kristian Welch,1800,44
Tyron Herring,Micah Robinson,1800,34
Tyron Herring,Nazir Stackhouse,1800,26
Tyron Herring,Omar Brown,1800,8
Tyron Herring,Ty'Ron Hopper,1800,6
Tyron Herring,Warren Brinson,1800,33
Tyrone Broden,Amari Kight,4600,28
Tyrone Broden,Anthony Tyus III,4600,29
Tyrone Broden,Brady Russell,4600,10
Tyrone Broden,Bryce Cabeldue,4600,61
Tyrone Broden,Christian Haynes,4600,4
Tyrone Broden,Cody White,4600,31
Tyrone Broden,Damien Martinez,4600,13
Tyrone Broden,Elijah Arroyo,4600,4
Tyrone Broden,Federico Maranges,4600,50
Tyrone Broden,Jacardia Wright,4600,23
Tyrone Broden,Jalen Milroe,4600,65
Tyrone Broden,John Rhys Plumlee,4600,13
Tyrone Broden,Luke Felix-Fualalo,4600,44
Tyrone Broden,Marshall Lang,4600,51
Tyrone Broden,Mason Richman,4600,62
Tyrone Broden,Michael Jerrell,4600,38
Tyrone Broden,Nick Kallerup,4600,30
Tyrone Broden,Ricky White III,4600,56
Tyrone Broden,Sataoa Laumea,4600,38
Tyrone Tracy Jr.,Beaux Collins,3410,10
Tyrone Tracy Jr.,Chris Manhertz,3410,2
Tyrone Tracy Jr.,Darius Slayton,3410,7
Tyrone Tracy Jr.,Elijah Chatman,3410,2
Tyrone Tracy Jr.,Evan Neal,3410,5
Tyrone Tracy Jr.,Greg Dulcich,3410,8
Tyrone Tracy Jr.,Greg Van Roten,3410,12
Tyrone Tracy Jr.,Jalin Hyatt,3410,7
Tyrone Tracy Jr.,James Hudson,3410,17
Tyrone Tracy Jr.,Jaxson Dart,3410,1
Tyrone Tracy Jr.,Jermaine Eluemunor,3410,17
Tyrone Tracy Jr.,John Michael Schmitz,3410,17
Tyrone Tracy Jr.,Jon Runyan,3410,17
Tyrone Tracy Jr.,Lil'Jordan Humphrey,3410,5
Tyrone Tracy Jr.,Russell Wilson,3410,16
Tyrone Tracy Jr.,Theo Johnson,3410,16
Tyrone Tracy Jr.,Wan'Dale Robinson,3410,6
Tyrone Tracy Jr.,Zach Pascal,3410,5
Tyrone Wheatley Jr.,DJ Chark,0200,2
Tyrone Wheatley Jr.,Emory Jones,0200,2
Tyrone Wheatley Jr.,Jack Nelson,0200,2
Tyrone Wheatley Jr.,Joshua Gray,0200,2
Tyrone Wheatley Jr.,Joshua Simon,0200,2
Tyrone Wheatley Jr.,Jovaughn Gwyn,0200,2
Tyrone Wheatley Jr.,Matthew Cindric,0200,2
Tyrone Wheatley Jr.,Nate Carter,0200,2
Tyrone Wheatley Jr.,Nick Nash,0200,2
Tyrone Wheatley Jr.,Quincy Skinner Jr.,0200,2
Tyrus Wheat,Alijah Clark,1200,57
Tyrus Wheat,Andrew Booth,1200,31
Tyrus Wheat,Bruce Harmon,1200,21
Tyrus Wheat,Buddy Johnson,1200,44
Tyrus Wheat,Christian Matthew,1200,40
Tyrus Wheat,Damone Clark,1200,16
Tyrus Wheat,Darius Harris,1200,90
Tyrus Wheat,Denzel Daxon,1200,43
Tyrus Wheat,Donovan Ezeiruaku,1200,5
Tyrus Wheat,Earnest Brown IV,1200,53
Tyrus Wheat,Israel Mukuamu,1200,104
Tyrus Wheat,James Houston,1200,84
Tyrus Wheat,Jay Toia,1200,64
Tyrus Wheat,Juanyeh Thomas,1200,5
Tyrus Wheat,Justin Barron,1200,54
Tyrus Wheat,Kemon Hall,1200,39
Tyrus Wheat,Marist Liufau,1200,12
Tyrus Wheat,Markquese Bell,1200,11
Tyrus Wheat,Mazi Smith,1200,24
Tyrus Wheat,Michael Ojemudia,1200,35
Tyrus Wheat,Mike Smith Jr.,1200,109
Tyrus Wheat,Payton Turner,1200,26
Tyrus Wheat,Perrion Winfrey,1200,45
Tyrus Wheat,Robert Rochell,1200,36
Tyrus Wheat,Shemar James,1200,87
Tyrus Wheat,Tommy Akingbesote,1200,54
Tyrus Wheat,Troy Pride,1200,85
Tyrus Wheat,Zion Childress,1200,55
Tysheem Johnson,Alex Cook,0810,27
Tysheem Johnson,Austin Booker,0810,7
Tysheem Johnson,Carl Jones,0810,29
Tysheem Johnson,Daniel Hardy,0810,25
Tysheem Johnson,Jamree Kromah,0810,22
Tysheem Johnson,Jeremiah Walker,0810,22
Tysheem Johnson,Jonathan Ford,0810,25
Tysheem Johnson,Josh Blackwell,0810,15
Tysheem Johnson,Major Burns,0810,2
Tysheem Johnson,Power Echols,0810,14
Tysheem Johnson,Swayze Bozeman,0810,26
Tysheem Johnson,Terell Smith,0810,12
Tysheem Johnson,Tre Flowers,0810,27
Tysheem Johnson,Xavier Carlton,0810,13
Tysheem Johnson,Zacch Pickens,0810,24
Tyson Bagent,Braxton Jones,0810,20
Tyson Bagent,Brittain Brown,0810,57
Tyson Bagent,Chris Glaser,0810,49
Tyson Bagent,Colston Loveland,0810,5
Tyson Bagent,Devin Duvernay,0810,12
Tyson Bagent,Durham Smythe,0810,47
Tyson Bagent,Ian Wheeler,0810,21
Tyson Bagent,JP Richardson,0810,7
Tyson Bagent,Jahdae Walker,0810,28
Tyson Bagent,Joel Wilson,0810,43
Tyson Bagent,Jordan McFadden,0810,112
Tyson Bagent,Joshua Miles,0810,30
Tyson Bagent,Kiran Amegadjie,0810,30
Tyson Bagent,Kyle Monangai,0810,22
Tyson Bagent,Luke Newman,0810,73
Tyson Bagent,Luther Burden III,0810,79
Tyson Bagent,Maurice Alexander,0810,57
Tyson Bagent,Miles Boykin,0810,5
Tyson Bagent,Ozzy Trapilo,0810,67
Tyson Bagent,Ricky Stromberg,0810,31
Tyson Bagent,Royce Freeman,0810,12
Tyson Bagent,Ryan Bates,0810,86
Tyson Bagent,Samori Toure,0810,41
Tyson Bagent,Stephen Carlson,0810,55
Tyson Bagent,Theo Benedet,0810,87
Tyson Bagent,Travis Homer,0810,5
Tyson Bagent,Tyler Scott,0810,89
Tyson Campbell,Andrew Wingard,2250,9
Tyson Campbell,Austin Johnson,2250,2
Tyson Campbell,DaVon Hamilton,2250,7
Tyson Campbell,Dawuane Smoot,2250,1
Tyson Campbell,Devin Lloyd,2250,9
Tyson Campbell,Emmanuel Ogbah,2250,2
Tyson Campbell,Eric Murray,2250,9
Tyson Campbell,Foye Oluokun,2250,9
Tyson Campbell,Jarrian Jones,2250,6
Tyson Campbell,Josh Hines-Allen,2250,8
Tyson Campbell,Jourdan Lewis,2250,9
Tyson Campbell,Travon Walker,2250,7
Tyson Campbell,Tyler Lacy,2250,8
Tyson Campbell,Yasir Abdullah,2250,3
Tyson Russell,Ahmed Hassanein,1540,12
Tyson Russell,Al-Quadin Muhammad,1540,29
Tyson Russell,Allan George,1540,16
Tyson Russell,Anthony Pittman,1540,73
Tyson Russell,Avonte Maddox,1540,19
Tyson Russell,Brodric Martin,1540,32
Tyson Russell,Chris Smith,1540,51
Tyson Russell,D.J. Miller,1540,52
Tyson Russell,DaRon Gilbert,1540,38
Tyson Russell,Dan Jackson,1540,33
Tyson Russell,Dicaprio Bootle,1540,22
Tyson Russell,Erick Hallett,1540,42
Tyson Russell,Ezekiel Turner,1540,52
Tyson Russell,Grant Stuard,1540,29
Tyson Russell,Ian Kennelly,1540,78
Tyson Russell,Isaac Ukwu,1540,57
Tyson Russell,Keith Cooper,1540,67
Tyson Russell,Loren Strickland,1540,52
Tyson Russell,Luq Barcoo,1540,6
Tyson Russell,Mitchell Agude,1540,43
Tyson Russell,Morice Norris Jr.,1540,15
Tyson Russell,Myles Adams,1540,73
Tyson Russell,Nate Lynn,1540,54
Tyson Russell,Nick Whiteside,1540,51
Tyson Russell,Pat O'Connor,1540,16
Tyson Russell,Raequan Williams,1540,16
Tyson Russell,Rock Ya-Sin,1540,29
Tyson Russell,Trevor Nowaske,1540,59
Tyson Russell,Tyleik Williams,1540,6
Tyson Russell,Zach Cunningham,1540,18
Ugo Amadi,Bryan Bresee,3300,14
Ugo Amadi,Cameron Jordan,3300,12
Ugo Amadi,Carl Granderson,3300,9
Ugo Amadi,Chase Young,3300,8
Ugo Amadi,Chris Rumph II,3300,49
Ugo Amadi,D'Marco Jackson,3300,22
Ugo Amadi,Danny Stutsman,3300,42
Ugo Amadi,Davon Godchaux,3300,8
Ugo Amadi,Demario Davis,3300,16
Ugo Amadi,Elliott Davison,3300,6
Ugo Amadi,Fadil Diggs,3300,49
Ugo Amadi,Isaac Yiadom,3300,28
Ugo Amadi,Isaiah Foskey,3300,45
Ugo Amadi,Isaiah Stalbird,3300,32
Ugo Amadi,Jasheen Davis,3300,5
Ugo Amadi,Jayden Peevy,3300,7
Ugo Amadi,Jayden Price,3300,12
Ugo Amadi,Jaylan Ford,3300,19
Ugo Amadi,Jeremiah Martin,3300,2
Ugo Amadi,John Ridgeway,3300,18
Ugo Amadi,Jonah Williams,3300,38
Ugo Amadi,Jonas Sanker,3300,59
Ugo Amadi,Jonathan Bullard,3300,8
Ugo Amadi,Jordan Howden,3300,56
Ugo Amadi,Julian Blackmon,3300,16
Ugo Amadi,Justin Reid,3300,15
Ugo Amadi,Khalen Saunders,3300,5
Ugo Amadi,Khristian Boyd,3300,24
Ugo Amadi,Kool-Aid McKinstry,3300,16
Ugo Amadi,Nathan Shepherd,3300,9
Ugo Amadi,Nephi Sewell,3300,28
Ugo Amadi,Omari Thomas,3300,2
Ugo Amadi,Pete Werner,3300,13
Ugo Amadi,Quincy Riley,3300,72
Ugo Amadi,Rejzohn Wright,3300,15
Ugo Amadi,Rico Payton,3300,33
Ugo Amadi,Terrell Burgess,3300,20
Ugo Amadi,Vernon Broughton,3300,48
Ulysses Bentley IV,Ajou Ajou,2200,20
Ulysses Bentley IV,Anthony Gould,2200,15
Ulysses Bentley IV,Blake Freeland,2200,18
Ulysses Bentley IV,Blayne Taylor,2200,42
Ulysses Bentley IV,Coleman Owen,2200,44
Ulysses Bentley IV,D.J. Montgomery,2200,7
Ulysses Bentley IV,Dalton Tucker,2200,28
Ulysses Bentley IV,Danny Pinter,2200,3
Ulysses Bentley IV,Jalen Travis,2200,43
Ulysses Bentley IV,Jason Bean,2200,13
Ulysses Bentley IV,Jelani Woods,2200,45
Ulysses Bentley IV,Josh Sills,2200,52
Ulysses Bentley IV,Landon Parker,2200,22
Ulysses Bentley IV,Laquon Treadwell,2200,35
Ulysses Bentley IV,Luke Tenuta,2200,68
Ulysses Bentley IV,Marcellus Johnson,2200,17
Ulysses Bentley IV,Marshall Foerner,2200,13
Ulysses Bentley IV,Maximilian Mang,2200,3
Ulysses Bentley IV,Mose Vavao,2200,55
Ulysses Bentley IV,Riley Leonard,2200,58
Ulysses Bentley IV,Sean McKeon,2200,8
Ulysses Bentley IV,Tyler Kahmann,2200,15
Ulysses Bentley IV,Wesley French,2200,58
Ulysses Bentley IV,Will Mallory,2200,28
Van Jefferson,Andrew Rupcich,2100,18
Van Jefferson,Blake Hance,2100,28
Van Jefferson,Brandon Allen,2100,8
Van Jefferson,Brenden Jaimes,2100,8
Van Jefferson,Bryce Oliver,2100,1
Van Jefferson,Calvin Ridley,2100,10
Van Jefferson,Cam Ward,2100,11
Van Jefferson,Cameron Ward,2100,21
Van Jefferson,Chig Okonkwo,2100,28
Van Jefferson,Chimere Dike,2100,15
Van Jefferson,Corey Levin,2100,32
Van Jefferson,Dan Moore Jr.,2100,30
Van Jefferson,David Martin-Robinson,2100,4
Van Jefferson,Elic Ayomanor,2100,28
Van Jefferson,Gunnar Helm,2100,17
Van Jefferson,JC Latham,2100,21
Van Jefferson,Jackson Slater,2100,2
Van Jefferson,Jaelyn Duncan,2100,2
Van Jefferson,John Ojukwu,2100,8
Van Jefferson,Josh Whyle,2100,1
Van Jefferson,Julius Chestnut,2100,15
Van Jefferson,Kalel Mullings,2100,13
Van Jefferson,Olisaemeka Udoh,2100,19
Van Jefferson,Peter Skoronski,2100,32
Van Jefferson,Tony Pollard,2100,9
Van Jefferson,Tyjae Spears,2100,3
Van Jefferson,Tyler Lockett,2100,16
Vederian Lowe,Antonio Gibson,3200,6
Vederian Lowe,Ben Brown,3200,22
Vederian Lowe,Ben Wooldridge,3200,35
Vederian Lowe,CJ Dippre,3200,10
Vederian Lowe,Caedan Wallace,3200,23
Vederian Lowe,Cole Fotheringham,3200,26
Vederian Lowe,Cole Strange,3200,46
Vederian Lowe,Demontrey Jacobs,3200,39
Vederian Lowe,Efton Chism III,3200,25
Vederian Lowe,Gee Scott Jr.,3200,11
Vederian Lowe,JaMycal Hasty,3200,43
Vederian Lowe,Jack Westover,3200,39
Vederian Lowe,Jaheim Bell,3200,4
Vederian Lowe,Jared Wilson,3200,38
Vederian Lowe,Javon Baker,3200,48
Vederian Lowe,Jeremiah Webb,3200,14
Vederian Lowe,John Jiles,3200,34
Vederian Lowe,Joshua Dobbs,3200,26
Vederian Lowe,Kyle Williams,3200,12
Vederian Lowe,Marcus Bryant,3200,22
Vederian Lowe,Micah Bernard,3200,1
Vederian Lowe,Phil Lutz,3200,21
Vederian Lowe,Shane Watts,3200,11
Vederian Lowe,Sidy Sow,3200,54
Velus Jones Jr.,Barry Wesley,3300,19
Velus Jones Jr.,Brandin Cooks,3300,2
Velus Jones Jr.,Bub Means,3300,1
Velus Jones Jr.,Cam Akers,3300,2
Velus Jones Jr.,Cedrick Wilson Jr.,3300,15
Velus Jones Jr.,Cesar Ruiz,3300,2
Velus Jones Jr.,Clyde Edwards-Helaire,3300,4
Velus Jones Jr.,Dante Pettis,3300,22
Velus Jones Jr.,Dillon Radunz,3300,12
Velus Jones Jr.,Easton Kilty,3300,24
Velus Jones Jr.,Jack Stoll,3300,3
Velus Jones Jr.,Jonathan Mendoza,3300,17
Velus Jones Jr.,Josiah Ezirim,3300,9
Velus Jones Jr.,Juwan Johnson,3300,2
Velus Jones Jr.,Kelvin Banks Jr.,3300,4
Velus Jones Jr.,Kendre Miller,3300,4
Velus Jones Jr.,Kevin Austin Jr.,3300,30
Velus Jones Jr.,Kyle Hergel,3300,14
Velus Jones Jr.,Landon Young,3300,11
Velus Jones Jr.,Mason Tipton,3300,29
Velus Jones Jr.,Michael Jacobson,3300,15
Velus Jones Jr.,Mike Panasiuk,3300,9
Velus Jones Jr.,Moliki Matavao,3300,11
Velus Jones Jr.,Seth Green,3300,7
Velus Jones Jr.,Shane Lemieux,3300,30
Velus Jones Jr.,Spencer Rattler,3300,26
Velus Jones Jr.,Taliese Fuaga,3300,2
Velus Jones Jr.,Torricelli Simpkins III,3300,28
Velus Jones Jr.,Trevor Penning,3300,4
Velus Jones Jr.,Treyton Welch,3300,1
Velus Jones Jr.,Tyler Shough,3300,11
Ventrell Miller,Andrew Wingard,2250,2
Ventrell Miller,Antonio Johnson,2250,32
Ventrell Miller,Austin Johnson,2250,12
Ventrell Miller,Aydan White,2250,7
Ventrell Miller,BJ Green II,2250,5
Ventrell Miller,Chad Muma,2250,13
Ventrell Miller,Christian Braswell,2250,27
Ventrell Miller,DaVon Hamilton,2250,2
Ventrell Miller,Daniel Thomas,2250,20
Ventrell Miller,Danny Striggow,2250,21
Ventrell Miller,Darnell Savage,2250,17
Ventrell Miller,Dawuane Smoot,2250,13
Ventrell Miller,Deantre Prince,2250,24
Ventrell Miller,Doneiko Slaughter,2250,7
Ventrell Miller,Eli Mostaert,2250,1
Ventrell Miller,Emmanuel Ogbah,2250,13
Ventrell Miller,Eric Murray,2250,2
Ventrell Miller,Ethan Downs,2250,1
Ventrell Miller,Foye Oluokun,2250,2
Ventrell Miller,Jabbar Muhammad,2250,22
Ventrell Miller,Jack Kiser,2250,20
Ventrell Miller,James Carpenter,2250,3
Ventrell Miller,Jarrian Jones,2250,2
Ventrell Miller,Jordan Jefferson,2250,23
Ventrell Miller,Josh Hines-Allen,2250,2
Ventrell Miller,Jourdan Lewis,2250,2
Ventrell Miller,Keivie Rose,2250,14
Ventrell Miller,Myles Cole,2250,18
Ventrell Miller,Travis Hunter,2250,2
Ventrell Miller,Travon Walker,2250,2
Ventrell Miller,Tyler Lacy,2250,10
Ventrell Miller,Yasir Abdullah,2250,9
Vernon Broughton,Chris Rumph II,3300,44
Vernon Broughton,D'Marco Jackson,3300,30
Vernon Broughton,Dalys Beanum,3300,31
Vernon Broughton,Danny Stutsman,3300,30
Vernon Broughton,Elliott Davison,3300,38
Vernon Broughton,Fadil Diggs,3300,62
Vernon Broughton,Isaac Yiadom,3300,8
Vernon Broughton,Isaiah Foskey,3300,53
Vernon Broughton,Isaiah Stalbird,3300,42
Vernon Broughton,Jasheen Davis,3300,16
Vernon Broughton,Jayden Peevy,3300,15
Vernon Broughton,Jayden Price,3300,29
Vernon Broughton,Jaylan Ford,3300,50
Vernon Broughton,Jeremiah Martin,3300,20
Vernon Broughton,John Ridgeway,3300,20
Vernon Broughton,Jonah Williams,3300,42
Vernon Broughton,Jonas Sanker,3300,93
Vernon Broughton,Jonathan Bullard,3300,5
Vernon Broughton,Jordan Howden,3300,48
Vernon Broughton,Khristian Boyd,3300,26
Vernon Broughton,Nephi Sewell,3300,29
Vernon Broughton,Omari Thomas,3300,21
Vernon Broughton,Quincy Riley,3300,66
Vernon Broughton,Rejzohn Wright,3300,51
Vernon Broughton,Rico Payton,3300,27
Vernon Broughton,Terrell Burgess,3300,13
Vernon Broughton,Tyreem Powell,3300,13
Vernon Broughton,Ugo Amadi,3300,48
Vershon Lee,Ben Yurosek,3000,23
Vershon Lee,Brett Rypien,3000,39
Vershon Lee,Bryson Nesbit,3000,61
Vershon Lee,Dontae Fleming,3000,45
Vershon Lee,Giovanni Ricci,3000,35
Vershon Lee,Henry Byrd,3000,30
Vershon Lee,Jeshaun Jones,3000,55
Vershon Lee,Joe Huber,3000,125
Vershon Lee,Leroy Watson IV,3000,85
Vershon Lee,Logan Brown,3000,93
Vershon Lee,Lucky Jackson,3000,43
Vershon Lee,Max Brosmer,3000,81
Vershon Lee,Michael Gonzalez,3000,77
Vershon Lee,Michael Jurgens,3000,39
Vershon Lee,Myles Price,3000,59
Vershon Lee,Nick Vannett,3000,35
Vershon Lee,Robert Lewis,3000,15
Vershon Lee,Sam Howell,3000,5
Vershon Lee,Silas Bolden,3000,22
Vershon Lee,Tai Felton,3000,21
Vershon Lee,Thayer Thomas,3000,39
Vershon Lee,Tim Jones,3000,47
Vershon Lee,Tre Stewart,3000,52
Vershon Lee,Walter Rouse,3000,15
Vershon Lee,Xazavian Valladay,3000,26
Vershon Lee,Zack Bailey,3000,27
Vershon Lee,Zavier Scott,3000,47
Vershon Lee,Zeke Correll,3000,9
Vi Jones,Anthony Goodlow,3800,42
Vi Jones,Benton Whitley,3800,42
Vi Jones,Cody Simon,3800,11
Vi Jones,Darren Hall,3800,74
Vi Jones,Ekow Boye-Doe,3800,58
Vi Jones,Elijah Jones,3800,67
Vi Jones,Elijah Simmons,3800,37
Vi Jones,Elliott Brown,3800,58
Vi Jones,Jammie Robinson,3800,69
Vi Jones,Jaylon Jones,3800,34
Vi Jones,Kei'Trel Clark,3800,13
Vi Jones,Kitan Crawford,3800,9
Vi Jones,Kyon Barrs,3800,34
Vi Jones,Mykal Walker,3800,33
Vi Jones,Owen Pappoe,3800,30
Vi Jones,PJ Mustipher,3800,16
Vi Jones,Patrick Jenkins,3800,33
Vi Jones,Steven Gilmore,3800,36
Vi Jones,Xavier Thomas,3800,44
Viliami Fehoko Jr.,Allan George,5110,4
Viliami Fehoko Jr.,Andre Jones Jr.,5110,9
Viliami Fehoko Jr.,Ben Nikkel,5110,7
Viliami Fehoko Jr.,Bobby Price,5110,4
Viliami Fehoko Jr.,Car'lin Vigers,5110,12
Viliami Fehoko Jr.,Carl Davis,5110,3
Viliami Fehoko Jr.,Clelin Ferrell,5110,2
Viliami Fehoko Jr.,Dominique Hampton,5110,9
Viliami Fehoko Jr.,Eddie Goldman,5110,9
Viliami Fehoko Jr.,Jalyn Holmes,5110,3
Viliami Fehoko Jr.,Jer'Zhan Newton,5110,6
Viliami Fehoko Jr.,Jeremy Reaves,5110,6
Viliami Fehoko Jr.,Kain Medrano,5110,13
Viliami Fehoko Jr.,Kam Arnold,5110,4
Viliami Fehoko Jr.,Kevon Seymour,5110,2
Viliami Fehoko Jr.,Noah Igbinoghene,5110,9
Viliami Fehoko Jr.,Norell Pollard,5110,6
Viliami Fehoko Jr.,Percy Butler,5110,5
Viliami Fehoko Jr.,Robert McDaniel,5110,6
Viliami Fehoko Jr.,Sheldon Day,5110,3
Viliami Fehoko Jr.,Trey Amos,5110,3
Viliami Fehoko Jr.,Tyler Owens,5110,5
Vita Vea,Calijah Kancey,4900,7
Vita Vea,Christian Izien,4900,7
Vita Vea,Deion Jones,4900,7
Vita Vea,Haason Reddick,4900,7
Vita Vea,Jacob Parrish,4900,5
Vita Vea,Jamel Dean,4900,7
Vita Vea,Logan Hall,4900,2
Vita Vea,SirVocea Dennis,4900,7
Vita Vea,Tykee Smith,4900,7
Vita Vea,Yaya Diaby,4900,7
Vita Vea,Zyon McCollum,4900,7
Walker Little,Anton Harrison,2250,11
Walker Little,Austin Trammell,2250,10
Walker Little,Brenton Strange,2250,23
Walker Little,Brian Thomas Jr.,2250,27
Walker Little,Chuma Edoga,2250,11
Walker Little,Dyami Brown,2250,9
Walker Little,Ezra Cleveland,2250,28
Walker Little,Fred Johnson,2250,17
Walker Little,Hunter Long,2250,4
Walker Little,Johnny Mundt,2250,9
Walker Little,Parker Washington,2250,19
Walker Little,Patrick Mekari,2250,17
Walker Little,Robert Hainsey,2250,28
Walker Little,Tank Bigsby,2250,9
Walker Little,Travis Etienne,2250,19
Walker Little,Travis Hunter,2250,10
Walker Little,Trenton Irwin,2250,1
Walker Little,Trevor Lawrence,2250,28
Walter Rouse,Ben Yurosek,3000,32
Walter Rouse,Blake Brandel,3000,33
Walter Rouse,Brett Rypien,3000,16
Walter Rouse,Bryson Nesbit,3000,14
Walter Rouse,Giovanni Ricci,3000,19
Walter Rouse,Henry Byrd,3000,52
Walter Rouse,Jalen Nailor,3000,11
Walter Rouse,Jeshaun Jones,3000,12
Walter Rouse,Joe Huber,3000,54
Walter Rouse,Leroy Watson IV,3000,8
Walter Rouse,Lucky Jackson,3000,45
Walter Rouse,Michael Jurgens,3000,52
Walter Rouse,Nick Vannett,3000,10
Walter Rouse,Sam Howell,3000,38
Walter Rouse,Tai Felton,3000,43
Walter Rouse,Thayer Thomas,3000,26
Walter Rouse,Tim Jones,3000,4
Walter Rouse,Tre Stewart,3000,2
Walter Rouse,Ty Chandler,3000,22
Walter Rouse,Vershon Lee,3000,15
Walter Rouse,Zavier Scott,3000,30
Walter Rouse,Zeke Correll,3000,2
Wan'Dale Robinson,Beaux Collins,3410,6
Wan'Dale Robinson,Chris Manhertz,3410,2
Wan'Dale Robinson,Dalen Cambre,3410,2
Wan'Dale Robinson,Daniel Bellinger,3410,2
Wan'Dale Robinson,Darius Slayton,3410,4
Wan'Dale Robinson,Devin Singletary,3410,9
Wan'Dale Robinson,Evan Neal,3410,5
Wan'Dale Robinson,Greg Dulcich,3410,1
Wan'Dale Robinson,Greg Van Roten,3410,10
Wan'Dale Robinson,Jalin Hyatt,3410,4
Wan'Dale Robinson,James Hudson,3410,15
Wan'Dale Robinson,Jaxson Dart,3410,3
Wan'Dale Robinson,Jermaine Eluemunor,3410,15
Wan'Dale Robinson,John Michael Schmitz,3410,15
Wan'Dale Robinson,Jon Runyan,3410,15
Wan'Dale Robinson,Lil'Jordan Humphrey,3410,6
Wan'Dale Robinson,Montrell Washington,3410,1
Wan'Dale Robinson,Russell Wilson,3410,12
Wan'Dale Robinson,Theo Johnson,3410,12
Wan'Dale Robinson,Tyrone Tracy Jr.,3410,6
Wan'Dale Robinson,Zach Pascal,3410,5
Wande Owens,A.J. Epenesa,0610,1
Wande Owens,Brandon Codrington,0610,9
Wande Owens,Casey Rogers,0610,22
Wande Owens,Daequan Hardy,0610,28
Wande Owens,Dane Jackson,0610,2
Wande Owens,Darrick Forrest,0610,31
Wande Owens,DeWayne Carter,0610,11
Wande Owens,Deone Walker,0610,3
Wande Owens,Dorian Strong,0610,16
Wande Owens,Edefuan Ulofoshio,0610,43
Wande Owens,Ja'Marcus Ingram,0610,42
Wande Owens,Javon Solomon,0610,8
Wande Owens,Jimmy Ciarlo,0610,38
Wande Owens,Joe Andreessen,0610,15
Wande Owens,Jordan Hancock,0610,13
Wande Owens,Justin Hollins,0610,13
Wande Owens,Keonta Jenkins,0610,17
Wande Owens,Landon Jackson,0610,8
Wande Owens,Larry Ogunjobi,0610,1
Wande Owens,Marcus Harris,0610,20
Wande Owens,Michael Hoecht,0610,4
Wande Owens,Nelson Ceaser,0610,22
Wande Owens,Paris Shand,0610,32
Wande Owens,T.J. Sanders,0610,3
Wande Owens,Te'Cory Couch,0610,10
Wande Owens,Zion Logue,0610,28
Wanya Morris,Bailey Zappe,2310,16
Wanya Morris,Brashard Smith,2310,25
Wanya Morris,C.J. Hanson,2310,63
Wanya Morris,Carson Steele,2310,20
Wanya Morris,Chris Oladokun,2310,17
Wanya Morris,Chukwuebuka Godrick,2310,22
Wanya Morris,Elijah Mitchell,2310,22
Wanya Morris,Esa Pole,2310,15
Wanya Morris,Gardner Minshew,2310,30
Wanya Morris,Geor'Quarius Spivey,2310,4
Wanya Morris,Hunter Nourzad,2310,63
Wanya Morris,Jalen Royals,2310,15
Wanya Morris,Jared Wiley,2310,31
Wanya Morris,Jason Brownlee,2310,44
Wanya Morris,Jaylon Moore,2310,26
Wanya Morris,Jimmy Holiday,2310,14
Wanya Morris,Mac Dalena,2310,11
Wanya Morris,Mike Caliendo,2310,63
Wanya Morris,Nikko Remigio,2310,33
Wanya Morris,Noah Gray,2310,1
Wanya Morris,Robert Tonyan,2310,38
Wanya Morris,Skyy Moore,2310,29
Wanya Morris,Tre Watson,2310,16
Wanya Morris,Tyquan Thornton,2310,12
Warren Brinson,Arron Mosby,1800,68
Warren Brinson,Barryn Sorrell,1800,19
Warren Brinson,Bo Melton,1800,35
Warren Brinson,Brenton Cox Jr.,1800,23
Warren Brinson,Colby Wooden,1800,4
Warren Brinson,Corey Ballentine,1800,29
Warren Brinson,Deslin Alexandre,1800,55
Warren Brinson,Devonte O'Malley,1800,1
Warren Brinson,Garnett Hollis Jr.,1800,17
Warren Brinson,Isaiah Dunn,1800,18
Warren Brinson,Isaiah Simmons,1800,65
Warren Brinson,James Ester,1800,23
Warren Brinson,Jamon Johnson,1800,43
Warren Brinson,Jared Bartlett,1800,11
Warren Brinson,Jaylin Simpson,1800,13
Warren Brinson,Johnathan Baldwin,1800,83
Warren Brinson,Kalen King,1800,52
Warren Brinson,Kamal Hadden,1800,42
Warren Brinson,Karl Brooks,1800,10
Warren Brinson,Keith Randolph Jr.,1800,14
Warren Brinson,Kingsley Enagbare,1800,17
Warren Brinson,Kitan Oladapo,1800,54
Warren Brinson,Kristian Welch,1800,55
Warren Brinson,Micah Robinson,1800,54
Warren Brinson,Nazir Stackhouse,1800,54
Warren Brinson,Omar Brown,1800,25
Warren Brinson,Ty'Ron Hopper,1800,43
Warren Brinson,Tyron Herring,1800,33
Warren McClendon Jr.,Beaux Limmer,2510,25
Warren McClendon Jr.,Blake Corum,2510,9
Warren McClendon Jr.,David Quessenberry,2510,25
Warren McClendon Jr.,Davis Allen,2510,25
Warren McClendon Jr.,Drake Stoops,2510,25
Warren McClendon Jr.,Jarquez Hunter,2510,16
Warren McClendon Jr.,Justin Dedich,2510,25
Warren McClendon Jr.,Konata Mumpfield,2510,25
Warren McClendon Jr.,Stetson Bennett,2510,25
Warren McClendon Jr.,Wyatt Bowles,2510,25
Warren McClendon Jr.,Xavier Smith,2510,25
Warren Peeples,Adam Gotsis,4900,7
Warren Peeples,Antonio Grier Jr.,4900,8
Warren Peeples,Bryce Hall,4900,6
Warren Peeples,Deion Jones,4900,7
Warren Peeples,Dvon J-Thomas,4900,28
Warren Peeples,Elijah Roberts,4900,23
Warren Peeples,Eric Banks,4900,10
Warren Peeples,JJ Roberts,4900,13
Warren Peeples,JayVian Farr,4900,12
Warren Peeples,John Bullock,4900,43
Warren Peeples,Jose Ramirez,4900,37
Warren Peeples,Kaevon Merriweather,4900,25
Warren Peeples,Kindle Vildor,4900,12
Warren Peeples,Markees Watts,4900,6
Warren Peeples,Mike Greene,4900,14
Warren Peeples,Nash Hutmacher,4900,25
Warren Peeples,Nick Jackson,4900,28
Warren Peeples,Rashad Wisdom,4900,27
Warren Peeples,Roman Parodie,4900,25
Warren Peeples,Shilo Sanders,4900,25
Warren Peeples,Tre Avery,4900,18
Warren Peeples,Tyrek Funderburk,4900,13
Warren Peeples,Will Brooks,4900,18
Wesley French,Ajou Ajou,2200,42
Wesley French,Anthony Gould,2200,15
Wesley French,Blake Freeland,2200,23
Wesley French,Blayne Taylor,2200,53
Wesley French,Coleman Owen,2200,66
Wesley French,D.J. Montgomery,2200,6
Wesley French,Dalton Tucker,2200,15
Wesley French,Jalen Travis,2200,30
Wesley French,Jason Bean,2200,44
Wesley French,Jelani Woods,2200,58
Wesley French,Josh Sills,2200,79
Wesley French,Khalil Herbert,2200,8
Wesley French,Landon Parker,2200,39
Wesley French,Laquon Treadwell,2200,25
Wesley French,Luke Tenuta,2200,66
Wesley French,Marcellus Johnson,2200,49
Wesley French,Marshall Foerner,2200,45
Wesley French,Maximilian Mang,2200,10
Wesley French,Mose Vavao,2200,85
Wesley French,Nate Noel,2200,16
Wesley French,Nay'Quan Wright,2200,16
Wesley French,Riley Leonard,2200,54
Wesley French,Sean McKeon,2200,30
Wesley French,Tyler Kahmann,2200,32
Wesley French,Ulysses Bentley IV,2200,58
Wesley French,Will Mallory,2200,16
Will Anderson Jr.,Azeez Al-Shaair,2120,9
Will Anderson Jr.,Calen Bullock,2120,9
Will Anderson Jr.,Danielle Hunter,2120,9
Will Anderson Jr.,Derek Stingley Jr.,2120,8
Will Anderson Jr.,E.J. Speed,2120,4
Will Anderson Jr.,Henry To'oTo'o,2120,7
Will Anderson Jr.,Jalen Pitre,2120,9
Will Anderson Jr.,Jaylin Smith,2120,1
Will Anderson Jr.,Kamari Lassiter,2120,9
Will Anderson Jr.,M.J. Stewart,2120,7
Will Anderson Jr.,Mario Edwards,2120,1
Will Anderson Jr.,Sheldon Rankins,2120,9
Will Anderson Jr.,Tim Settle,2120,8
Will Bradley-King,Bruce Hector,4500,31
Will Bradley-King,Chase Lucas,4500,32
Will Bradley-King,Chazz Surratt,4500,13
Will Bradley-King,Curtis Robinson,4500,12
Will Bradley-King,Demone Harris,4500,4
Will Bradley-King,Derrick Canteen,4500,35
Will Bradley-King,Evan Anderson,4500,4
Will Bradley-King,Jakob Robinson,4500,34
Will Bradley-King,Jalen Graham,4500,21
Will Bradley-King,Jaylen Mahoney,4500,35
Will Bradley-King,Jaylon Allen,4500,31
Will Bradley-King,Nick Martin,4500,28
Will Bradley-King,Sebastian Valdez,4500,11
Will Bradley-King,Shakel Brown,4500,24
Will Bradley-King,Siran Neal,4500,35
Will Brooks,Adam Gotsis,4900,7
Will Brooks,Bryce Hall,4900,10
Will Brooks,C.J. Brewer,4900,6
Will Brooks,Chris Braswell,4900,6
Will Brooks,Deion Jones,4900,24
Will Brooks,Dvon J-Thomas,4900,20
Will Brooks,Elijah Roberts,4900,20
Will Brooks,Eric Banks,4900,16
Will Brooks,John Bullock,4900,32
Will Brooks,Jose Ramirez,4900,34
Will Brooks,Kaevon Merriweather,4900,41
Will Brooks,Kindle Vildor,4900,6
Will Brooks,Markees Watts,4900,24
Will Brooks,Mike Greene,4900,13
Will Brooks,Nash Hutmacher,4900,20
Will Brooks,Nick Jackson,4900,26
Will Brooks,Rashad Wisdom,4900,21
Will Brooks,Roman Parodie,4900,31
Will Brooks,Tre Avery,4900,35
Will Brooks,Warren Peeples,4900,18
Will Campbell,Antonio Gibson,3200,6
Will Campbell,Austin Hooper,3200,24
Will Campbell,Ben Brown,3200,23
Will Campbell,DeMario Douglas,3200,15
Will Campbell,Drake Maye,3200,28
Will Campbell,Garrett Bradbury,3200,20
Will Campbell,Hunter Henry,3200,5
Will Campbell,Jack Westover,3200,13
Will Campbell,Jared Wilson,3200,13
Will Campbell,Kayshon Boutte,3200,22
Will Campbell,Kyle Williams,3200,11
Will Campbell,Mack Hollins,3200,21
Will Campbell,Marcus Bryant,3200,28
Will Campbell,Mike Onwenu,3200,28
Will Campbell,Rhamondre Stevenson,3200,8
Will Campbell,TreVeyon Henderson,3200,15
Will Clapp,Brandin Cooks,3300,2
Will Clapp,Cedrick Wilson Jr.,3300,2
Will Clapp,Cesar Ruiz,3300,2
Will Clapp,Jack Stoll,3300,1
Will Clapp,Juwan Johnson,3300,2
Will Clapp,Kelvin Banks Jr.,3300,2
Will Clapp,Kendre Miller,3300,2
Will Clapp,Mason Tipton,3300,1
Will Clapp,Spencer Rattler,3300,2
Will Clapp,Taliese Fuaga,3300,2
Will Clapp,Trevor Penning,3300,2
Will Dissly,Bradley Bozeman,4400,3
Will Dissly,Corey Stewart,4400,4
Will Dissly,Derius Davis,4400,1
Will Dissly,Jamaree Salyer,4400,7
Will Dissly,Joe Alt,4400,3
Will Dissly,Justin Herbert,4400,3
Will Dissly,Karsen Barnhart,4400,4
Will Dissly,KeAndre Lambert-Smith,4400,5
Will Dissly,Keenan Allen,4400,1
Will Dissly,Ladd McConkey,4400,3
Will Dissly,Omarion Hampton,4400,7
Will Dissly,Oronde Gadsden II,4400,1
Will Dissly,Quentin Johnston,4400,2
Will Dissly,Scott Matlock,4400,4
Will Dissly,Tre Harris,4400,2
Will Dissly,Trey Lance,4400,4
Will Dissly,Trey Pipkins,4400,7
Will Dissly,Tucker Fisk,4400,2
Will Dissly,Zion Johnson,4400,7
Will Fries,Brian O'Neill,3000,12
Will Fries,C.J. Ham,3000,3
Will Fries,Donovan Jackson,3000,12
Will Fries,J.J. McCarthy,3000,12
Will Fries,Jalen Nailor,3000,12
Will Fries,Jordan Addison,3000,12
Will Fries,Jordan Mason,3000,12
Will Fries,Josh Oliver,3000,8
Will Fries,Justin Skule,3000,12
Will Fries,Lucky Jackson,3000,5
Will Fries,Ryan Kelly,3000,12
Will Fries,T.J. Hockenson,3000,8
Will Grier,Ajani Cornelius,1200,8
Will Grier,Asim Richards,1200,30
Will Grier,Brock Hoffman,1200,30
Will Grier,Geron Christian,1200,30
Will Grier,Jalen Brooks,1200,14
Will Grier,Jalen Cropper,1200,9
Will Grier,Jaydon Blue,1200,4
Will Grier,Josh Kelly,1200,28
Will Grier,La'el Collins,1200,22
Will Grier,Malik Davis,1200,14
Will Grier,Nick Broeker,1200,23
Will Grier,Phil Mafah,1200,12
Will Grier,Princeton Fant,1200,7
Will Grier,Rivaldo Fairweather,1200,10
Will Grier,Ryan Flournoy,1200,3
Will Grier,TJ Bass,1200,7
Will Grier,Traeshon Holden,1200,29
Will Grier,Tyler Neville,1200,20
Will Harris,Ale Kaho,5110,2
Will Harris,Car'lin Vigers,5110,1
Will Harris,Daron Payne,5110,10
Will Harris,Deatrich Wise,5110,8
Will Harris,Dorance Armstrong,5110,5
Will Harris,Eddie Goldman,5110,3
Will Harris,Frankie Luvu,5110,9
Will Harris,Jacob Martin,5110,4
Will Harris,Jalyn Holmes,5110,5
Will Harris,Javon Kinlaw,5110,8
Will Harris,Jer'Zhan Newton,5110,1
Will Harris,Jeremy Reaves,5110,1
Will Harris,Kain Medrano,5110,11
Will Harris,Marshon Lattimore,5110,9
Will Harris,Mike Sainristil,5110,11
Will Harris,Noah Igbinoghene,5110,7
Will Harris,Quan Martin,5110,11
Will Harris,Tyler Owens,5110,3
Will Johnson,Akeem Davis-Gaither,3800,23
Will Johnson,Anthony Goodlow,3800,9
Will Johnson,Baron Browning,3800,10
Will Johnson,Benton Whitley,3800,9
Will Johnson,Budda Baker,3800,10
Will Johnson,Cody Simon,3800,25
Will Johnson,Dadrion Taylor-Demerson,3800,17
Will Johnson,Dalvin Tomlinson,3800,5
Will Johnson,Dante Stills,3800,15
Will Johnson,Darius Robinson,3800,8
Will Johnson,Darren Hall,3800,13
Will Johnson,Denzel Burke,3800,27
Will Johnson,Elijah Simmons,3800,14
Will Johnson,Elliott Brown,3800,9
Will Johnson,Garrett Williams,3800,10
Will Johnson,Jalen Thompson,3800,10
Will Johnson,Jaylon Jones,3800,16
Will Johnson,Joey Blount,3800,28
Will Johnson,Jordan Burch,3800,27
Will Johnson,Kitan Crawford,3800,25
Will Johnson,Kyon Barrs,3800,11
Will Johnson,L.J. Collier,3800,19
Will Johnson,Mack Wilson,3800,10
Will Johnson,Max Melton,3800,19
Will Johnson,Owen Pappoe,3800,23
Will Johnson,PJ Mustipher,3800,21
Will Johnson,Patrick Jenkins,3800,10
Will Johnson,Xavier Thomas,3800,27
Will Johnson,Zaven Collins,3800,10
Will Mallory,Adonai Mitchell,2200,28
Will Mallory,Andrew Ogletree,2200,12
Will Mallory,Anthony Gould,2200,28
Will Mallory,Anthony Richardson,2200,7
Will Mallory,Ashton Dulin,2200,20
Will Mallory,Blake Freeland,2200,22
Will Mallory,Blayne Taylor,2200,26
Will Mallory,Braden Smith,2200,1
Will Mallory,Coleman Owen,2200,12
Will Mallory,D.J. Montgomery,2200,9
Will Mallory,DJ Giddens,2200,18
Will Mallory,Dalton Tucker,2200,59
Will Mallory,Daniel Jones,2200,14
Will Mallory,Danny Pinter,2200,17
Will Mallory,Jalen Travis,2200,64
Will Mallory,Jelani Woods,2200,12
Will Mallory,Josh Sills,2200,30
Will Mallory,Khalil Herbert,2200,7
Will Mallory,Laquon Treadwell,2200,43
Will Mallory,Luke Tenuta,2200,41
Will Mallory,Marcellus Johnson,2200,4
Will Mallory,Matt Goncalves,2200,29
Will Mallory,Michael Pittman,2200,1
Will Mallory,Mose Vavao,2200,15
Will Mallory,Quenton Nelson,2200,1
Will Mallory,Riley Leonard,2200,43
Will Mallory,Tanor Bortolini,2200,21
Will Mallory,Tyler Goodson,2200,11
Will Mallory,Tyler Warren,2200,1
Will Mallory,Ulysses Bentley IV,2200,28
Will Mallory,Wesley French,2200,16
Will McDonald IV,Andre Cisco,3430,8
Will McDonald IV,Brandon Stephens,3430,8
Will McDonald IV,Derrick Nnadi,3430,7
Will McDonald IV,Eric Watts,3430,1
Will McDonald IV,Jamien Sherwood,3430,8
Will McDonald IV,Jamin Davis,3430,3
Will McDonald IV,Jay Tufele,3430,8
Will McDonald IV,Leonard Taylor III,3430,1
Will McDonald IV,Michael Carter II,3430,5
Will McDonald IV,Micheal Clemons,3430,7
Will McDonald IV,Quincy Williams,3430,8
Will McDonald IV,Sauce Gardner,3430,8
Will McDonald IV,Tony Adams,3430,8
Will Putnam,Aidan O'Connell,2520,51
Will Putnam,Albert Okwuegbunam,2520,8
Will Putnam,Alex Bachman,2520,41
Will Putnam,Alex Cappa,2520,10
Will Putnam,Atonio Mafi,2520,54
Will Putnam,Caleb Rogers,2520,74
Will Putnam,Cam Miller,2520,27
Will Putnam,Carter Runyon,2520,31
Will Putnam,Charles Grant,2520,74
Will Putnam,Chris Collier,2520,10
Will Putnam,Collin Johnson,2520,32
Will Putnam,Dalton Wagner,2520,4
Will Putnam,Dont'e Thornton Jr.,2520,20
Will Putnam,Dylan Laube,2520,14
Will Putnam,Gottlieb Ayedze,2520,14
Will Putnam,Ian Thomas,2520,24
Will Putnam,Jack Bech,2520,41
Will Putnam,Jarrod Hufford,2520,4
Will Putnam,Justin Shorter,2520,26
Will Putnam,Ketron Jackson Jr.,2520,5
Will Putnam,Parker Clements,2520,4
Will Putnam,Phillip Dorsett,2520,32
Will Putnam,Qadir Ismail,2520,17
Will Putnam,Raheem Mostert,2520,20
Will Putnam,Shedrick Jackson,2520,35
Will Putnam,Sincere McCormick,2520,15
Will Putnam,Thayer Munford Jr.,2520,74
Will Putnam,Zamir White,2520,19
Will Sheppard,Amar Johnson,1800,17
Will Sheppard,Anthony Belton,1800,43
Will Sheppard,Ben Sims,1800,24
Will Sheppard,Brant Banks,1800,22
Will Sheppard,Cornelius Johnson,1800,13
Will Sheppard,Donovan Jennings,1800,29
Will Sheppard,Emanuel Wilson,1800,5
Will Sheppard,Isaiah Neyor,1800,20
Will Sheppard,Israel Abanikanda,1800,21
Will Sheppard,J.J. Lippe,1800,22
Will Sheppard,Jacob Monk,1800,6
Will Sheppard,Johnny Lumpkin,1800,17
Will Sheppard,Jordan Morgan,1800,2
Will Sheppard,Julian Hicks,1800,27
Will Sheppard,Kadeem Telfort,1800,35
Will Sheppard,Kawaan Baker,1800,3
Will Sheppard,Lecitus Smith,1800,39
Will Sheppard,Malik Heath,1800,6
Will Sheppard,Malik Willis,1800,2
Will Sheppard,Mecole Hardman,1800,14
Will Sheppard,Messiah Swinson,1800,29
Will Sheppard,Sean Clifford,1800,20
Will Sheppard,Sean Rhyan,1800,2
Will Sheppard,Taylor Elgersma,1800,29
Will Sheppard,Trey Hill,1800,28
Will Sheppard,Tyler Cooper,1800,27
Will Sheppard,Tyrion Davis-Price,1800,8
Will Sherman,A.T. Perry,1400,6
Will Sherman,Adam Prentice,1400,6
Will Sherman,Adam Trautman,1400,5
Will Sherman,Alex Forsyth,1400,34
Will Sherman,Alex Palczewski,1400,22
Will Sherman,Audric EstimÃ©,1400,42
Will Sherman,Blake Watson,1400,41
Will Sherman,Caden Prieskorn,1400,50
Will Sherman,Caleb Lohner,1400,62
Will Sherman,Calvin Throckmorton,1400,22
Will Sherman,Clay Webb,1400,67
Will Sherman,Courtney Jackson,1400,45
Will Sherman,Evan Engram,1400,8
Will Sherman,Frank Crum,1400,37
Will Sherman,Jaleel McLaughlin,1400,5
Will Sherman,Jarrett Stidham,1400,34
Will Sherman,Jerjuan Newton,1400,44
Will Sherman,Joaquin Davis,1400,54
Will Sherman,Joseph Michalski,1400,80
Will Sherman,Kyrese Rowan,1400,38
Will Sherman,Lucas Krull,1400,24
Will Sherman,Marques Cox,1400,80
Will Sherman,Matt Peart,1400,34
Will Sherman,Michael Bandy,1400,24
Will Sherman,Nick Gargiulo,1400,22
Will Sherman,Pat Bryant,1400,34
Will Sherman,RJ Harvey,1400,10
Will Sherman,Sam Ehlinger,1400,80
Will Sherman,Trent Sherfield,1400,24
Will Sherman,Troy Franklin,1400,31
Will Sherman,Tyler Badie,1400,16
Will Sherman,Xavier Truss,1400,58
Will Shipley,Ainias Smith,3700,8
Will Shipley,Brett Toth,3700,14
Will Shipley,Darian Kinnard,3700,5
Will Shipley,Darius Cooper,3700,5
Will Shipley,Drew Kendall,3700,14
Will Shipley,Grant Calcaterra,3700,13
Will Shipley,Harrison Bryant,3700,7
Will Shipley,Jahan Dotson,3700,9
Will Shipley,Johnny Wilson,3700,14
Will Shipley,Kendall Lamm,3700,14
Will Shipley,Matt Pryor,3700,14
Will Shipley,Tanner McKee,3700,14
Will Shipley,Tyler Steen,3700,9
William Kwenkeu,Adedayo Odeleye,0325,1
William Kwenkeu,Adisa Isaac,0325,6
William Kwenkeu,Aeneas Peebles,0325,4
William Kwenkeu,Basil Okoye,0325,5
William Kwenkeu,Beau Brade,0325,8
William Kwenkeu,C.J. Ravenell,0325,4
William Kwenkeu,Chandler Martin,0325,1
William Kwenkeu,David Ojabo,0325,6
William Kwenkeu,Jalyn Armour-Davis,0325,8
William Kwenkeu,Jayson Jones,0325,6
William Kwenkeu,Kaimon Rucker,0325,1
William Kwenkeu,Keondre Jackson,0325,1
William Kwenkeu,Keyon Martin,0325,7
William Kwenkeu,Malik Hamm,0325,1
William Kwenkeu,Marquise Robinson,0325,1
William Kwenkeu,Mike Green,0325,4
William Kwenkeu,Reuben Lowery,0325,9
William Kwenkeu,T.J. Tampa,0325,9
William Kwenkeu,Teddye Buchanan,0325,8
Willie Gay Jr.,Ben Stille,2700,2
Willie Gay Jr.,Benito Jones,2700,18
Willie Gay Jr.,Bradley Chubb,2700,8
Willie Gay Jr.,Cameron Goode,2700,8
Willie Gay Jr.,Channing Tindall,2700,2
Willie Gay Jr.,Chop Robinson,2700,6
Willie Gay Jr.,Cornell Armstrong,2700,12
Willie Gay Jr.,Dante Trader Jr.,2700,5
Willie Gay Jr.,Derrick McLendon,2700,16
Willie Gay Jr.,Elijah Campbell,2700,23
Willie Gay Jr.,Ethan Bonner,2700,16
Willie Gay Jr.,Grayson Murphy,2700,23
Willie Gay Jr.,Ifeatu Melifonwu,2700,41
Willie Gay Jr.,Jack Jones,2700,27
Willie Gay Jr.,Jaelan Phillips,2700,8
Willie Gay Jr.,Jason Marshall Jr.,2700,9
Willie Gay Jr.,Jordan Colbert,2700,7
Willie Gay Jr.,Jordan Phillips,2700,21
Willie Gay Jr.,K.J. Britt,2700,44
Willie Gay Jr.,Kendall Sheffield,2700,20
Willie Gay Jr.,Kenneth Grant,2700,30
Willie Gay Jr.,Matt Dickerson,2700,5
Willie Gay Jr.,Matthew Butler,2700,30
Willie Gay Jr.,Matthew Judon,2700,6
Willie Gay Jr.,Mike Hilton,2700,11
Willie Gay Jr.,Minkah Fitzpatrick,2700,6
Willie Gay Jr.,Patrick McMorris,2700,18
Willie Gay Jr.,Quinton Bell,2700,25
Willie Gay Jr.,Storm Duck,2700,37
Willie Gay Jr.,Tyrel Dodson,2700,6
Willie Gay Jr.,Zach Sieler,2700,6
Willie Gay Jr.,Zeek Biggers,2700,4
Willie Lampkin,A.J. Arcuri,2510,36
Willie Lampkin,Anthony Torres,2510,14
Willie Lampkin,Beaux Limmer,2510,12
Willie Lampkin,Ben Dooley,2510,20
Willie Lampkin,Brennan Presley,2510,29
Willie Lampkin,Britain Covey,2510,41
Willie Lampkin,Cody Schrader,2510,16
Willie Lampkin,Drake Stoops,2510,7
Willie Lampkin,Dresser Winn,2510,6
Willie Lampkin,Jarquez Hunter,2510,22
Willie Lampkin,Jordan Waters,2510,6
Willie Lampkin,Justin Dedich,2510,27
Willie Lampkin,KT Leveston,2510,47
Willie Lampkin,Konata Mumpfield,2510,9
Willie Lampkin,Mario Williams,2510,38
Willie Lampkin,Mark Redman,2510,33
Willie Lampkin,Ronnie Rivers,2510,3
Willie Lampkin,Stetson Bennett,2510,41
Willie Lampkin,Trey Wedig,2510,11
Willie Lampkin,Tru Edwards,2510,17
Willie Lampkin,Wyatt Bowles,2510,35
Winston Reid,Adin Huntington,1050,10
Winston Reid,Cameron Mitchell,1050,9
Winston Reid,Cameron Thomas,1050,18
Winston Reid,Chigozie Anusiem,1050,12
Winston Reid,Chris Edmonds,1050,21
Winston Reid,Damontae Kazee,1050,13
Winston Reid,Dom Jones,1050,8
Winston Reid,Donovan McMillon,1050,8
Winston Reid,Easton Mascarenas-Arnold,1050,3
Winston Reid,Jerome Baker,1050,8
Winston Reid,Jowon Briggs,1050,12
Winston Reid,Julian Okwara,1050,16
Winston Reid,KJ Henry,1050,8
Winston Reid,Myles Harden,1050,7
Winston Reid,Nathaniel Watson,1050,15
Winston Reid,Nik Needham,1050,1
Winston Reid,Ralph Holley,1050,13
Winston Reid,Sam Kamara,1050,7
Winston Reid,Tony Brown,1050,21
Woody Marks,Aireontae Ersery,2120,8
Woody Marks,Austin Deculus,2120,34
Woody Marks,Blake Fisher,2120,23
Woody Marks,Braxton Berrios,2120,11
Woody Marks,Brevin Jordan,2120,7
Woody Marks,Cade Stover,2120,12
Woody Marks,Conor McDermott,2120,12
Woody Marks,Cornell Powell,2120,10
Woody Marks,Dalton Schultz,2120,8
Woody Marks,Daniel Jackson,2120,2
Woody Marks,Davis Mills,2120,11
Woody Marks,Ed Ingram,2120,18
Woody Marks,Eli Cox,2120,12
Woody Marks,Graham Mertz,2120,16
Woody Marks,Harrison Bryant,2120,6
Woody Marks,Irv Smith,2120,14
Woody Marks,Jake Andrews,2120,8
Woody Marks,Jakob Johnson,2120,6
Woody Marks,Jarrett Patterson,2120,32
Woody Marks,Jayden Higgins,2120,25
Woody Marks,Jaylin Noel,2120,18
Woody Marks,Jaylon Thomas,2120,34
Woody Marks,John Metchie III,2120,19
Woody Marks,Juice Scruggs,2120,27
Woody Marks,Justin Watson,2120,17
Woody Marks,Juwann Winfree,2120,10
Woody Marks,Kedon Slovis,2120,25
Woody Marks,LaDarius Henderson,2120,17
Woody Marks,Laken Tomlinson,2120,8
Woody Marks,Luke Lachey,2120,19
Woody Marks,Quintez Cephus,2120,10
Woody Marks,Xavier Hutchinson,2120,14
Woody Marks,Zach Thomas,2120,27
Wy'Kevious Thomas,Alphonzo Tuputala,4600,18
Wy'Kevious Thomas,Anthony Campbell,4600,16
Wy'Kevious Thomas,Brandon Pili,4600,3
Wy'Kevious Thomas,Connor O'Toole,4600,50
Wy'Kevious Thomas,D'Anthony Bell,4600,43
Wy'Kevious Thomas,D'Eryk Jackson,4600,46
Wy'Kevious Thomas,Damarion Williams,4600,65
Wy'Kevious Thomas,Drake Thomas,4600,39
Wy'Kevious Thomas,Isas Waxter,4600,23
Wy'Kevious Thomas,J.R. Singleton,4600,35
Wy'Kevious Thomas,Jalan Gaines,4600,7
Wy'Kevious Thomas,Jamie Sheriff,4600,22
Wy'Kevious Thomas,Jared Ivey,4600,42
Wy'Kevious Thomas,Jerrick Reed II,4600,46
Wy'Kevious Thomas,Josh Jobe,4600,3
Wy'Kevious Thomas,Kam Alexander,4600,5
Wy'Kevious Thomas,Keydrain Calligan,4600,33
Wy'Kevious Thomas,Michael Dowell,4600,10
Wy'Kevious Thomas,Mike Morris,4600,12
Wy'Kevious Thomas,Nehemiah Pritchett,4600,17
Wy'Kevious Thomas,Nick Emmanwori,4600,2
Wy'Kevious Thomas,Patrick O'Connell,4600,19
Wy'Kevious Thomas,Quinton Bohanna,4600,21
Wy'Kevious Thomas,Seth Coleman,4600,18
Wy'Kevious Thomas,Shaquill Griffin,4600,6
Wy'Kevious Thomas,Ty Okada,4600,56
Wy'Kevious Thomas,Tyler Hall,4600,34
Wy'Kevious Thomas,Tyreke Smith,4600,9
Wyatt Bowles,A.J. Arcuri,2510,114
Wyatt Bowles,Anthony Torres,2510,27
Wyatt Bowles,Beaux Limmer,2510,61
Wyatt Bowles,Ben Dooley,2510,85
Wyatt Bowles,Blake Corum,2510,28
Wyatt Bowles,Brennan Presley,2510,75
Wyatt Bowles,Britain Covey,2510,93
Wyatt Bowles,Cody Schrader,2510,71
Wyatt Bowles,David Quessenberry,2510,49
Wyatt Bowles,Davis Allen,2510,36
Wyatt Bowles,Drake Stoops,2510,95
Wyatt Bowles,Dresser Winn,2510,44
Wyatt Bowles,Jarquez Hunter,2510,52
Wyatt Bowles,John Leglue,2510,10
Wyatt Bowles,Jordan Waters,2510,6
Wyatt Bowles,Justin Dedich,2510,75
Wyatt Bowles,KT Leveston,2510,111
Wyatt Bowles,Konata Mumpfield,2510,59
Wyatt Bowles,Mario Williams,2510,48
Wyatt Bowles,Mark Redman,2510,73
Wyatt Bowles,McCallan Castles,2510,8
Wyatt Bowles,Ronnie Rivers,2510,3
Wyatt Bowles,Stetson Bennett,2510,116
Wyatt Bowles,Terrance Ferguson,2510,20
Wyatt Bowles,Trey Wedig,2510,75
Wyatt Bowles,Tru Edwards,2510,54
Wyatt Bowles,Warren McClendon Jr.,2510,25
Wyatt Bowles,Willie Lampkin,2510,35
Wyatt Bowles,Xavier Smith,2510,52
Wyatt Milum,Austin Trammell,2250,11
Wyatt Milum,Bhayshul Tuten,2250,22
Wyatt Milum,Cam Camper,2250,3
Wyatt Milum,Darius Lassiter,2250,7
Wyatt Milum,Dorian Singer,2250,7
Wyatt Milum,Eli Pancol,2250,7
Wyatt Milum,Fred Johnson,2250,33
Wyatt Milum,Hunter Long,2250,26
Wyatt Milum,John Wolford,2250,10
Wyatt Milum,Johnny Mundt,2250,5
Wyatt Milum,Jonah Monheim,2250,40
Wyatt Milum,Joshua Cephus,2250,26
Wyatt Milum,LeQuint Allen Jr.,2250,3
Wyatt Milum,Luke Fortner,2250,40
Wyatt Milum,Nick Mullens,2250,30
Wyatt Milum,Parker Washington,2250,22
Wyatt Milum,Patrick Herbert,2250,10
Wyatt Milum,Patrick Mekari,2250,5
Wyatt Milum,Quintin Morris,2250,2
Wyatt Milum,Ricky Lee,2250,7
Wyatt Milum,Sal Wormley,2250,35
Wyatt Milum,Shawn Bowman,2250,7
Wyatt Milum,Tank Bigsby,2250,15
Wyatt Milum,Trenton Irwin,2250,27
Wyatt Teller,Adin Huntington,1050,1
Wyatt Teller,Brenden Bates,1050,1
Wyatt Teller,David Njoku,1050,12
Wyatt Teller,Dawand Jones,1050,16
Wyatt Teller,Diontae Johnson,1050,10
Wyatt Teller,Dylan Sampson,1050,5
Wyatt Teller,Ethan Pocic,1050,8
Wyatt Teller,Gage Larvadain,1050,4
Wyatt Teller,Harold Fannin Jr.,1050,10
Wyatt Teller,Isaiah Bond,1050,5
Wyatt Teller,Jack Conklin,1050,10
Wyatt Teller,Jackson Barton,1050,6
Wyatt Teller,Jamari Thrash,1050,7
Wyatt Teller,Jerome Ford,1050,6
Wyatt Teller,Jerry Jeudy,1050,3
Wyatt Teller,Joe Flacco,1050,16
Wyatt Teller,Kaden Davis,1050,11
Wyatt Teller,Luke Wypler,1050,8
Wyatt Teller,Pierre Strong,1050,5
Wyatt Teller,Zak Zinter,1050,16
Xander Mueller,Ajani Carter,2310,10
Xander Mueller,Azizi Hearn,2310,10
Xander Mueller,Brandon George,2310,10
Xander Mueller,Coziah Izzard,2310,10
Xander Mueller,Fabien Lovett Sr.,2310,6
Xander Mueller,Glendon Miller,2310,10
Xander Mueller,Jacobe Covington,2310,10
Xander Mueller,Kevin Knowles,2310,10
Xander Mueller,Malik Herring,2310,9
Xander Mueller,Nate Matlack,2310,10
Xander Mueller,Owen Carney,2310,5
Xavier Carlton,Alex Cook,0810,45
Xavier Carlton,Amen Ogbongbemiga,0810,12
Xavier Carlton,Carl Jones,0810,24
Xavier Carlton,Daniel Hardy,0810,30
Xavier Carlton,Jamree Kromah,0810,34
Xavier Carlton,Jeremiah Walker,0810,40
Xavier Carlton,Jonathan Ford,0810,38
Xavier Carlton,Jonathan Owens,0810,10
Xavier Carlton,Josh Blackwell,0810,12
Xavier Carlton,Kaleb Hayes,0810,19
Xavier Carlton,Mark Perry,0810,22
Xavier Carlton,Mekhi Garner,0810,25
Xavier Carlton,Nick McCloud,0810,6
Xavier Carlton,Noah Sewell,0810,3
Xavier Carlton,Power Echols,0810,30
Xavier Carlton,Ruben Hyppolite II,0810,11
Xavier Carlton,Swayze Bozeman,0810,19
Xavier Carlton,Tre Flowers,0810,24
Xavier Carlton,Tysheem Johnson,0810,13
Xavier Carlton,Zacch Pickens,0810,33
Xavier Guillory,Anthony Miller,0325,7
Xavier Guillory,Baylor Cupp,0325,12
Xavier Guillory,Ben Cleveland,0325,2
Xavier Guillory,Carson Vinson,0325,48
Xavier Guillory,Cooper Rush,0325,2
Xavier Guillory,Corey Bullock,0325,2
Xavier Guillory,D'Ernest Johnson,0325,25
Xavier Guillory,Darrian Dalcourt,0325,2
Xavier Guillory,Devin Leary,0325,46
Xavier Guillory,Devontez Walker,0325,7
Xavier Guillory,Garrett Dellinger,0325,46
Xavier Guillory,Gerad Lichtenhan,0325,46
Xavier Guillory,Jahmal Banks,0325,35
Xavier Guillory,Jared Penning,0325,46
Xavier Guillory,Joe Noteboom,0325,2
Xavier Guillory,Keith Kirkwood,0325,1
Xavier Guillory,Lucas Scott,0325,19
Xavier Guillory,Malik Cunningham,0325,12
Xavier Guillory,Myles Gaskin,0325,12
Xavier Guillory,Nick Samac,0325,22
Xavier Guillory,Rasheen Ali,0325,11
Xavier Guillory,Reid Holskey,0325,24
Xavier Guillory,Scotty Washington,0325,23
Xavier Guillory,Zaire Mitchell-Paden,0325,28
Xavier Hutchinson,Aireontae Ersery,2120,24
Xavier Hutchinson,Austin Deculus,2120,10
Xavier Hutchinson,Blake Fisher,2120,32
Xavier Hutchinson,Braxton Berrios,2120,2
Xavier Hutchinson,Brevin Jordan,2120,10
Xavier Hutchinson,C.J. Stroud,2120,9
Xavier Hutchinson,Cade Stover,2120,18
Xavier Hutchinson,Christian Kirk,2120,7
Xavier Hutchinson,Dalton Schultz,2120,14
Xavier Hutchinson,Dameon Pierce,2120,8
Xavier Hutchinson,Dare Ogunbowale,2120,10
Xavier Hutchinson,Davis Mills,2120,16
Xavier Hutchinson,Ed Ingram,2120,32
Xavier Hutchinson,Graham Mertz,2120,9
Xavier Hutchinson,Harrison Bryant,2120,3
Xavier Hutchinson,Irv Smith,2120,5
Xavier Hutchinson,Jake Andrews,2120,24
Xavier Hutchinson,Jakob Johnson,2120,5
Xavier Hutchinson,Jarrett Patterson,2120,18
Xavier Hutchinson,Jawhar Jordan,2120,3
Xavier Hutchinson,Jayden Higgins,2120,32
Xavier Hutchinson,Jaylin Noel,2120,13
Xavier Hutchinson,Jaylon Thomas,2120,10
Xavier Hutchinson,John Metchie III,2120,1
Xavier Hutchinson,Juice Scruggs,2120,25
Xavier Hutchinson,Justin Watson,2120,1
Xavier Hutchinson,Kedon Slovis,2120,8
Xavier Hutchinson,Laken Tomlinson,2120,17
Xavier Hutchinson,Luke Lachey,2120,6
Xavier Hutchinson,Nick Chubb,2120,7
Xavier Hutchinson,Nico Collins,2120,9
Xavier Hutchinson,Woody Marks,2120,14
Xavier Hutchinson,Zach Thomas,2120,18
Xavier Johnson,Austin Deculus,2120,27
Xavier Johnson,British Brooks,2120,7
Xavier Johnson,Conor McDermott,2120,7
Xavier Johnson,Daniel Jackson,2120,15
Xavier Johnson,Eli Cox,2120,15
Xavier Johnson,Graham Mertz,2120,18
Xavier Johnson,Irv Smith,2120,4
Xavier Johnson,J.J. Taylor,2120,9
Xavier Johnson,Jakob Johnson,2120,4
Xavier Johnson,Jarrett Patterson,2120,12
Xavier Johnson,Jawhar Jordan,2120,11
Xavier Johnson,Jaylon Thomas,2120,23
Xavier Johnson,John Metchie III,2120,4
Xavier Johnson,Juice Scruggs,2120,12
Xavier Johnson,Justin Watson,2120,4
Xavier Johnson,Kedon Slovis,2120,9
Xavier Johnson,LaDarius Henderson,2120,19
Xavier Johnson,Luke Lachey,2120,23
Xavier Johnson,Quintez Cephus,2120,19
Xavier Johnson,Tre' McKitty,2120,8
Xavier Johnson,Zach Thomas,2120,20
Xavier Legette,Adam Thielen,0750,5
Xavier Legette,Andy Dalton,0750,6
Xavier Legette,Austin Corbett,0750,8
Xavier Legette,Brady Christensen,0750,6
Xavier Legette,Bryce Young,0750,8
Xavier Legette,Cade Mays,0750,9
Xavier Legette,Chuba Hubbard,0750,8
Xavier Legette,Hunter Renfrow,0750,4
Xavier Legette,Ikem Ekwonu,0750,8
Xavier Legette,Ja'Tavion Sanders,0750,7
Xavier Legette,Ja'Tyre Carter,0750,11
Xavier Legette,James Mitchell,0750,3
Xavier Legette,Jarrett Kingston,0750,6
Xavier Legette,Mitchell Evans,0750,8
Xavier Legette,Rico Dowdle,0750,6
Xavier Legette,Robert Hunt,0750,8
Xavier Legette,Taylor Moton,0750,8
Xavier Legette,Tetairoa McMillan,0750,14
Xavier Legette,Trevor Etienne,0750,1
Xavier Legette,Yosh Nijman,0750,6
Xavier Newman-Johnson,Adrian Martinez,3430,39
Xavier Newman-Johnson,Allen Lazard,3430,8
Xavier Newman-Johnson,Andrew Beck,3430,16
Xavier Newman-Johnson,Arian Smith,3430,62
Xavier Newman-Johnson,Armand Membou,3430,27
Xavier Newman-Johnson,Brady Cook,3430,35
Xavier Newman-Johnson,Braelon Allen,3430,17
Xavier Newman-Johnson,Brandon Smith,3430,62
Xavier Newman-Johnson,Carter Warren,3430,16
Xavier Newman-Johnson,Chukwuma Okorafor,3430,31
Xavier Newman-Johnson,Donovan Edwards,3430,9
Xavier Newman-Johnson,Isaiah Davis,3430,10
Xavier Newman-Johnson,Jamaal Pritchett,3430,30
Xavier Newman-Johnson,Jeremy Ruckert,3430,27
Xavier Newman-Johnson,Josh Myers,3430,36
Xavier Newman-Johnson,Kene Nwangwu,3430,38
Xavier Newman-Johnson,Kohl Levao,3430,74
Xavier Newman-Johnson,Liam Fornadel,3430,16
Xavier Newman-Johnson,Malachi Corley,3430,26
Xavier Newman-Johnson,Marquis Hayes,3430,22
Xavier Newman-Johnson,Max Mitchell,3430,74
Xavier Newman-Johnson,Neal Johnson,3430,1
Xavier Newman-Johnson,Quentin Skinner,3430,4
Xavier Newman-Johnson,Stone Smartt,3430,33
Xavier Newman-Johnson,Tyler Johnson,3430,12
Xavier Newman-Johnson,Zack Kuntz,3430,15
Xavier Restrepo,Andrew Rupcich,2100,32
Xavier Restrepo,Arlington Hambright,2100,7
Xavier Restrepo,Blake Hance,2100,2
Xavier Restrepo,Brandon Allen,2100,17
Xavier Restrepo,Brandon Crenshaw-Dickson,2100,22
Xavier Restrepo,Brenden Jaimes,2100,20
Xavier Restrepo,Chimere Dike,2100,2
Xavier Restrepo,David Martin-Robinson,2100,5
Xavier Restrepo,Drake Dabney,2100,17
Xavier Restrepo,Elic Ayomanor,2100,2
Xavier Restrepo,Jackson Slater,2100,41
Xavier Restrepo,Jaelyn Duncan,2100,38
Xavier Restrepo,James Proche,2100,1
Xavier Restrepo,Jermar Jefferson,2100,8
Xavier Restrepo,Jha'Quan Jackson,2100,16
Xavier Restrepo,John Ojukwu,2100,19
Xavier Restrepo,Jordan Mims,2100,30
Xavier Restrepo,Josh Whyle,2100,14
Xavier Restrepo,Kalel Mullings,2100,3
Xavier Restrepo,Mason Kinsey,2100,27
Xavier Restrepo,Matt Landers,2100,8
Xavier Restrepo,Olisaemeka Udoh,2100,3
Xavier Restrepo,Sam Mustipher,2100,21
Xavier Restrepo,T.J. Sheffield,2100,23
Xavier Restrepo,Thomas Odukoya,2100,8
Xavier Restrepo,Tim Boyle,2100,10
Xavier Restrepo,Trevor Siemian,2100,14
Xavier Smith,A.J. Arcuri,2510,27
Xavier Smith,Anthony Torres,2510,9
Xavier Smith,Beaux Limmer,2510,52
Xavier Smith,Blake Corum,2510,26
Xavier Smith,David Quessenberry,2510,46
Xavier Smith,Davis Allen,2510,35
Xavier Smith,Drake Stoops,2510,52
Xavier Smith,Jarquez Hunter,2510,26
Xavier Smith,Justin Dedich,2510,52
Xavier Smith,KT Leveston,2510,6
Xavier Smith,Konata Mumpfield,2510,51
Xavier Smith,Mario Williams,2510,1
Xavier Smith,Mark Redman,2510,8
Xavier Smith,Stetson Bennett,2510,52
Xavier Smith,Warren McClendon Jr.,2510,25
Xavier Smith,Wyatt Bowles,2510,52
Xavier Thomas,Akeem Davis-Gaither,3800,17
Xavier Thomas,Anthony Goodlow,3800,56
Xavier Thomas,Benton Whitley,3800,30
Xavier Thomas,Cody Simon,3800,48
Xavier Thomas,Dadrion Taylor-Demerson,3800,23
Xavier Thomas,Dante Stills,3800,9
Xavier Thomas,Darren Hall,3800,72
Xavier Thomas,Denzel Burke,3800,53
Xavier Thomas,Ekow Boye-Doe,3800,38
Xavier Thomas,Elijah Jones,3800,48
Xavier Thomas,Elijah Simmons,3800,34
Xavier Thomas,Elliott Brown,3800,45
Xavier Thomas,Jammie Robinson,3800,61
Xavier Thomas,Jaylon Jones,3800,55
Xavier Thomas,Joey Blount,3800,42
Xavier Thomas,Jordan Burch,3800,36
Xavier Thomas,Kei'Trel Clark,3800,48
Xavier Thomas,Kitan Crawford,3800,48
Xavier Thomas,Kyon Barrs,3800,53
Xavier Thomas,L.J. Collier,3800,22
Xavier Thomas,Max Melton,3800,9
Xavier Thomas,Mykal Walker,3800,52
Xavier Thomas,Owen Pappoe,3800,55
Xavier Thomas,PJ Mustipher,3800,45
Xavier Thomas,Patrick Jenkins,3800,35
Xavier Thomas,Steven Gilmore,3800,25
Xavier Thomas,Vi Jones,3800,44
Xavier Thomas,Will Johnson,3800,27
Xavier Truss,A.T. Perry,1400,6
Xavier Truss,Adam Prentice,1400,6
Xavier Truss,Audric EstimÃ©,1400,35
Xavier Truss,Blake Watson,1400,20
Xavier Truss,Caden Prieskorn,1400,37
Xavier Truss,Caleb Lohner,1400,43
Xavier Truss,Clay Webb,1400,55
Xavier Truss,Courtney Jackson,1400,35
Xavier Truss,Frank Crum,1400,3
Xavier Truss,Jerjuan Newton,1400,22
Xavier Truss,Joaquin Davis,1400,32
Xavier Truss,Joseph Michalski,1400,58
Xavier Truss,Kyrese Rowan,1400,27
Xavier Truss,Lucas Krull,1400,3
Xavier Truss,Marques Cox,1400,58
Xavier Truss,Michael Bandy,1400,15
Xavier Truss,Pat Bryant,1400,5
Xavier Truss,Sam Ehlinger,1400,58
Xavier Truss,Tyler Badie,1400,3
Xavier Truss,Will Sherman,1400,58
Xavier Watts,Arnold Ebiketie,0200,17
Xavier Watts,Billy Bowman Jr.,0200,23
Xavier Watts,Bralen Trice,0200,17
Xavier Watts,Brandon Dorlus,0200,17
Xavier Watts,Caleb Johnson,0200,23
Xavier Watts,Cobee Bryant,0200,6
Xavier Watts,DeAngelo Malone,0200,25
Xavier Watts,DeMarcco Hellams,0200,6
Xavier Watts,Dee Alford,0200,14
Xavier Watts,Dontae Manning,0200,8
Xavier Watts,JD Bertrand,0200,8
Xavier Watts,Jalon Walker,0200,12
Xavier Watts,James Pearce Jr.,0200,38
Xavier Watts,Jordan Fuller,0200,32
Xavier Watts,Josh Thompson,0200,11
Xavier Watts,Josh Woods,0200,26
Xavier Watts,Kentavius Street,0200,19
Xavier Watts,Khalid Kareem,0200,2
Xavier Watts,LaCale London,0200,13
Xavier Watts,Lamar Jackson,0200,42
Xavier Watts,Mike Ford,0200,7
Xavier Watts,Morgan Fox,0200,12
Xavier Watts,Natrone Brooks,0200,38
Xavier Watts,Ronnie Harrison,0200,20
Xavier Watts,Ruke Orhorhoro,0200,27
Xavier Watts,Simeon Barrow Jr.,0200,5
Xavier Watts,Ta'Quon Graham,0200,7
Xavier Watts,Zach Harrison,0200,15
Xavier Weaver,Andre Baccellia,3800,39
Xavier Weaver,Bam Knight,3800,8
Xavier Weaver,Christian Jones,3800,16
Xavier Weaver,Clayton Tune,3800,48
Xavier Weaver,Elijah Higgins,3800,29
Xavier Weaver,Emari Demercado,3800,28
Xavier Weaver,Greg Dortch,3800,7
Xavier Weaver,Hayden Conner,3800,31
Xavier Weaver,Jacoby Brissett,3800,32
Xavier Weaver,Jake Curhan,3800,26
Xavier Weaver,Jeremiah Byers,3800,52
Xavier Weaver,Jon Gaines II,3800,30
Xavier Weaver,Josh Fryar,3800,66
Xavier Weaver,Josiah Deguara,3800,41
Xavier Weaver,Michael Carter,3800,37
Xavier Weaver,Nate McCollum,3800,1
Xavier Weaver,Nick Leverett,3800,80
Xavier Weaver,Oscar Cardenas,3800,7
Xavier Weaver,Royce Newman,3800,50
Xavier Weaver,Simi Fehoko,3800,27
Xavier Weaver,Sincere Haynesworth,3800,49
Xavier Weaver,Tejhaun Palmer,3800,48
Xavier Weaver,Tip Reiman,3800,2
Xavier Weaver,Travis Vokolek,3800,39
Xavier Weaver,Trey Benson,3800,7
Xavier Woods,Ali Gaye,2100,1
Xavier Woods,Amani Hooker,2100,27
Xavier Woods,Amani Oruwariye,2100,4
Xavier Woods,Arden Key,2100,20
Xavier Woods,Carlos Watkins,2100,11
Xavier Woods,Cedric Gray,2100,27
Xavier Woods,Cody Barton,2100,27
Xavier Woods,Darrell Baker Jr.,2100,27
Xavier Woods,Dre'Mont Jones,2100,22
Xavier Woods,Gabe Jeudy-Lally,2100,6
Xavier Woods,James Lynch,2100,20
Xavier Woods,James Williams,2100,12
Xavier Woods,Jarvis Brownlee Jr.,2100,27
Xavier Woods,Jeffery Simmons,2100,13
Xavier Woods,Jihad Ward,2100,8
Xavier Woods,Marcus Harris,2100,6
Xavier Woods,Oluwafemi Oladejo,2100,22
Xavier Woods,Quandre Diggs,2100,6
Xavier Woods,Roger McCreary,2100,17
Xavier Woods,Sebastian Joseph-Day,2100,15
Xavier Woods,Timmy Horne,2100,12
Xavier Worthy,Brashard Smith,2310,2
Xavier Worthy,Creed Humphrey,2310,25
Xavier Worthy,Gardner Minshew,2310,6
Xavier Worthy,Isiah Pacheco,2310,14
Xavier Worthy,Jalen Royals,2310,4
Xavier Worthy,Jared Wiley,2310,1
Xavier Worthy,Jawaan Taylor,2310,19
Xavier Worthy,Jaylon Moore,2310,6
Xavier Worthy,Josh Simmons,2310,25
Xavier Worthy,JuJu Smith-Schuster,2310,13
Xavier Worthy,Kareem Hunt,2310,9
Xavier Worthy,Kingsley Suamataia,2310,25
Xavier Worthy,Noah Gray,2310,15
Xavier Worthy,Patrick Mahomes,2310,19
Xavier Worthy,Rashee Rice,2310,19
Xavier Worthy,Robert Tonyan,2310,4
Xavier Worthy,Travis Kelce,2310,13
Xavier Worthy,Trey Smith,2310,25
Xavier Worthy,Tyquan Thornton,2310,6
Xazavian Valladay,Ben Yurosek,3000,3
Xazavian Valladay,Brett Rypien,3000,13
Xazavian Valladay,Bryson Nesbit,3000,11
Xazavian Valladay,Dontae Fleming,3000,18
Xazavian Valladay,Giovanni Ricci,3000,12
Xazavian Valladay,Jeshaun Jones,3000,5
Xazavian Valladay,Joe Huber,3000,26
Xazavian Valladay,Leroy Watson IV,3000,8
Xazavian Valladay,Logan Brown,3000,26
Xazavian Valladay,Lucky Jackson,3000,8
Xazavian Valladay,Max Brosmer,3000,13
Xazavian Valladay,Michael Gonzalez,3000,26
Xazavian Valladay,Myles Price,3000,16
Xazavian Valladay,Nick Vannett,3000,3
Xazavian Valladay,Robert Lewis,3000,11
Xazavian Valladay,Silas Bolden,3000,7
Xazavian Valladay,Thayer Thomas,3000,5
Xazavian Valladay,Tim Jones,3000,5
Xazavian Valladay,Vershon Lee,3000,26
Xazavian Valladay,Zack Bailey,3000,18
Yahya Black,Beanie Bishop Jr.,3900,18
Yahya Black,Brandin Echols,3900,33
Yahya Black,Carson Bruener,3900,4
Yahya Black,Chuck Clark,3900,28
Yahya Black,Cole Holcomb,3900,30
Yahya Black,D'Shawn Jamison,3900,6
Yahya Black,Daniel Ekuale,3900,18
Yahya Black,Darius Slay,3900,3
Yahya Black,Daryl Porter,3900,21
Yahya Black,DeMarvin Leal,3900,30
Yahya Black,DeShon Elliott,3900,3
Yahya Black,Derrick Harmon,3900,4
Yahya Black,Devin Harper,3900,5
Yahya Black,Domenique Davis,3900,2
Yahya Black,Eku Leota,3900,19
Yahya Black,Isaiahh Loudermilk,3900,7
Yahya Black,Jack Sawyer,3900,30
Yahya Black,Jalen Ramsey,3900,3
Yahya Black,James Pierre,3900,37
Yahya Black,Joey Porter Jr.,3900,3
Yahya Black,Juan Thornhill,3900,6
Yahya Black,Julius Welschof,3900,19
Yahya Black,Keeanu Benton,3900,1
Yahya Black,Kyler McMichael,3900,9
Yahya Black,Logan Lee,3900,25
Yahya Black,Malik Harrison,3900,31
Yahya Black,Mark Robinson,3900,16
Yahya Black,Mikey Victor,3900,6
Yahya Black,Miles Killebrew,3900,27
Yahya Black,Patrick Queen,3900,3
Yahya Black,Payton Wilson,3900,9
Yahya Black,Quindell Johnson,3900,13
Yahya Black,Sebastian Castro,3900,21
Yasir Abdullah,Andrew Wingard,2250,9
Yasir Abdullah,Antonio Johnson,2250,11
Yasir Abdullah,Austin Johnson,2250,6
Yasir Abdullah,Aydan White,2250,14
Yasir Abdullah,BJ Green II,2250,13
Yasir Abdullah,Branson Combs,2250,14
Yasir Abdullah,Cam'Ron Silmon-Craig,2250,21
Yasir Abdullah,Chad Muma,2250,23
Yasir Abdullah,Christian Braswell,2250,12
Yasir Abdullah,DaVon Hamilton,2250,5
Yasir Abdullah,Daniel Thomas,2250,11
Yasir Abdullah,Danny Striggow,2250,16
Yasir Abdullah,Darnell Savage,2250,7
Yasir Abdullah,Dawuane Smoot,2250,7
Yasir Abdullah,Deantre Prince,2250,12
Yasir Abdullah,Devin Lloyd,2250,8
Yasir Abdullah,Doneiko Slaughter,2250,14
Yasir Abdullah,Eli Mostaert,2250,5
Yasir Abdullah,Emmanuel Ogbah,2250,6
Yasir Abdullah,Eric Murray,2250,5
Yasir Abdullah,Ethan Downs,2250,14
Yasir Abdullah,Foye Oluokun,2250,5
Yasir Abdullah,Jabbar Muhammad,2250,4
Yasir Abdullah,Jack Kiser,2250,27
Yasir Abdullah,James Carpenter,2250,14
Yasir Abdullah,Jarrian Jones,2250,3
Yasir Abdullah,Jordan Jefferson,2250,21
Yasir Abdullah,Josh Hines-Allen,2250,4
Yasir Abdullah,Jourdan Lewis,2250,5
Yasir Abdullah,Keivie Rose,2250,23
Yasir Abdullah,Keni-H Lovely,2250,11
Yasir Abdullah,Maason Smith,2250,3
Yasir Abdullah,Myles Cole,2250,21
Yasir Abdullah,Rayuan Lane III,2250,22
Yasir Abdullah,Travis Hunter,2250,1
Yasir Abdullah,Travon Walker,2250,5
Yasir Abdullah,Tyler Lacy,2250,9
Yasir Abdullah,Tyson Campbell,2250,3
Yasir Abdullah,Ventrell Miller,2250,9
Yasir Abdullah,Zech McPhearson,2250,7
Yaya Diaby,Calijah Kancey,4900,7
Yaya Diaby,Christian Izien,4900,7
Yaya Diaby,Deion Jones,4900,7
Yaya Diaby,Haason Reddick,4900,7
Yaya Diaby,Jacob Parrish,4900,5
Yaya Diaby,Jamel Dean,4900,7
Yaya Diaby,Logan Hall,4900,2
Yaya Diaby,SirVocea Dennis,4900,7
Yaya Diaby,Tykee Smith,4900,7
Yaya Diaby,Vita Vea,4900,7
Yaya Diaby,Zyon McCollum,4900,7
Yosh Nijman,Andy Dalton,0750,27
Yosh Nijman,Brady Christensen,0750,62
Yosh Nijman,Brandon Walton,0750,42
Yosh Nijman,Bryce Pierre,0750,8
Yosh Nijman,Brycen Tremayne,0750,27
Yosh Nijman,Cade Mays,0750,41
Yosh Nijman,Chandler Zavala,0750,10
Yosh Nijman,David Moore,0750,43
Yosh Nijman,Dominique Dafney,0750,21
Yosh Nijman,Emani Bailey,0750,9
Yosh Nijman,Hunter Renfrow,0750,26
Yosh Nijman,Ja'Seem Reed,0750,2
Yosh Nijman,Ja'Tyre Carter,0750,47
Yosh Nijman,Jack Plummer,0750,47
Yosh Nijman,Jacolby George,0750,10
Yosh Nijman,Jalen Coker,0750,29
Yosh Nijman,James Mitchell,0750,38
Yosh Nijman,Jarrett Kingston,0750,57
Yosh Nijman,Jimmy Horn Jr.,0750,22
Yosh Nijman,Kayron Lynch-Adams,0750,3
Yosh Nijman,Kobe Hudson,0750,10
Yosh Nijman,Luke Kandra,0750,13
Yosh Nijman,Michael Tarquin,0750,12
Yosh Nijman,Mitchell Evans,0750,23
Yosh Nijman,Raheem Blackshear,0750,12
Yosh Nijman,Rico Dowdle,0750,11
Yosh Nijman,Steven Losoya,0750,12
Yosh Nijman,T.J. Luther,0750,10
Yosh Nijman,Tetairoa McMillan,0750,19
Yosh Nijman,Trevor Etienne,0750,40
Yosh Nijman,Tyler Mabry,0750,1
Yosh Nijman,Xavier Legette,0750,6
Zacch Pickens,Alex Cook,0810,63
Zacch Pickens,Amen Ogbongbemiga,0810,25
Zacch Pickens,Andrew Billings,0810,3
Zacch Pickens,Austin Booker,0810,24
Zacch Pickens,Carl Jones,0810,44
Zacch Pickens,Chris Williams,0810,15
Zacch Pickens,Daniel Hardy,0810,48
Zacch Pickens,Dominique Robinson,0810,28
Zacch Pickens,Elijah Hicks,0810,20
Zacch Pickens,Jamree Kromah,0810,42
Zacch Pickens,Jeremiah Walker,0810,51
Zacch Pickens,Jonathan Ford,0810,66
Zacch Pickens,Jonathan Owens,0810,39
Zacch Pickens,Josh Blackwell,0810,22
Zacch Pickens,Kaleb Hayes,0810,23
Zacch Pickens,Major Burns,0810,9
Zacch Pickens,Mark Perry,0810,29
Zacch Pickens,Mekhi Garner,0810,37
Zacch Pickens,Nahshon Wright,0810,12
Zacch Pickens,Nick McCloud,0810,4
Zacch Pickens,Noah Sewell,0810,25
Zacch Pickens,Power Echols,0810,51
Zacch Pickens,Ruben Hyppolite II,0810,38
Zacch Pickens,Swayze Bozeman,0810,34
Zacch Pickens,Tanoh Kpassagnon,0810,17
Zacch Pickens,Terell Smith,0810,27
Zacch Pickens,Tre Flowers,0810,55
Zacch Pickens,Tyrique Stevenson,0810,12
Zacch Pickens,Tysheem Johnson,0810,24
Zacch Pickens,Xavier Carlton,0810,33
Zach Allen,Alex Singleton,1400,7
Zach Allen,Brandon Jones,1400,14
Zach Allen,D.J. Jones,1400,4
Zach Allen,Dondrea Tillman,1400,2
Zach Allen,Eyioma Uwazurike,1400,1
Zach Allen,Ja'Quan McMillian,1400,7
Zach Allen,Jahdae Barron,1400,3
Zach Allen,John Franklin-Myers,1400,6
Zach Allen,Jonah Elliss,1400,5
Zach Allen,Jonathon Cooper,1400,14
Zach Allen,Jordan Jackson,1400,3
Zach Allen,Justin Strnad,1400,13
Zach Allen,Levelle Bailey,1400,7
Zach Allen,Malcolm Roach,1400,5
Zach Allen,Nik Bonitto,1400,7
Zach Allen,Pat Surtain II,1400,14
Zach Allen,Riley Moss,1400,14
Zach Allen,Talanoa Hufanga,1400,14
Zach Charbonnet,AJ Barner,4600,8
Zach Charbonnet,Abraham Lucas,4600,10
Zach Charbonnet,Anthony Bradford,4600,10
Zach Charbonnet,Cooper Kupp,4600,7
Zach Charbonnet,Dareke Young,4600,1
Zach Charbonnet,Elijah Arroyo,4600,2
Zach Charbonnet,Eric Saubert,4600,4
Zach Charbonnet,Grey Zabel,4600,10
Zach Charbonnet,Jake Bobo,4600,1
Zach Charbonnet,Jalen Milroe,4600,1
Zach Charbonnet,Jalen Sundell,4600,10
Zach Charbonnet,Jaxon Smith-Njigba,4600,8
Zach Charbonnet,Josh Jones,4600,10
Zach Charbonnet,Marquez Valdes-Scantling,4600,2
Zach Charbonnet,Robbie Ouzts,4600,5
Zach Charbonnet,Sam Darnold,4600,10
Zach Charbonnet,Tory Horton,4600,1
Zach Cunningham,Ahmed Hassanein,1540,10
Zach Cunningham,Al-Quadin Muhammad,1540,54
Zach Cunningham,Allan George,1540,19
Zach Cunningham,Avonte Maddox,1540,45
Zach Cunningham,Brodric Martin,1540,3
Zach Cunningham,Chris Smith,1540,48
Zach Cunningham,D.J. Miller,1540,12
Zach Cunningham,Dicaprio Bootle,1540,8
Zach Cunningham,Ennis Rakestraw Jr.,1540,15
Zach Cunningham,Erick Hallett,1540,38
Zach Cunningham,Grant Stuard,1540,63
Zach Cunningham,Ian Kennelly,1540,32
Zach Cunningham,Isaac Ukwu,1540,10
Zach Cunningham,Keith Cooper,1540,26
Zach Cunningham,Loren Strickland,1540,15
Zach Cunningham,Luq Barcoo,1540,3
Zach Cunningham,Myles Adams,1540,20
Zach Cunningham,Nate Lynn,1540,30
Zach Cunningham,Nick Whiteside,1540,25
Zach Cunningham,Pat O'Connor,1540,33
Zach Cunningham,Raequan Williams,1540,4
Zach Cunningham,Rock Ya-Sin,1540,63
Zach Cunningham,Trevor Nowaske,1540,22
Zach Cunningham,Tyleik Williams,1540,14
Zach Cunningham,Tyson Russell,1540,18
Zach Davidson,Chase Lundt,0610,52
Zach Davidson,Dan Feeney,0610,28
Zach Davidson,Darrynton Evans,0610,7
Zach Davidson,Deon Cain,0610,12
Zach Davidson,Elijah Moore,0610,13
Zach Davidson,Elijah Young,0610,12
Zach Davidson,Frank Gore Jr.,0610,26
Zach Davidson,Jackson Hawes,0610,6
Zach Davidson,Jacob Bayer,0610,26
Zach Davidson,Josh Palmer,0610,2
Zach Davidson,KJ Hamler,0610,27
Zach Davidson,Kaden Prather,0610,4
Zach Davidson,Keleki Latu,0610,7
Zach Davidson,Kendrick Green,0610,26
Zach Davidson,Kristian Wilkerson,0610,39
Zach Davidson,Laviska Shenault Jr.,0610,11
Zach Davidson,Matt Sokol,0610,5
Zach Davidson,Mike Edwards,0610,37
Zach Davidson,Mike White,0610,13
Zach Davidson,Mitchell Trubisky,0610,14
Zach Davidson,Ray Davis,0610,7
Zach Davidson,Richard Gouraige,0610,52
Zach Davidson,Rush Reimer,0610,17
Zach Davidson,Ryan Van Demark,0610,22
Zach Davidson,Shane Buechele,0610,25
Zach Davidson,Stephen Gosnell,0610,4
Zach Davidson,Tyrell Shavers,0610,26
Zach Frazier,Ben Skowronek,3900,3
Zach Frazier,Brandon Johnson,3900,17
Zach Frazier,Broderick Jones,3900,35
Zach Frazier,Connor Heyward,3900,15
Zach Frazier,Darnell Washington,3900,21
Zach Frazier,Jaylen Warren,3900,7
Zach Frazier,Kaleb Johnson,3900,15
Zach Frazier,Ke'Shawn Williams,3900,1
Zach Frazier,Kenneth Gainwell,3900,12
Zach Frazier,Lance McCutcheon,3900,13
Zach Frazier,Mason McCormick,3900,35
Zach Frazier,Mason Rudolph,3900,34
Zach Frazier,Max Hurleman,3900,8
Zach Frazier,Pat Freiermuth,3900,11
Zach Frazier,Robert Woods,3900,10
Zach Frazier,Roman Wilson,3900,25
Zach Frazier,Scott Miller,3900,16
Zach Frazier,Skylar Thompson,3900,1
Zach Frazier,Spencer Anderson,3900,35
Zach Frazier,Trey Sermon,3900,1
Zach Frazier,Troy Fautanu,3900,35
Zach Harrison,Arnold Ebiketie,0200,13
Zach Harrison,Billy Bowman Jr.,0200,8
Zach Harrison,Bralen Trice,0200,16
Zach Harrison,Brandon Dorlus,0200,4
Zach Harrison,C.J. Henderson,0200,13
Zach Harrison,Caleb Johnson,0200,21
Zach Harrison,Cobee Bryant,0200,4
Zach Harrison,DeAngelo Malone,0200,28
Zach Harrison,DeMarcco Hellams,0200,10
Zach Harrison,Dee Alford,0200,18
Zach Harrison,Dontae Manning,0200,14
Zach Harrison,Henry Black,0200,26
Zach Harrison,JD Bertrand,0200,10
Zach Harrison,Jalon Walker,0200,7
Zach Harrison,James Pearce Jr.,0200,15
Zach Harrison,Jordan Fuller,0200,15
Zach Harrison,Josh Thompson,0200,30
Zach Harrison,Josh Woods,0200,21
Zach Harrison,Keith Taylor,0200,9
Zach Harrison,Kentavius Street,0200,24
Zach Harrison,Khalid Kareem,0200,11
Zach Harrison,LaCale London,0200,13
Zach Harrison,Lamar Jackson,0200,36
Zach Harrison,Mike Ford,0200,17
Zach Harrison,Morgan Fox,0200,13
Zach Harrison,Natrone Brooks,0200,31
Zach Harrison,Nick Kubitz,0200,13
Zach Harrison,Ronnie Harrison,0200,21
Zach Harrison,Ronnie Perkins,0200,3
Zach Harrison,Ruke Orhorhoro,0200,22
Zach Harrison,Simeon Barrow Jr.,0200,6
Zach Harrison,Ta'Quon Graham,0200,3
Zach Harrison,Xavier Watts,0200,15
Zach Horton,Colby Sorsdal,1540,13
Zach Horton,Craig Reynolds,1540,18
Zach Horton,Dan Skipper,1540,36
Zach Horton,Deon Jackson,1540,11
Zach Horton,Dominic Lovett,1540,34
Zach Horton,Giovanni Manu,1540,75
Zach Horton,Gunner Britton,1540,37
Zach Horton,Hendon Hooker,1540,57
Zach Horton,Isaac TeSlaa,1540,35
Zach Horton,Jabari Small,1540,14
Zach Horton,Jackson Meeks,1540,47
Zach Horton,Jacob Saylors,1540,46
Zach Horton,Jakobie Keeney-James,1540,45
Zach Horton,Jamarco Jones,1540,24
Zach Horton,Kayode Awosika,1540,29
Zach Horton,Kenny Yeboah,1540,14
Zach Horton,Kingsley Eguakun,1540,48
Zach Horton,Kyle Allen,1540,42
Zach Horton,Malik Taylor,1540,11
Zach Horton,Mason Miller,1540,63
Zach Horton,Michael Niese,1540,68
Zach Horton,Netane Muti,1540,48
Zach Horton,Ronnie Bell,1540,49
Zach Horton,Shane Zylstra,1540,10
Zach Horton,Sione Vaki,1540,10
Zach Horton,Steven Stilianos,1540,13
Zach Horton,Tate Ratledge,1540,3
Zach Horton,Tom Kennedy,1540,39
Zach Horton,Trystan Colon,1540,14
Zach Horton,Zack Johnson,1540,37
Zach Pascal,Aaron Stinnie,3410,22
Zach Pascal,Antwane Wells Jr.,3410,15
Zach Pascal,Austin Schlottmann,3410,14
Zach Pascal,Bryan Hudson,3410,32
Zach Pascal,Chris Manhertz,3410,6
Zach Pascal,Da'Quan Felton,3410,2
Zach Pascal,Dalen Cambre,3410,4
Zach Pascal,Daniel Bellinger,3410,6
Zach Pascal,Dante Miller,3410,25
Zach Pascal,Devin Singletary,3410,6
Zach Pascal,Greg Dulcich,3410,21
Zach Pascal,Greg Van Roten,3410,8
Zach Pascal,Ihmir Smith-Marsette,3410,1
Zach Pascal,Jaison Williams,3410,22
Zach Pascal,Jake Kubas,3410,45
Zach Pascal,Jameis Winston,3410,7
Zach Pascal,James Hudson,3410,8
Zach Pascal,Jaxson Dart,3410,16
Zach Pascal,Jermaine Eluemunor,3410,8
Zach Pascal,Jermaine Terry,3410,5
Zach Pascal,Jimmy Morrissey,3410,23
Zach Pascal,John Michael Schmitz,3410,8
Zach Pascal,Jon Runyan,3410,8
Zach Pascal,Jonathan Ward,3410,17
Zach Pascal,Jordan Bly,3410,11
Zach Pascal,Joshua Ezeudu,3410,15
Zach Pascal,Lil'Jordan Humphrey,3410,34
Zach Pascal,Marcus Mbow,3410,22
Zach Pascal,Montrell Washington,3410,22
Zach Pascal,Russell Wilson,3410,8
Zach Pascal,Stone Forsythe,3410,30
Zach Pascal,Theo Johnson,3410,5
Zach Pascal,Thomas Fidone II,3410,22
Zach Pascal,Tommy DeVito,3410,22
Zach Pascal,Tyrone Tracy Jr.,3410,5
Zach Pascal,Wan'Dale Robinson,3410,5
Zach Sieler,Benito Jones,2700,5
Zach Sieler,Bradley Chubb,2700,8
Zach Sieler,Chop Robinson,2700,2
Zach Sieler,Elijah Campbell,2700,2
Zach Sieler,Ifeatu Melifonwu,2700,7
Zach Sieler,Jack Jones,2700,6
Zach Sieler,Jaelan Phillips,2700,6
Zach Sieler,Jason Marshall Jr.,2700,4
Zach Sieler,Jordan Phillips,2700,4
Zach Sieler,Jordyn Brooks,2700,2
Zach Sieler,Kendall Sheffield,2700,2
Zach Sieler,Kenneth Grant,2700,1
Zach Sieler,Mike Hilton,2700,1
Zach Sieler,Minkah Fitzpatrick,2700,8
Zach Sieler,Storm Duck,2700,8
Zach Sieler,Tyrel Dodson,2700,8
Zach Sieler,Willie Gay Jr.,2700,6
Zach Thomas,Austin Deculus,2120,87
Zach Thomas,Blake Fisher,2120,10
Zach Thomas,Braxton Berrios,2120,15
Zach Thomas,Brevin Jordan,2120,7
Zach Thomas,British Brooks,2120,9
Zach Thomas,Cade Stover,2120,8
Zach Thomas,Cornell Powell,2120,11
Zach Thomas,Dalton Keene,2120,6
Zach Thomas,Dameon Pierce,2120,10
Zach Thomas,Daniel Jackson,2120,22
Zach Thomas,Dare Ogunbowale,2120,2
Zach Thomas,Davis Mills,2120,9
Zach Thomas,Ed Ingram,2120,10
Zach Thomas,Eli Cox,2120,38
Zach Thomas,Graham Mertz,2120,38
Zach Thomas,Harrison Bryant,2120,19
Zach Thomas,Irv Smith,2120,26
Zach Thomas,J.J. Taylor,2120,9
Zach Thomas,Jakob Johnson,2120,14
Zach Thomas,Jarrett Patterson,2120,59
Zach Thomas,Jawhar Jordan,2120,40
Zach Thomas,Jayden Higgins,2120,33
Zach Thomas,Jaylin Noel,2120,23
Zach Thomas,Jaylon Thomas,2120,82
Zach Thomas,John Metchie III,2120,30
Zach Thomas,Juice Scruggs,2120,59
Zach Thomas,Justin Watson,2120,30
Zach Thomas,Juwann Winfree,2120,15
Zach Thomas,Kedon Slovis,2120,50
Zach Thomas,LaDarius Henderson,2120,43
Zach Thomas,Luke Lachey,2120,54
Zach Thomas,Quintez Cephus,2120,34
Zach Thomas,Tre' McKitty,2120,3
Zach Thomas,Woody Marks,2120,27
Zach Thomas,Xavier Hutchinson,2120,18
Zach Thomas,Xavier Johnson,2120,20
Zach Tom,Aaron Banks,1800,10
Zach Tom,Chris Brooks,1800,15
Zach Tom,Donovan Jennings,1800,16
Zach Tom,Elgton Jenkins,1800,10
Zach Tom,Emanuel Wilson,1800,8
Zach Tom,John FitzPatrick,1800,7
Zach Tom,Jordan Love,1800,10
Zach Tom,Jordan Morgan,1800,26
Zach Tom,Josh Jacobs,1800,3
Zach Tom,Luke Musgrave,1800,16
Zach Tom,Malik Heath,1800,15
Zach Tom,Malik Willis,1800,16
Zach Tom,Matthew Golden,1800,24
Zach Tom,Mecole Hardman,1800,3
Zach Tom,Rasheed Walker,1800,16
Zach Tom,Romeo Doubs,1800,24
Zach Tom,Sean Rhyan,1800,26
Zach Tom,Tucker Kraft,1800,15
Zach Wilson,A.J. Henning,2700,1
Zach Wilson,Alexander Mattison,2700,3
Zach Wilson,Andrew Armstrong,2700,1
Zach Wilson,Braeden Daniels,2700,33
Zach Wilson,Chris Myarick,2700,7
Zach Wilson,Daniel Brunskill,2700,68
Zach Wilson,Dee Eskridge,2700,35
Zach Wilson,Erik Ezukanma,2700,59
Zach Wilson,Germain Ifedi,2700,10
Zach Wilson,Hayden Rucci,2700,14
Zach Wilson,Jackson Carman,2700,55
Zach Wilson,Jaylen Wright,2700,32
Zach Wilson,Jonah Savaiinaea,2700,33
Zach Wilson,Julian Hill,2700,9
Zach Wilson,Kion Smith,2700,68
Zach Wilson,Larry Borom,2700,31
Zach Wilson,Mike Boone,2700,11
Zach Wilson,Nick Westbrook-Ikhine,2700,7
Zach Wilson,Ollie Gordon II,2700,22
Zach Wilson,Patrick Paul,2700,7
Zach Wilson,Pharaoh Brown,2700,27
Zach Wilson,Ryan Hayes,2700,35
Zach Wilson,Tahj Washington,2700,50
Zach Wilson,Tanner Conner,2700,36
Zach Wilson,Tarik Black,2700,26
Zachary Carter,Amari Gainer,2520,2
Zachary Carter,Andre Carter II,2520,30
Zachary Carter,Charles Snowden,2520,32
Zachary Carter,Chris Smith II,2520,32
Zachary Carter,Cody Lindenberg,2520,13
Zachary Carter,Darien Porter,2520,17
Zachary Carter,Darnay Holmes,2520,8
Zachary Carter,Decamerion Richardson,2520,31
Zachary Carter,Eric Stokes,2520,1
Zachary Carter,Greedy Vance,2520,11
Zachary Carter,Hudson Clark,2520,10
Zachary Carter,Isaiah Pola-Mao,2520,13
Zachary Carter,JJ Pegues,2520,17
Zachary Carter,JT Woods,2520,19
Zachary Carter,Jahfari Harvey,2520,2
Zachary Carter,Jamal Adams,2520,12
Zachary Carter,Jaylon Smith,2520,9
Zachary Carter,John Humphrey,2520,3
Zachary Carter,Jonah Laulu,2520,1
Zachary Carter,Kyu Kelly,2520,12
Zachary Carter,Leki Fotu,2520,6
Zachary Carter,Malcolm Koonce,2520,3
Zachary Carter,Matt Jones,2520,28
Zachary Carter,Michael Barrett,2520,10
Zachary Carter,Ovie Oghoufo,2520,10
Zachary Carter,Sam Webb,2520,5
Zachary Carter,Terrell Edmunds,2520,15
Zachary Carter,Thomas Booker,2520,9
Zachary Carter,Tommy Eichenberg,2520,17
Zachary Carter,Tonka Hemingway,2520,32
Zachary Carter,Treven Ma'ae,2520,3
Zachary Carter,Trey Taylor,2520,18
Zachary Carter,Tyree Wilson,2520,9
Zack Bailey,Ben Yurosek,3000,4
Zack Bailey,Brett Rypien,3000,9
Zack Bailey,Bryson Nesbit,3000,10
Zack Bailey,Dontae Fleming,3000,27
Zack Bailey,Giovanni Ricci,3000,9
Zack Bailey,Joe Huber,3000,27
Zack Bailey,Logan Brown,3000,27
Zack Bailey,Max Brosmer,3000,18
Zack Bailey,Michael Gonzalez,3000,27
Zack Bailey,Myles Price,3000,22
Zack Bailey,Nick Vannett,3000,10
Zack Bailey,Robert Lewis,3000,15
Zack Bailey,Silas Bolden,3000,11
Zack Bailey,Tre Stewart,3000,9
Zack Bailey,Vershon Lee,3000,27
Zack Bailey,Xazavian Valladay,3000,18
Zack Johnson,Deon Jackson,1540,12
Zack Johnson,Dominic Lovett,1540,19
Zack Johnson,Giovanni Manu,1540,40
Zack Johnson,Gunnar Oakes,1540,1
Zack Johnson,Gunner Britton,1540,40
Zack Johnson,Hendon Hooker,1540,40
Zack Johnson,Jackson Meeks,1540,20
Zack Johnson,Jacob Saylors,1540,28
Zack Johnson,Jakobie Keeney-James,1540,31
Zack Johnson,Malik Taylor,1540,6
Zack Johnson,Mason Miller,1540,40
Zack Johnson,Michael Niese,1540,40
Zack Johnson,Ronnie Bell,1540,34
Zack Johnson,Steven Stilianos,1540,12
Zack Johnson,Zach Horton,1540,37
Zack Kuntz,Adrian Martinez,3430,43
Zack Kuntz,Alijah Vera-Tucker,3430,2
Zack Kuntz,Andrew Beck,3430,11
Zack Kuntz,Arian Smith,3430,27
Zack Kuntz,Armand Membou,3430,2
Zack Kuntz,Brady Cook,3430,18
Zack Kuntz,Braelon Allen,3430,1
Zack Kuntz,Brandon Smith,3430,22
Zack Kuntz,Breece Hall,3430,2
Zack Kuntz,Carter Warren,3430,53
Zack Kuntz,Chukwuma Okorafor,3430,8
Zack Kuntz,Donovan Edwards,3430,27
Zack Kuntz,Dymere Miller,3430,14
Zack Kuntz,Garrett Wilson,3430,2
Zack Kuntz,Isaiah Davis,3430,1
Zack Kuntz,Jamaal Pritchett,3430,26
Zack Kuntz,Joe Tippmann,3430,2
Zack Kuntz,John Simpson,3430,2
Zack Kuntz,Josh Myers,3430,2
Zack Kuntz,Josh Reynolds,3430,1
Zack Kuntz,Justin Fields,3430,2
Zack Kuntz,Kene Nwangwu,3430,18
Zack Kuntz,Kohl Levao,3430,53
Zack Kuntz,Lawrance Toafili,3430,14
Zack Kuntz,Leander Wiegand,3430,8
Zack Kuntz,Liam Fornadel,3430,50
Zack Kuntz,Malachi Corley,3430,7
Zack Kuntz,Marquis Hayes,3430,55
Zack Kuntz,Mason Taylor,3430,2
Zack Kuntz,Max Mitchell,3430,15
Zack Kuntz,Neal Johnson,3430,12
Zack Kuntz,Olumuyiwa Fashanu,3430,2
Zack Kuntz,Pokey Wilson,3430,25
Zack Kuntz,Quentin Skinner,3430,36
Zack Kuntz,Samuel Jackson,3430,46
Zack Kuntz,Stone Smartt,3430,4
Zack Kuntz,Xavier Newman-Johnson,3430,15
Zaire Barnes,Aaron Smith,3430,36
Zaire Barnes,Braiden McGregor,3430,30
Zaire Barnes,Dean Clark,3430,62
Zaire Barnes,Derrick Nnadi,3430,32
Zaire Barnes,Eric Watts,3430,30
Zaire Barnes,Fatorma Mulbah,3430,23
Zaire Barnes,Francisco Mauigoa,3430,40
Zaire Barnes,Isaiah Oliver,3430,28
Zaire Barnes,Jackson Sirmon,3430,16
Zaire Barnes,Jamin Davis,3430,14
Zaire Barnes,Jarius Monroe,3430,33
Zaire Barnes,Jarrick Bernard-Converse,3430,52
Zaire Barnes,Jay Tufele,3430,7
Zaire Barnes,Jordan Clark,3430,28
Zaire Barnes,Kingsley Jonathan,3430,30
Zaire Barnes,Leonard Taylor III,3430,37
Zaire Barnes,Malachi Moore,3430,48
Zaire Barnes,Marcelino McCrary-Ball,3430,2
Zaire Barnes,Mario Goodrich,3430,27
Zaire Barnes,Michael Carter II,3430,1
Zaire Barnes,Michael Fletcher,3430,16
Zaire Barnes,Payton Page,3430,38
Zaire Barnes,Phidarian Mathis,3430,12
Zaire Barnes,Qwan'tez Stiggers,3430,20
Zaire Barnes,Rashad Weaver,3430,8
Zaire Barnes,Ryan Cooper Jr.,3430,20
Zaire Barnes,Tanner McCalister,3430,28
Zaire Barnes,Tony Adams,3430,1
Zaire Barnes,Tyler Baron,3430,41
Zaire Mitchell-Paden,Andrew Vorhees,0325,2
Zaire Mitchell-Paden,Anthony Miller,0325,20
Zaire Mitchell-Paden,Baylor Cupp,0325,4
Zaire Mitchell-Paden,Ben Cleveland,0325,39
Zaire Mitchell-Paden,Carson Vinson,0325,94
Zaire Mitchell-Paden,Charlie Kolar,0325,7
Zaire Mitchell-Paden,Cooper Rush,0325,29
Zaire Mitchell-Paden,Corey Bullock,0325,35
Zaire Mitchell-Paden,D'Ernest Johnson,0325,45
Zaire Mitchell-Paden,Daniel Faalele,0325,2
Zaire Mitchell-Paden,Darrian Dalcourt,0325,41
Zaire Mitchell-Paden,Dayton Wade,0325,25
Zaire Mitchell-Paden,Devin Leary,0325,67
Zaire Mitchell-Paden,Devontez Walker,0325,40
Zaire Mitchell-Paden,Garrett Dellinger,0325,65
Zaire Mitchell-Paden,Gerad Lichtenhan,0325,63
Zaire Mitchell-Paden,Jahmal Banks,0325,30
Zaire Mitchell-Paden,Jared Penning,0325,43
Zaire Mitchell-Paden,Joe Noteboom,0325,35
Zaire Mitchell-Paden,Keaton Mitchell,0325,4
Zaire Mitchell-Paden,Keith Kirkwood,0325,22
Zaire Mitchell-Paden,LaJohntay Wester,0325,29
Zaire Mitchell-Paden,Lucas Scott,0325,49
Zaire Mitchell-Paden,Malik Cunningham,0325,12
Zaire Mitchell-Paden,Myles Gaskin,0325,13
Zaire Mitchell-Paden,Nick Samac,0325,37
Zaire Mitchell-Paden,Rasheen Ali,0325,34
Zaire Mitchell-Paden,Reid Holskey,0325,24
Zaire Mitchell-Paden,Roger Rosengarten,0325,2
Zaire Mitchell-Paden,Scotty Washington,0325,20
Zaire Mitchell-Paden,Xavier Guillory,0325,28
Zak Zinter,Adin Huntington,1050,1
Zak Zinter,Ahmani Marshall,1050,15
Zak Zinter,Blake Whiteheart,1050,33
Zak Zinter,Brenden Bates,1050,36
Zak Zinter,Bucky Williams,1050,11
Zak Zinter,Cedric Tillman,1050,13
Zak Zinter,Cornelius Lucas,1050,9
Zak Zinter,David Njoku,1050,12
Zak Zinter,Dawand Jones,1050,34
Zak Zinter,Dillon Gabriel,1050,57
Zak Zinter,Diontae Johnson,1050,51
Zak Zinter,Dylan Sampson,1050,5
Zak Zinter,Ethan Pocic,1050,8
Zak Zinter,Gage Larvadain,1050,33
Zak Zinter,Harold Fannin Jr.,1050,10
Zak Zinter,Isaiah Bond,1050,8
Zak Zinter,Jack Conklin,1050,10
Zak Zinter,Jackson Barton,1050,63
Zak Zinter,Jamari Thrash,1050,47
Zak Zinter,Jason Ivey,1050,30
Zak Zinter,Jerome Ford,1050,6
Zak Zinter,Jerry Jeudy,1050,3
Zak Zinter,Joe Flacco,1050,16
Zak Zinter,Kaden Davis,1050,39
Zak Zinter,Luke Wypler,1050,54
Zak Zinter,Pierre Strong,1050,34
Zak Zinter,Sal Cannella,1050,6
Zak Zinter,Teven Jenkins,1050,57
Zak Zinter,Trayveon Williams,1050,13
Zak Zinter,Wyatt Teller,1050,16
Zamir White,Aidan O'Connell,2520,18
Zamir White,Albert Okwuegbunam,2520,2
Zamir White,Alex Bachman,2520,19
Zamir White,Alex Cappa,2520,5
Zamir White,Atonio Mafi,2520,14
Zamir White,Brock Bowers,2520,1
Zamir White,Caleb Rogers,2520,22
Zamir White,Cam Miller,2520,4
Zamir White,Carter Runyon,2520,2
Zamir White,Charles Grant,2520,22
Zamir White,Collin Johnson,2520,9
Zamir White,DJ Glaze,2520,6
Zamir White,Dont'e Thornton Jr.,2520,16
Zamir White,Dylan Parham,2520,6
Zamir White,Geno Smith,2520,6
Zamir White,Ian Thomas,2520,13
Zamir White,Jack Bech,2520,19
Zamir White,Jackson Powers-Johnson,2520,9
Zamir White,Jakobi Meyers,2520,6
Zamir White,Jordan Meredith,2520,9
Zamir White,Justin Shorter,2520,3
Zamir White,Kolton Miller,2520,6
Zamir White,Michael Mayer,2520,5
Zamir White,Phillip Dorsett,2520,3
Zamir White,Qadir Ismail,2520,5
Zamir White,Shedrick Jackson,2520,3
Zamir White,Thayer Munford Jr.,2520,22
Zamir White,Tre Tucker,2520,6
Zamir White,Will Putnam,2520,19
Zaven Collins,Akeem Davis-Gaither,3800,8
Zaven Collins,Baron Browning,3800,10
Zaven Collins,Budda Baker,3800,10
Zaven Collins,Dalvin Tomlinson,3800,5
Zaven Collins,Dante Stills,3800,6
Zaven Collins,Darius Robinson,3800,8
Zaven Collins,Garrett Williams,3800,10
Zaven Collins,Jalen Thompson,3800,10
Zaven Collins,L.J. Collier,3800,2
Zaven Collins,Mack Wilson,3800,10
Zaven Collins,Max Melton,3800,10
Zaven Collins,PJ Mustipher,3800,1
Zaven Collins,Will Johnson,3800,10
Zavier Scott,Ben Yurosek,3000,17
Zavier Scott,Blake Brandel,3000,11
Zavier Scott,Brett Rypien,3000,20
Zavier Scott,Bryson Nesbit,3000,33
Zavier Scott,Dontae Fleming,3000,1
Zavier Scott,Giovanni Ricci,3000,16
Zavier Scott,Henry Byrd,3000,46
Zavier Scott,Jeshaun Jones,3000,34
Zavier Scott,Joe Huber,3000,64
Zavier Scott,Leroy Watson IV,3000,40
Zavier Scott,Logan Brown,3000,18
Zavier Scott,Lucky Jackson,3000,42
Zavier Scott,Max Brosmer,3000,28
Zavier Scott,Michael Gonzalez,3000,17
Zavier Scott,Michael Jurgens,3000,47
Zavier Scott,Myles Price,3000,13
Zavier Scott,Nick Vannett,3000,16
Zavier Scott,Sam Howell,3000,16
Zavier Scott,Tai Felton,3000,33
Zavier Scott,Thayer Thomas,3000,30
Zavier Scott,Tim Jones,3000,21
Zavier Scott,Vershon Lee,3000,47
Zavier Scott,Walter Rouse,3000,30
Zay Jones,Elijah Higgins,3800,4
Zay Jones,Evan Brown,3800,9
Zay Jones,Hjalte Froholdt,3800,9
Zay Jones,Isaiah Adams,3800,9
Zay Jones,James Conner,3800,4
Zay Jones,Jonah Williams,3800,9
Zay Jones,Kyler Murray,3800,9
Zay Jones,Marvin Harrison Jr.,3800,9
Zay Jones,Michael Wilson,3800,3
Zay Jones,Paris Johnson Jr.,3800,9
Zay Jones,Tip Reiman,3800,6
Zay Jones,Trey Benson,3800,5
Zay Jones,Trey McBride,3800,5
Zayne Anderson,Brenton Cox Jr.,1800,1
Zayne Anderson,Carrington Valentine,1800,4
Zayne Anderson,Colby Wooden,1800,1
Zayne Anderson,Devonte Wyatt,1800,3
Zayne Anderson,Edgerrin Cooper,1800,4
Zayne Anderson,Evan Williams,1800,4
Zayne Anderson,Isaiah McDuffie,1800,4
Zayne Anderson,Javon Bullard,1800,4
Zayne Anderson,Karl Brooks,1800,1
Zayne Anderson,Keisean Nixon,1800,4
Zayne Anderson,Kenny Clark,1800,3
Zayne Anderson,Kingsley Enagbare,1800,1
Zayne Anderson,Lukas Van Ness,1800,3
Zayne Anderson,Rashan Gary,1800,3
Zech McPhearson,Antonio Johnson,2250,10
Zech McPhearson,Aydan White,2250,13
Zech McPhearson,BJ Green II,2250,10
Zech McPhearson,Branson Combs,2250,10
Zech McPhearson,Cam'Ron Silmon-Craig,2250,10
Zech McPhearson,Chad Muma,2250,10
Zech McPhearson,Daniel Thomas,2250,10
Zech McPhearson,Danny Striggow,2250,10
Zech McPhearson,Doneiko Slaughter,2250,20
Zech McPhearson,Eli Mostaert,2250,5
Zech McPhearson,Ethan Downs,2250,11
Zech McPhearson,Jack Kiser,2250,20
Zech McPhearson,James Carpenter,2250,15
Zech McPhearson,Jordan Jefferson,2250,5
Zech McPhearson,Keivie Rose,2250,15
Zech McPhearson,Myles Cole,2250,9
Zech McPhearson,Rayuan Lane III,2250,10
Zech McPhearson,Yasir Abdullah,2250,7
Zeek Biggers,Alex Huntley,2700,25
Zeek Biggers,BJ Adams,2700,31
Zeek Biggers,Ben Stille,2700,24
Zeek Biggers,Cam Smith,2700,28
Zeek Biggers,Cameron Dantzler,2700,9
Zeek Biggers,Cameron Goode,2700,40
Zeek Biggers,Channing Tindall,2700,59
Zeek Biggers,Chop Robinson,2700,1
Zeek Biggers,Cornell Armstrong,2700,17
Zeek Biggers,Dequan Jackson,2700,38
Zeek Biggers,Derrick McLendon,2700,47
Zeek Biggers,Elijah Campbell,2700,7
Zeek Biggers,Ethan Bonner,2700,2
Zeek Biggers,Ethan Robinson,2700,23
Zeek Biggers,Eugene Asante,2700,30
Zeek Biggers,Grayson Murphy,2700,37
Zeek Biggers,Ifeatu Melifonwu,2700,2
Zeek Biggers,Isaiah Johnson,2700,46
Zeek Biggers,Jack Jones,2700,14
Zeek Biggers,Jason Marshall Jr.,2700,21
Zeek Biggers,John Saunders Jr.,2700,46
Zeek Biggers,Jordan Colbert,2700,53
Zeek Biggers,Jordan Phillips,2700,15
Zeek Biggers,K.J. Britt,2700,7
Zeek Biggers,Kendall Sheffield,2700,2
Zeek Biggers,Kenneth Grant,2700,1
Zeek Biggers,Matt Dickerson,2700,32
Zeek Biggers,Matthew Butler,2700,7
Zeek Biggers,Matthew Judon,2700,1
Zeek Biggers,Mike Hilton,2700,3
Zeek Biggers,Mohamed Kamara,2700,8
Zeek Biggers,Patrick McMorris,2700,25
Zeek Biggers,Quinton Bell,2700,10
Zeek Biggers,Storm Duck,2700,5
Zeek Biggers,Willie Gay Jr.,2700,4
Zeke Correll,Brett Rypien,3000,2
Zeke Correll,Bryson Nesbit,3000,5
Zeke Correll,Dontae Fleming,3000,7
Zeke Correll,Giovanni Ricci,3000,4
Zeke Correll,Jeshaun Jones,3000,2
Zeke Correll,Joe Huber,3000,9
Zeke Correll,Leroy Watson IV,3000,9
Zeke Correll,Logan Brown,3000,7
Zeke Correll,Max Brosmer,3000,7
Zeke Correll,Myles Price,3000,3
Zeke Correll,Nick Vannett,3000,4
Zeke Correll,Silas Bolden,3000,7
Zeke Correll,Thayer Thomas,3000,2
Zeke Correll,Tim Jones,3000,2
Zeke Correll,Tre Stewart,3000,9
Zeke Correll,Vershon Lee,3000,9
Zeke Correll,Walter Rouse,3000,2
Zemaiah Vaughn,Ambry Thomas,3000,21
Zemaiah Vaughn,Austin Keys,3000,53
Zemaiah Vaughn,Bo Richter,3000,57
Zemaiah Vaughn,Brian Asamoah,3000,13
Zemaiah Vaughn,Cam Gill,3000,18
Zemaiah Vaughn,Chaz Chambliss,3000,62
Zemaiah Vaughn,Dorian Mausi,3000,24
Zemaiah Vaughn,Dwight McGlothern,3000,60
Zemaiah Vaughn,Elijah Williams,3000,44
Zemaiah Vaughn,Gabriel Murphy,3000,44
Zemaiah Vaughn,Gervarrius Owens,3000,4
Zemaiah Vaughn,Jalen Redmond,3000,8
Zemaiah Vaughn,Jay Ward,3000,72
Zemaiah Vaughn,Jonathan Harris,3000,37
Zemaiah Vaughn,Kahlef Hailassie,3000,44
Zemaiah Vaughn,Kobe King,3000,84
Zemaiah Vaughn,Levi Drake Rodriguez,3000,30
Zemaiah Vaughn,Mekhi Blackmon,3000,78
Zemaiah Vaughn,Mishael Powell,3000,25
Zemaiah Vaughn,Reddy Steward,3000,14
Zemaiah Vaughn,Taki Taimani,3000,32
Zemaiah Vaughn,Tavierre Thomas,3000,77
Zemaiah Vaughn,Travis Bell,3000,29
Zemaiah Vaughn,Tyler Batty,3000,40
Zemaiah Vaughn,Tyrion Ingram-Dawkins,3000,50
Zion Childress,Alijah Clark,1200,32
Zion Childress,Andrew Booth,1200,18
Zion Childress,Bruce Harmon,1200,16
Zion Childress,Buddy Johnson,1200,23
Zion Childress,Christian Matthew,1200,37
Zion Childress,Damone Clark,1200,2
Zion Childress,Darius Harris,1200,45
Zion Childress,Denzel Daxon,1200,28
Zion Childress,Donovan Ezeiruaku,1200,15
Zion Childress,Earnest Brown IV,1200,32
Zion Childress,Israel Mukuamu,1200,58
Zion Childress,Jack Sanborn,1200,9
Zion Childress,James Houston,1200,57
Zion Childress,Jay Toia,1200,34
Zion Childress,Juanyeh Thomas,1200,11
Zion Childress,Justin Barron,1200,24
Zion Childress,Kaiir Elam,1200,7
Zion Childress,Marist Liufau,1200,9
Zion Childress,Markquese Bell,1200,9
Zion Childress,Marshawn Kneeland,1200,6
Zion Childress,Mazi Smith,1200,11
Zion Childress,Michael Ojemudia,1200,17
Zion Childress,Mike Smith Jr.,1200,67
Zion Childress,Payton Turner,1200,17
Zion Childress,Perrion Winfrey,1200,27
Zion Childress,Robert Rochell,1200,14
Zion Childress,Sam Williams,1200,7
Zion Childress,Shemar James,1200,46
Zion Childress,Tommy Akingbesote,1200,27
Zion Childress,Troy Pride,1200,30
Zion Childress,Tyrus Wheat,1200,55
Zion Johnson,Andre James,4400,10
Zion Johnson,Bradley Bozeman,4400,7
Zion Johnson,Corey Stewart,4400,21
Zion Johnson,Dalevon Campbell,4400,1
Zion Johnson,Derius Davis,4400,7
Zion Johnson,Hassan Haskins,4400,4
Zion Johnson,JaQuae Jackson,4400,1
Zion Johnson,Jamaree Salyer,4400,28
Zion Johnson,Jaret Patterson,4400,4
Zion Johnson,Jaylen Johnson,4400,5
Zion Johnson,Joe Alt,4400,7
Zion Johnson,Justin Herbert,4400,7
Zion Johnson,Karsen Barnhart,4400,21
Zion Johnson,KeAndre Lambert-Smith,4400,23
Zion Johnson,Keenan Allen,4400,5
Zion Johnson,Kimani Vidal,4400,8
Zion Johnson,Ladd McConkey,4400,7
Zion Johnson,Omarion Hampton,4400,12
Zion Johnson,Oronde Gadsden II,4400,13
Zion Johnson,Quentin Johnston,4400,3
Zion Johnson,Scott Matlock,4400,9
Zion Johnson,Taylor Heinicke,4400,10
Zion Johnson,Tre Harris,4400,18
Zion Johnson,Trey Lance,4400,11
Zion Johnson,Trey Pipkins,4400,18
Zion Johnson,Tucker Fisk,4400,7
Zion Johnson,Tyler Conklin,4400,6
Zion Johnson,Will Dissly,4400,7
Zion Logue,Brandon Codrington,0610,30
Zion Logue,Casey Rogers,0610,35
Zion Logue,Cole Bishop,0610,3
Zion Logue,Daequan Hardy,0610,27
Zion Logue,Damar Hamlin,0610,6
Zion Logue,Dane Jackson,0610,23
Zion Logue,Darrick Forrest,0610,43
Zion Logue,DeWayne Carter,0610,3
Zion Logue,Dorian Strong,0610,38
Zion Logue,Dorian Williams,0610,16
Zion Logue,Edefuan Ulofoshio,0610,51
Zion Logue,Garnett Hollis Jr.,0610,9
Zion Logue,Ja'Marcus Ingram,0610,37
Zion Logue,Javon Solomon,0610,15
Zion Logue,Jimmy Ciarlo,0610,38
Zion Logue,Joe Andreessen,0610,23
Zion Logue,Jordan Hancock,0610,32
Zion Logue,Justin Hollins,0610,21
Zion Logue,Keonta Jenkins,0610,21
Zion Logue,Landon Jackson,0610,10
Zion Logue,Marcus Harris,0610,29
Zion Logue,Michael Hoecht,0610,20
Zion Logue,Nelson Ceaser,0610,19
Zion Logue,Paris Shand,0610,49
Zion Logue,Te'Cory Couch,0610,10
Zion Logue,Tre Herndon,0610,22
Zion Logue,Wande Owens,0610,28
Zion Logue,Zy Alexander,0610,12
Zy Alexander,Casey Rogers,0610,9
Zy Alexander,Daequan Hardy,0610,22
Zy Alexander,Dane Jackson,0610,4
Zy Alexander,Darrick Forrest,0610,22
Zy Alexander,DeWayne Carter,0610,10
Zy Alexander,Edefuan Ulofoshio,0610,22
Zy Alexander,Garnett Hollis Jr.,0610,18
Zy Alexander,Javon Solomon,0610,3
Zy Alexander,Jimmy Ciarlo,0610,22
Zy Alexander,Landon Jackson,0610,3
Zy Alexander,Larry Ogunjobi,0610,3
Zy Alexander,Marcus Harris,0610,10
Zy Alexander,Michael Hoecht,0610,12
Zy Alexander,Nelson Ceaser,0610,11
Zy Alexander,Paris Shand,0610,15
Zy Alexander,Tre Herndon,0610,22
Zy Alexander,Zion Logue,0610,12
Zyon McCollum,Calijah Kancey,4900,7
Zyon McCollum,Christian Izien,4900,7
Zyon McCollum,Deion Jones,4900,7
Zyon McCollum,Haason Reddick,4900,7
Zyon McCollum,Jacob Parrish,4900,5
Zyon McCollum,Jamel Dean,4900,7
Zyon McCollum,Logan Hall,4900,2
Zyon McCollum,SirVocea Dennis,4900,7
Zyon McCollum,Tykee Smith,4900,7
Zyon McCollum,Vita Vea,4900,7
Zyon McCollum,Yaya Diaby,4900,7
